-0.0156795	1.89919e-07
0.0156795	1.89919e-07
0.0470386	2.19242e-07
0.0783977	2.81475e-07
0.109757	3.84144e-07
0.141116	5.39308e-07
0.172475	7.64595e-07
0.203834	1.0846e-06
0.235193	1.53269e-06
0.266552	2.15344e-06
0.297911	3.00549e-06
0.32927	4.16516e-06
0.36063	5.73076e-06
0.391989	7.82761e-06
0.423348	1.06139e-05
0.454707	1.42874e-05
0.486066	1.90927e-05
0.517425	2.53297e-05
0.548784	3.33616e-05
0.580143	4.36245e-05
0.611502	5.66361e-05
0.642861	7.30043e-05
0.674221	9.34349e-05
0.70558	0.000118738
0.736939	0.000149833
0.768298	0.000187748
0.799657	0.000233623
0.831016	0.000288698
0.862375	0.00035431
0.893734	0.000431872
0.925093	0.000522856
0.956452	0.00062877
0.987811	0.000751125
1.01917	0.000891403
1.05053	0.00105102
1.08189	0.0012313
1.11325	0.0014334
1.14461	0.00165835
1.17597	0.00190693
1.20733	0.00217975
1.23868	0.00247716
1.27004	0.00279931
1.3014	0.00314618
1.33276	0.0035176
1.36412	0.00391335
1.39548	0.00433324
1.42684	0.0047773
1.4582	0.00524584
1.48956	0.00573974
1.52092	0.00626056
1.55228	0.00681087
1.58363	0.0073944
1.61499	0.00801634
1.64635	0.00868355
1.67771	0.0094048
1.70907	0.0101909
1.74043	0.0110549
1.77179	0.0120121
1.80315	0.0130799
1.83451	0.0142778
1.86587	0.0156269
1.89723	0.0171499
1.92858	0.0188697
1.95994	0.0208094
1.9913	0.022991
2.02266	0.0254856
2.05402	0.028518
2.08538	0.0321459
2.11674	0.0364157
2.1481	0.0413564
2.17946	0.046973
2.21082	0.0532392
2.24218	0.0600898
2.27353	0.0674139
2.30489	0.0750489
2.33625	0.0827762
2.36761	0.090319
2.39897	0.097344
2.43033	0.103466
2.46169	0.108261
2.49305	0.111276
2.50873	0.11157
