-0.0156795	-0.00473805
0.0156795	-0.00473805
0.0470386	-0.00416132
0.0783977	-0.00300968
0.109757	-0.00128709
0.141116	0.00099971
0.172475	0.00384029
0.203834	0.00721946
0.235193	0.0111161
0.266552	0.0155018
0.297911	0.02034
0.32927	0.0255848
0.36063	0.0311806
0.391989	0.0370616
0.423348	0.0431521
0.454707	0.0493673
0.486066	0.0556145
0.517425	0.061795
0.548784	0.0678059
0.580143	0.0735434
0.611502	0.078905
0.642861	0.0837933
0.674221	0.0881183
0.70558	0.0918012
0.736939	0.0947763
0.768298	0.0969938
0.799657	0.0984211
0.831016	0.0990442
0.862375	0.0988676
0.893734	0.0979144
0.925093	0.0962246
0.956452	0.0938543
0.987811	0.0908724
1.01917	0.0873589
1.05053	0.0834011
1.08189	0.0790911
1.11325	0.0745222
1.14461	0.0697866
1.17597	0.0649721
1.20733	0.0601598
1.23868	0.055423
1.27004	0.0508248
1.3014	0.0464178
1.33276	0.0422439
1.36412	0.0383337
1.39548	0.0347076
1.42684	0.0313763
1.4582	0.0283418
1.48956	0.0255987
1.52092	0.0231357
1.55228	0.0209366
1.58363	0.0189818
1.61499	0.0172496
1.64635	0.0157171
1.67771	0.0143612
1.70907	0.0131595
1.74043	0.0120909
1.77179	0.011136
1.80315	0.0102772
1.83451	0.00949942
1.86587	0.00878954
1.89723	0.00813675
1.92858	0.00753234
1.95994	0.00696946
1.9913	0.00644298
2.02266	0.00594578
2.05402	0.00546389
2.08538	0.00499676
2.11674	0.00454467
2.1481	0.00410863
2.17946	0.00369028
2.21082	0.00329182
2.24218	0.00291588
2.27353	0.00256546
2.30489	0.00224383
2.33625	0.00195453
2.36761	0.00170135
2.39897	0.0014884
2.43033	0.00132016
2.46169	0.00120173
2.49305	0.00113899
2.50873	0.00113899
