-0.0156795	1.26786e-07
0.0156795	1.26786e-07
0.0470386	1.47141e-07
0.0783977	1.90487e-07
0.109757	2.62298e-07
0.141116	3.71456e-07
0.172475	5.30984e-07
0.203834	7.59175e-07
0.235193	1.0811e-06
0.266552	1.53045e-06
0.297911	2.15201e-06
0.32927	3.00456e-06
0.36063	4.16455e-06
0.391989	5.73033e-06
0.423348	7.8273e-06
0.454707	1.06137e-05
0.486066	1.42873e-05
0.517425	1.90927e-05
0.548784	2.53297e-05
0.580143	3.33616e-05
0.611502	4.36245e-05
0.642861	5.66361e-05
0.674221	7.30043e-05
0.70558	9.34349e-05
0.736939	0.000118738
0.768298	0.000149833
0.799657	0.000187748
0.831016	0.000233623
0.862375	0.000288698
0.893734	0.00035431
0.925093	0.000431872
0.956452	0.000522856
0.987811	0.00062877
1.01917	0.000751125
1.05053	0.000891403
1.08189	0.00105102
1.11325	0.0012313
1.14461	0.0014334
1.17597	0.00165835
1.20733	0.00190693
1.23868	0.00217975
1.27004	0.00247716
1.3014	0.00279931
1.33276	0.00314618
1.36412	0.0035176
1.39548	0.00391335
1.42684	0.00433324
1.4582	0.0047773
1.48956	0.00524584
1.52092	0.00573974
1.55228	0.00626056
1.58363	0.00681087
1.61499	0.0073944
1.64635	0.00801634
1.67771	0.00868355
1.70907	0.0094048
1.74043	0.0101909
1.77179	0.0110549
1.80315	0.0120121
1.83451	0.0130799
1.86587	0.0142778
1.89723	0.0156269
1.92858	0.0171499
1.95994	0.0188697
1.9913	0.0208094
2.02266	0.0230421
2.05402	0.0257921
2.08538	0.0291154
2.11674	0.0330576
2.1481	0.0376477
2.17946	0.0428922
2.21082	0.048769
2.24218	0.0552209
2.27353	0.0621496
2.30489	0.069411
2.33625	0.0768112
2.36761	0.0841054
2.39897	0.090998
2.43033	0.0971473
2.46169	0.102173
2.49305	0.105668
2.50873	0.106348
