-0.0156795	7.16818e-06
0.0156795	7.16818e-06
0.0470386	7.88122e-06
0.0783977	9.3562e-06
0.109757	1.16924e-05
0.141116	1.50427e-05
0.172475	1.96178e-05
0.203834	2.5692e-05
0.235193	3.36097e-05
0.266552	4.37932e-05
0.297911	5.67499e-05
0.32927	7.30805e-05
0.36063	9.34855e-05
0.391989	0.000118771
0.423348	0.000149855
0.454707	0.000187762
0.486066	0.000233632
0.517425	0.000288704
0.548784	0.000354314
0.580143	0.000431874
0.611502	0.000522857
0.642861	0.000628771
0.674221	0.000751125
0.70558	0.000891403
0.736939	0.00105102
0.768298	0.0012313
0.799657	0.0014334
0.831016	0.00165835
0.862375	0.00190693
0.893734	0.00217975
0.925093	0.00247716
0.956452	0.00279931
0.987811	0.00314618
1.01917	0.0035176
1.05053	0.00391335
1.08189	0.00433324
1.11325	0.0047773
1.14461	0.00524584
1.17597	0.00573974
1.20733	0.00626056
1.23868	0.00681087
1.27004	0.0073944
1.3014	0.00801634
1.33276	0.00868355
1.36412	0.0094048
1.39548	0.0101909
1.42684	0.0110549
1.4582	0.0120121
1.48956	0.0130799
1.52092	0.0142778
1.55228	0.0156269
1.58363	0.0171499
1.61499	0.0188697
1.64635	0.0208094
1.67771	0.022991
1.70907	0.0254342
1.74043	0.0281553
1.77179	0.0311662
1.80315	0.0344725
1.83451	0.0380726
1.86587	0.0419565
1.89723	0.0461044
1.92858	0.0504864
1.95994	0.0550616
1.9913	0.0597784
2.02266	0.0646202
2.05402	0.0696935
2.08538	0.0749458
2.11674	0.0803116
2.1481	0.085711
2.17946	0.0910499
2.21082	0.0962196
2.24218	0.101097
2.27353	0.105546
2.30489	0.109416
2.33625	0.112546
2.36761	0.114763
2.39897	0.115888
2.43033	0.115732
2.46169	0.114104
2.49305	0.110813
2.50873	0.108214
