-0.0156795	3.46945e-18
0.0156795	3.46945e-18
0.0470386	0
0.0783977	-1.57209e-18
0.109757	1.73472e-18
0.141116	-6.83047e-18
0.172475	-2.05998e-18
0.203834	0
0.235193	-5.20417e-18
0.266552	4.77049e-18
0.297911	-5.20417e-18
0.32927	3.90313e-18
0.36063	8.23994e-18
0.391989	-1.30104e-17
0.423348	6.93889e-18
0.454707	-1.30104e-17
0.486066	1.56125e-17
0.517425	-1.56125e-17
0.548784	1.38778e-17
0.580143	-8.67362e-18
0.611502	0
0.642861	2.77556e-17
0.674221	-3.81639e-17
0.70558	4.51028e-17
0.736939	3.57121e-11
0.768298	1.63658e-10
0.799657	3.46165e-10
0.831016	5.9238e-10
0.862375	9.58781e-10
0.893734	1.51391e-09
0.925093	2.39125e-09
0.956452	3.75622e-09
0.987811	5.88779e-09
1.01917	9.17611e-09
1.05053	1.42116e-08
1.08189	2.18644e-08
1.11325	3.33884e-08
1.14461	5.06187e-08
1.17597	7.61668e-08
1.20733	1.13753e-07
1.23868	1.68623e-07
1.27004	2.48087e-07
1.3014	3.6228e-07
1.33276	5.25096e-07
1.36412	7.55419e-07
1.39548	1.07871e-06
1.42684	1.52893e-06
1.4582	2.15105e-06
1.48956	3.00397e-06
1.52092	4.16421e-06
1.55228	5.73017e-06
1.58363	7.82726e-06
1.61499	1.06137e-05
1.64635	1.42873e-05
1.67771	1.90927e-05
1.70907	2.53297e-05
1.74043	3.33616e-05
1.77179	4.36245e-05
1.80315	5.66361e-05
1.83451	7.30043e-05
1.86587	9.34349e-05
1.89723	0.000118738
1.92858	0.000149833
1.95994	0.000187748
1.9913	0.000233623
2.02266	0.000273199
2.05402	0.000263143
2.08538	0.000219128
2.11674	0.000154937
2.1481	8.20811e-05
2.17946	9.62283e-06
2.21082	-5.58084e-05
2.24218	-0.000109843
2.27353	-0.00015007
2.30489	-0.000175651
2.33625	-0.000186861
2.36761	-0.000184594
2.39897	-0.000169821
2.43033	-0.000142997
2.46169	-0.000103345
2.49305	-4.7929e-05
2.50873	-6.41351e-06
