-0.0156795	0.00911054
0.0156795	0.00911054
0.0470386	0.00915919
0.0783977	0.00925734
0.109757	0.00940675
0.141116	0.00961018
0.172475	0.00987156
0.203834	0.0101961
0.235193	0.0105905
0.266552	0.0110631
0.297911	0.0116243
0.32927	0.0122862
0.36063	0.0130631
0.391989	0.0139713
0.423348	0.0150289
0.454707	0.0162557
0.486066	0.0176727
0.517425	0.0193016
0.548784	0.0211638
0.580143	0.0232797
0.611502	0.0256678
0.642861	0.028343
0.674221	0.031316
0.70558	0.0345912
0.736939	0.038166
0.768298	0.0420295
0.799657	0.0461611
0.831016	0.05053
0.862375	0.055095
0.893734	0.0598038
0.925093	0.0645937
0.956452	0.0693928
0.987811	0.0741209
1.01917	0.0786913
1.05053	0.0830136
1.08189	0.0869958
1.11325	0.0905477
1.14461	0.0935836
1.17597	0.0960255
1.20733	0.097806
1.23868	0.0988712
1.27004	0.0991822
1.3014	0.0987175
1.33276	0.0974737
1.36412	0.0954657
1.39548	0.0927265
1.42684	0.0893057
1.4582	0.0852685
1.48956	0.0806925
1.52092	0.0756656
1.55228	0.0702826
1.58363	0.0646423
1.61499	0.0588442
1.64635	0.0529853
1.67771	0.0471576
1.70907	0.0414459
1.74043	0.0359254
1.77179	0.0306607
1.80315	0.0257048
1.83451	0.0210989
1.86587	0.0168723
1.89723	0.0130429
1.92858	0.00961849
1.95994	0.00659729
1.9913	0.00396967
2.02266	0.00170356
2.05402	-0.000266495
2.08538	-0.00194871
2.11674	-0.0033561
2.1481	-0.0045059
2.17946	-0.00541891
2.21082	-0.00611878
2.24218	-0.00663136
2.27353	-0.00698397
2.30489	-0.00720478
2.33625	-0.00732211
2.36761	-0.00736391
2.39897	-0.00735703
2.43033	-0.00732661
2.46169	-0.00729514
2.49305	-0.00728134
2.50873	-0.00728921
