-0.0156795	0.000106649
0.0156795	0.000106649
0.0470386	6.32657e-05
0.0783977	-2.31591e-05
0.109757	-0.000151934
0.141116	-0.000322001
0.172475	-0.000531903
0.203834	-0.000779758
0.235193	-0.00106321
0.266552	-0.00137936
0.297911	-0.00172476
0.32927	-0.00209526
0.36063	-0.00248602
0.391989	-0.00289134
0.423348	-0.00330462
0.454707	-0.00371819
0.486066	-0.00412322
0.517425	-0.00450959
0.548784	-0.00486569
0.580143	-0.00517834
0.611502	-0.00543256
0.642861	-0.00561151
0.674221	-0.00569633
0.70558	-0.00566611
0.736939	-0.00549787
0.768298	-0.00516664
0.799657	-0.00464566
0.831016	-0.00390671
0.862375	-0.00292056
0.893734	-0.0016576
0.925093	-8.86708e-05
0.956452	0.001814
0.987811	0.00407565
1.01917	0.0067177
1.05053	0.00975643
1.08189	0.0132015
1.11325	0.0170547
1.14461	0.0213084
1.17597	0.0259448
1.20733	0.0309347
1.23868	0.0362373
1.27004	0.0417999
1.3014	0.0475581
1.33276	0.0534373
1.36412	0.0593535
1.39548	0.0652153
1.42684	0.0709266
1.4582	0.0763891
1.48956	0.0815053
1.52092	0.0861819
1.55228	0.0903326
1.58363	0.0938817
1.61499	0.0967662
1.64635	0.0989385
1.67771	0.100368
1.70907	0.101043
1.74043	0.100968
1.77179	0.100169
1.80315	0.0986861
1.83451	0.0965759
1.86587	0.0939081
1.89723	0.0907625
1.92858	0.0872263
1.95994	0.0833908
1.9913	0.0793486
2.02266	0.0751609
2.05402	0.0708057
2.08538	0.0663599
2.11674	0.0619011
2.1481	0.0575051
2.17946	0.0532439
2.21082	0.0491835
2.24218	0.0453825
2.27353	0.0418907
2.30489	0.0387487
2.33625	0.0359882
2.36761	0.0336333
2.39897	0.0317026
2.43033	0.0302131
2.46169	0.0291847
2.49305	0.0286472
2.50873	0.0286472
