-0.0156795	0.189605
0.0156795	0.189605
0.0470386	0.18835
0.0783977	0.185862
0.109757	0.182189
0.141116	0.177401
0.172475	0.171584
0.203834	0.164844
0.235193	0.157301
0.266552	0.149084
0.297911	0.14033
0.32927	0.131179
0.36063	0.12177
0.391989	0.112239
0.423348	0.102715
0.454707	0.0933167
0.486066	0.0841514
0.517425	0.0753129
0.548784	0.0668801
0.580143	0.0589164
0.611502	0.0514701
0.642861	0.0445745
0.674221	0.0382488
0.70558	0.0324992
0.736939	0.0273207
0.768298	0.0226984
0.799657	0.0186094
0.831016	0.0150246
0.862375	0.0119103
0.893734	0.00922981
0.925093	0.00694489
0.956452	0.00501695
0.987811	0.00340807
1.01917	0.00208181
1.05053	0.00100381
1.08189	0.000142159
1.11325	-0.000532356
1.14461	-0.00104617
1.17597	-0.00142295
1.20733	-0.00168376
1.23868	-0.00184721
1.27004	-0.00192965
1.3014	-0.00194545
1.33276	-0.00190717
1.36412	-0.00182584
1.39548	-0.00171108
1.42684	-0.00157134
1.4582	-0.00141397
1.48956	-0.00124539
1.52092	-0.00107116
1.55228	-0.000896036
1.58363	-0.000724059
1.61499	-0.000558582
1.64635	-0.000402322
1.67771	-0.0002574
1.70907	-0.00012538
1.74043	-7.31585e-06
1.77179	9.62006e-05
1.80315	0.000184992
1.83451	0.000259238
1.86587	0.000319426
1.89723	0.00036629
1.92858	0.00040076
1.95994	0.000423907
1.9913	0.000436899
2.02266	0.000440984
2.05402	0.0004372
2.08538	0.000426373
2.11674	0.000409409
2.1481	0.000387277
2.17946	0.000360993
2.21082	0.000331607
2.24218	0.000300193
2.27353	0.000267838
2.30489	0.000235641
2.33625	0.000204701
2.36761	0.000176127
2.39897	0.000151027
2.43033	0.000130519
2.46169	0.000115725
2.49305	0.00010777
2.50873	0.00010777
