-0.0156795	0.0800291
0.0156795	0.0800291
0.0470386	0.0805769
0.0783977	0.0816526
0.109757	0.0832169
0.141116	0.0852126
0.172475	0.0875656
0.203834	0.090188
0.235193	0.09298
0.266552	0.0958333
0.297911	0.0986348
0.32927	0.101269
0.36063	0.103625
0.391989	0.105594
0.423348	0.107079
0.454707	0.107996
0.486066	0.108275
0.517425	0.107865
0.548784	0.106733
0.580143	0.104868
0.611502	0.102276
0.642861	0.0989869
0.674221	0.0950454
0.70558	0.0905143
0.736939	0.0854698
0.768298	0.0799988
0.799657	0.0741959
0.831016	0.0681599
0.862375	0.0619904
0.893734	0.0557846
0.925093	0.0496348
0.956452	0.0436257
0.987811	0.0378323
1.01917	0.032319
1.05053	0.0271382
1.08189	0.0223302
1.11325	0.0179233
1.14461	0.0139343
1.17597	0.0103696
1.20733	0.00722606
1.23868	0.00449252
1.27004	0.00215125
1.3014	0.000179319
1.33276	-0.00144996
1.36412	-0.00276577
1.39548	-0.00379858
1.42684	-0.00457922
1.4582	-0.00513801
1.48956	-0.00550414
1.52092	-0.0057052
1.55228	-0.00576683
1.58363	-0.00571257
1.61499	-0.00556375
1.64635	-0.00533948
1.67771	-0.00505674
1.70907	-0.00473047
1.74043	-0.00437372
1.77179	-0.00399776
1.80315	-0.00361229
1.83451	-0.00322552
1.86587	-0.00284437
1.89723	-0.00247454
1.92858	-0.00212065
1.95994	-0.00178636
1.9913	-0.00147443
2.02266	-0.0011848
2.05402	-0.000912357
2.08538	-0.000658945
2.11674	-0.000425987
2.1481	-0.000214458
2.17946	-2.48806e-05
2.21082	0.000142656
2.24218	0.00028848
2.27353	0.000413304
2.30489	0.00051817
2.33625	0.000604381
2.36761	0.000673405
2.39897	0.000726753
2.43033	0.000765817
2.46169	0.000791674
2.49305	0.000804816
2.50873	0.000804816
