-0.0156795	7.69861e-05
0.0156795	7.69861e-05
0.0470386	8.19658e-05
0.0783977	9.2097e-05
0.109757	0.000107722
0.141116	0.000129352
0.172475	0.00015766
0.203834	0.000193478
0.235193	0.000237787
0.266552	0.000291702
0.297911	0.000356461
0.32927	0.000433401
0.36063	0.000523935
0.391989	0.000629525
0.423348	0.00075165
0.454707	0.000891765
0.486066	0.00105127
0.517425	0.00123147
0.548784	0.00143352
0.580143	0.00165842
0.611502	0.00190698
0.642861	0.00217978
0.674221	0.00247718
0.70558	0.00279933
0.736939	0.00314619
0.768298	0.00351761
0.799657	0.00391335
0.831016	0.00433325
0.862375	0.0047773
0.893734	0.00524584
0.925093	0.00573974
0.956452	0.00626056
0.987811	0.00681087
1.01917	0.0073944
1.05053	0.00801634
1.08189	0.00868355
1.11325	0.0094048
1.14461	0.0101909
1.17597	0.0110549
1.20733	0.0120121
1.23868	0.0130799
1.27004	0.0142778
1.3014	0.0156269
1.33276	0.0171499
1.36412	0.0188697
1.39548	0.0208094
1.42684	0.022991
1.4582	0.0254342
1.48956	0.0281553
1.52092	0.0311662
1.55228	0.0344725
1.58363	0.0380726
1.61499	0.0419565
1.64635	0.0461044
1.67771	0.0504864
1.70907	0.0550616
1.74043	0.0597784
1.77179	0.0645746
1.80315	0.0693786
1.83451	0.0741103
1.86587	0.0786835
1.89723	0.0830078
1.92858	0.0869916
1.95994	0.0905447
1.9913	0.0935814
2.02266	0.0960436
2.05402	0.0979132
2.08538	0.0990979
2.11674	0.0995154
2.1481	0.0990985
2.17946	0.097801
2.21082	0.0956033
2.24218	0.0925184
2.27353	0.0885967
2.30489	0.0839298
2.33625	0.0786521
2.36761	0.0729406
2.39897	0.0670101
2.43033	0.0611055
2.46169	0.0554885
2.49305	0.0504184
2.50873	0.0483136
