-0.0156795	0.0380597
0.0156795	0.0380597
0.0470386	0.0381611
0.0783977	0.0383689
0.109757	0.0386922
0.141116	0.0391445
0.172475	0.039743
0.203834	0.0405073
0.235193	0.041459
0.266552	0.0426202
0.297911	0.0440123
0.32927	0.0456545
0.36063	0.0475627
0.391989	0.0497473
0.423348	0.0522124
0.454707	0.0549542
0.486066	0.0579594
0.517425	0.061205
0.548784	0.0646571
0.580143	0.068271
0.611502	0.0719911
0.642861	0.0757517
0.674221	0.0794784
0.70558	0.0830894
0.736939	0.0864981
0.768298	0.0896149
0.799657	0.092351
0.831016	0.0946205
0.862375	0.0963442
0.893734	0.0974521
0.925093	0.0978866
0.956452	0.0976045
0.987811	0.0965793
1.01917	0.0948022
1.05053	0.0922828
1.08189	0.0890491
1.11325	0.0851465
1.14461	0.0806367
1.17597	0.0755949
1.20733	0.0701079
1.23868	0.0642707
1.27004	0.0581835
1.3014	0.0519484
1.33276	0.0456662
1.36412	0.0394335
1.39548	0.0333402
1.42684	0.0274669
1.4582	0.0218841
1.48956	0.0166502
1.52092	0.0118112
1.55228	0.007401
1.58363	0.00344113
1.61499	-5.80479e-05
1.64635	-0.00309645
1.67771	-0.00568298
1.70907	-0.00783412
1.74043	-0.00957244
1.77179	-0.0109252
1.80315	-0.0119229
1.83451	-0.0125983
1.86587	-0.0129849
1.89723	-0.0131166
1.92858	-0.0130262
1.95994	-0.0127458
1.9913	-0.0123055
2.02266	-0.0117298
2.05402	-0.0110263
2.08538	-0.0102135
2.11674	-0.00931054
2.1481	-0.00833675
2.17946	-0.00731215
2.21082	-0.00625731
2.24218	-0.00519359
2.27353	-0.00414325
2.30489	-0.00312957
2.33625	-0.00217701
2.36761	-0.00131129
2.39897	-0.000559493
2.43033	4.99709e-05
2.46169	0.000487391
2.49305	0.000721932
2.50873	0.000721932
