-0.0156795	0.00502637
0.0156795	0.00502637
0.0470386	0.00509256
0.0783977	0.00522463
0.109757	0.00542193
0.141116	0.00568349
0.172475	0.00600799
0.203834	0.00639371
0.235193	0.00683858
0.266552	0.00734012
0.297911	0.00789549
0.32927	0.00850152
0.36063	0.00915476
0.391989	0.00985158
0.423348	0.0105883
0.454707	0.0113614
0.486066	0.0121676
0.517425	0.0130041
0.548784	0.013869
0.580143	0.0147614
0.611502	0.0156819
0.642861	0.0166323
0.674221	0.0176169
0.70558	0.0186415
0.736939	0.0197147
0.768298	0.0208471
0.799657	0.022052
0.831016	0.023345
0.862375	0.0247435
0.893734	0.026267
0.925093	0.027936
0.956452	0.0297716
0.987811	0.0317942
1.01917	0.0340233
1.05053	0.0364756
1.08189	0.039164
1.11325	0.0420965
1.14461	0.0452745
1.17597	0.048692
1.20733	0.0523343
1.23868	0.0561768
1.27004	0.0601849
1.3014	0.0643137
1.33276	0.0685076
1.36412	0.0727017
1.39548	0.0768222
1.42684	0.0807886
1.4582	0.0845153
1.48956	0.0879143
1.52092	0.0908979
1.55228	0.0933814
1.58363	0.0952867
1.61499	0.0965448
1.64635	0.0970986
1.67771	0.0969053
1.70907	0.0959387
1.74043	0.09419
1.77179	0.0916686
1.80315	0.0884023
1.83451	0.0844362
1.86587	0.0798314
1.89723	0.0746632
1.92858	0.0690181
1.95994	0.0629916
1.9913	0.0566842
2.02266	0.0501535
2.05402	0.0433323
2.08538	0.0363114
2.11674	0.0291875
2.1481	0.022061
2.17946	0.0150339
2.21082	0.00820706
2.24218	0.00167865
2.27353	-0.00445768
2.30489	-0.0101137
2.33625	-0.0152068
2.36761	-0.0196587
2.39897	-0.0233939
2.43033	-0.0263355
2.46169	-0.0284001
2.49305	-0.0294913
2.50873	-0.0294913
