-0.0156795	-3.25261e-19
0.0156795	-3.25261e-19
0.0470386	2.05998e-18
0.0783977	0
0.109757	-3.03577e-18
0.141116	-2.38524e-18
0.172475	-6.93889e-18
0.203834	1.73472e-18
0.235193	-1.69136e-17
0.266552	1.56125e-17
0.297911	-5.63785e-18
0.32927	-9.54098e-18
0.36063	9.54098e-18
0.391989	-1.82146e-17
0.423348	1.64799e-17
0.454707	-2.94903e-17
0.486066	1.56125e-17
0.517425	-2.08167e-17
0.548784	-1.04083e-17
0.580143	3.46945e-18
0.611502	-3.1225e-17
0.642861	3.1225e-17
0.674221	-6.245e-17
0.70558	5.55112e-17
0.736939	-3.46945e-17
0.768298	-1.38778e-17
0.799657	3.57122e-11
0.831016	1.63658e-10
0.862375	3.46165e-10
0.893734	5.9238e-10
0.925093	9.58781e-10
0.956452	1.51391e-09
0.987811	2.39125e-09
1.01917	3.75622e-09
1.05053	5.88779e-09
1.08189	9.17611e-09
1.11325	1.42116e-08
1.14461	2.18644e-08
1.17597	3.33884e-08
1.20733	5.06187e-08
1.23868	7.61668e-08
1.27004	1.13753e-07
1.3014	1.68623e-07
1.33276	2.48087e-07
1.36412	3.6228e-07
1.39548	5.25096e-07
1.42684	7.55419e-07
1.4582	1.07871e-06
1.48956	1.52893e-06
1.52092	2.15105e-06
1.55228	3.00397e-06
1.58363	4.16421e-06
1.61499	5.73017e-06
1.64635	7.82726e-06
1.67771	1.06137e-05
1.70907	1.42873e-05
1.74043	1.90927e-05
1.77179	2.53297e-05
1.80315	3.33616e-05
1.83451	4.36245e-05
1.86587	5.66361e-05
1.89723	7.30043e-05
1.92858	9.34349e-05
1.95994	0.000118738
1.9913	0.000149833
2.02266	0.000176175
2.05402	0.000166563
2.08538	0.000133814
2.11674	8.85817e-05
2.1481	3.9264e-05
2.17946	-7.94271e-06
2.21082	-4.88595e-05
2.24218	-8.10531e-05
2.27353	-0.000103506
2.30489	-0.000116255
2.33625	-0.000120028
2.36761	-0.00011588
2.39897	-0.000104835
2.43033	-8.75244e-05
2.46169	-6.37584e-05
2.49305	-3.19869e-05
2.50873	-8.62615e-06
