-0.0156795	1.35574e-05
0.0156795	1.35574e-05
0.0470386	1.47779e-05
0.0783977	1.72913e-05
0.109757	2.12438e-05
0.141116	2.68586e-05
0.172475	3.44403e-05
0.203834	4.438e-05
0.235193	5.71612e-05
0.266552	7.33666e-05
0.297911	9.3683e-05
0.32927	0.000118907
0.36063	0.000149946
0.391989	0.000187824
0.423348	0.000233674
0.454707	0.000288732
0.486066	0.000354332
0.517425	0.000431886
0.548784	0.000522865
0.580143	0.000628776
0.611502	0.000751129
0.642861	0.000891405
0.674221	0.00105102
0.70558	0.0012313
0.736939	0.00143341
0.768298	0.00165835
0.799657	0.00190693
0.831016	0.00217975
0.862375	0.00247716
0.893734	0.00279931
0.925093	0.00314618
0.956452	0.0035176
0.987811	0.00391335
1.01917	0.00433324
1.05053	0.0047773
1.08189	0.00524584
1.11325	0.00573974
1.14461	0.00626056
1.17597	0.00681087
1.20733	0.0073944
1.23868	0.00801634
1.27004	0.00868355
1.3014	0.0094048
1.33276	0.0101909
1.36412	0.0110549
1.39548	0.0120121
1.42684	0.0130799
1.4582	0.0142778
1.48956	0.0156269
1.52092	0.0171499
1.55228	0.0188697
1.58363	0.0208094
1.61499	0.022991
1.64635	0.0254342
1.67771	0.0281553
1.70907	0.0311662
1.74043	0.0344725
1.77179	0.0380726
1.80315	0.0419565
1.83451	0.0461044
1.86587	0.0504864
1.89723	0.0550616
1.92858	0.0597784
1.95994	0.0645746
1.9913	0.0693786
2.02266	0.074152
2.05402	0.0789643
2.08538	0.0837351
2.11674	0.0883746
2.1481	0.0927845
2.17946	0.096861
2.21082	0.100497
2.24218	0.103586
2.27353	0.106025
2.30489	0.107719
2.33625	0.108582
2.36761	0.108539
2.39897	0.107528
2.43033	0.105496
2.46169	0.102398
2.49305	0.0981896
2.50873	0.0955002
