-0.0156795	-0.00459887
0.0156795	-0.00459887
0.0470386	-0.00463481
0.0783977	-0.00470487
0.109757	-0.00480537
0.141116	-0.00493077
0.172475	-0.0050736
0.203834	-0.00522445
0.235193	-0.00537185
0.266552	-0.00550223
0.297911	-0.00559987
0.32927	-0.00564679
0.36063	-0.00562278
0.391989	-0.00550534
0.423348	-0.00526982
0.454707	-0.00488948
0.486066	-0.00433578
0.517425	-0.00357874
0.548784	-0.00258741
0.580143	-0.00133058
0.611502	0.000222434
0.642861	0.0021008
0.674221	0.00433102
0.70558	0.00693563
0.736939	0.00993189
0.768298	0.0133303
0.799657	0.0171334
0.831016	0.0213341
0.862375	0.0259149
0.893734	0.0308471
0.925093	0.0360899
0.956452	0.0415906
0.987811	0.0472848
1.01917	0.0530974
1.05053	0.0589439
1.08189	0.0647325
1.11325	0.070366
1.14461	0.0757452
1.17597	0.0807713
1.20733	0.0853495
1.23868	0.089392
1.27004	0.092821
1.3014	0.0955715
1.33276	0.0975939
1.36412	0.0988551
1.39548	0.0993402
1.42684	0.0990528
1.4582	0.0980145
1.48956	0.096264
1.52092	0.0938555
1.55228	0.0908566
1.58363	0.0873456
1.61499	0.0834083
1.64635	0.0791355
1.67771	0.0746195
1.70907	0.0699515
1.74043	0.0652186
1.77179	0.060502
1.80315	0.0558745
1.83451	0.0513999
1.86587	0.0471314
1.89723	0.0431118
1.92858	0.0393732
1.95994	0.0359375
1.9913	0.0328172
2.02266	0.0299968
2.05402	0.0274134
2.08538	0.0250729
2.11674	0.0229757
2.1481	0.0211174
2.17946	0.0194896
2.21082	0.0180802
2.24218	0.0168746
2.27353	0.0158567
2.30489	0.0150093
2.33625	0.0143155
2.36761	0.0137595
2.39897	0.0133274
2.43033	0.0130082
2.46169	0.0127949
2.49305	0.0126856
2.50873	0.0126856
