-0.0156795	-2.55968e-18
0.0156795	-2.55968e-18
0.0470386	4.07402e-18
0.0783977	-3.44742e-19
0.109757	8.67362e-18
0.141116	-2.32976e-17
0.172475	1.62452e-17
0.203834	3.57122e-11
0.235193	1.63658e-10
0.266552	3.46165e-10
0.297911	5.9238e-10
0.32927	9.58781e-10
0.36063	1.51391e-09
0.391989	2.39125e-09
0.423348	3.75622e-09
0.454707	5.88779e-09
0.486066	9.17611e-09
0.517425	1.42116e-08
0.548784	2.18644e-08
0.580143	3.33884e-08
0.611502	5.06187e-08
0.642861	7.61668e-08
0.674221	1.13753e-07
0.70558	1.68623e-07
0.736939	2.48087e-07
0.768298	3.6228e-07
0.799657	5.25096e-07
0.831016	7.55419e-07
0.862375	1.07871e-06
0.893734	1.52893e-06
0.925093	2.15105e-06
0.956452	3.00397e-06
0.987811	4.16421e-06
1.01917	5.73017e-06
1.05053	7.82726e-06
1.08189	1.06137e-05
1.11325	1.42873e-05
1.14461	1.90927e-05
1.17597	2.53297e-05
1.20733	3.33616e-05
1.23868	4.36245e-05
1.27004	5.66361e-05
1.3014	7.30043e-05
1.33276	9.34349e-05
1.36412	0.000118738
1.39548	0.000149833
1.42684	0.000187748
1.4582	0.000233623
1.48956	0.000288698
1.52092	0.00035431
1.55228	0.000431872
1.58363	0.000522856
1.61499	0.00062877
1.64635	0.000751125
1.67771	0.000891403
1.70907	0.00105102
1.74043	0.0012313
1.77179	0.0014334
1.80315	0.00165835
1.83451	0.00190693
1.86587	0.00217975
1.89723	0.00247716
1.92858	0.00279931
1.95994	0.00314618
1.9913	0.0035176
2.02266	0.00388735
2.05402	0.00414371
2.08538	0.00426002
2.11674	0.00422094
2.1481	0.00402413
2.17946	0.00368123
2.21082	0.00321827
2.24218	0.00267545
2.27353	0.00210649
2.30489	0.00157772
2.33625	0.0011671
2.36761	0.000963572
2.39897	0.00106683
2.43033	0.0015879
2.46169	0.00265054
2.49305	0.00439343
2.50873	0.00572428
