-0.0156795	5.86913e-05
0.0156795	5.86913e-05
0.0470386	6.27173e-05
0.0783977	7.09235e-05
0.109757	8.3618e-05
0.141116	0.000101262
0.172475	0.000124468
0.203834	0.000153997
0.235193	0.000190752
0.266552	0.000235774
0.297911	0.000290227
0.32927	0.000355389
0.36063	0.000432627
0.391989	0.000523381
0.423348	0.000629132
0.454707	0.000751373
0.486066	0.000891572
0.517425	0.00105114
0.548784	0.00123137
0.580143	0.00143346
0.611502	0.00165838
0.642861	0.00190696
0.674221	0.00217976
0.70558	0.00247717
0.736939	0.00279932
0.768298	0.00314618
0.799657	0.0035176
0.831016	0.00391335
0.862375	0.00433325
0.893734	0.0047773
0.925093	0.00524584
0.956452	0.00573974
0.987811	0.00626056
1.01917	0.00681087
1.05053	0.0073944
1.08189	0.00801634
1.11325	0.00868355
1.14461	0.0094048
1.17597	0.0101909
1.20733	0.0110549
1.23868	0.0120121
1.27004	0.0130799
1.3014	0.0142778
1.33276	0.0156269
1.36412	0.0171499
1.39548	0.0188697
1.42684	0.0208094
1.4582	0.022991
1.48956	0.0254342
1.52092	0.0281553
1.55228	0.0311662
1.58363	0.0344725
1.61499	0.0380726
1.64635	0.0419565
1.67771	0.0461044
1.70907	0.0504864
1.74043	0.0550616
1.77179	0.0597784
1.80315	0.0645746
1.83451	0.0693786
1.86587	0.0741103
1.89723	0.0786835
1.92858	0.0830078
1.95994	0.0869916
1.9913	0.0905447
2.02266	0.0936059
2.05402	0.0961676
2.08538	0.0981305
2.11674	0.0994016
2.1481	0.0998994
2.17946	0.0995598
2.21082	0.0983422
2.24218	0.0962355
2.27353	0.0932639
2.30489	0.0894909
2.33625	0.0850221
2.36761	0.0800048
2.39897	0.074625
2.43033	0.0690987
2.46169	0.0636591
2.49305	0.0585381
2.50873	0.056276
