-0.0156795	0
0.0156795	0
0.0470386	-6.93889e-18
0.0783977	-2.08167e-17
0.109757	2.77556e-17
0.141116	-3.46945e-17
0.172475	2.08167e-17
0.203834	-4.16334e-17
0.235193	3.46945e-17
0.266552	-6.93889e-18
0.297911	6.93889e-18
0.32927	2.77556e-17
0.36063	4.16334e-17
0.391989	-4.16334e-17
0.423348	6.93889e-17
0.454707	-2.77556e-17
0.486066	6.93889e-17
0.517425	-8.32667e-17
0.548784	8.32667e-17
0.580143	-6.93889e-17
0.611502	6.93889e-17
0.642861	-1.38778e-17
0.674221	0
0.70558	-1.38778e-17
0.736939	5.55112e-17
0.768298	-2.77556e-17
0.799657	4.16334e-17
0.831016	-2.77556e-17
0.862375	2.77556e-17
0.893734	1.38778e-17
0.925093	2.77556e-17
0.956452	-2.77556e-17
0.987811	2.77556e-17
1.01917	1.38778e-17
1.05053	1.38778e-17
1.08189	-2.77556e-17
1.11325	0
1.14461	2.77556e-17
1.17597	-1.38778e-17
1.20733	0
1.23868	-4.85723e-17
1.27004	3.57122e-11
1.3014	1.63658e-10
1.33276	3.46165e-10
1.36412	5.9238e-10
1.39548	9.58781e-10
1.42684	1.51391e-09
1.4582	2.39125e-09
1.48956	3.75622e-09
1.52092	5.88779e-09
1.55228	9.17611e-09
1.58363	1.42116e-08
1.61499	2.18644e-08
1.64635	3.33884e-08
1.67771	5.06187e-08
1.70907	7.61668e-08
1.74043	1.13753e-07
1.77179	1.68623e-07
1.80315	2.48087e-07
1.83451	3.6228e-07
1.86587	5.25096e-07
1.89723	7.55419e-07
1.92858	1.07871e-06
1.95994	1.52893e-06
1.9913	2.15105e-06
2.02266	2.59982e-06
2.05402	2.04085e-06
2.08538	1.10292e-06
2.11674	1.50956e-07
2.1481	-6.30676e-07
2.17946	-1.17409e-06
2.21082	-1.48065e-06
2.24218	-1.58763e-06
2.27353	-1.54609e-06
2.30489	-1.40729e-06
2.33625	-1.21518e-06
2.36761	-1.00323e-06
2.39897	-7.93595e-07
2.43033	-5.9779e-07
2.46169	-4.17035e-07
2.49305	-2.41663e-07
2.50873	-1.33966e-07
