-0.0156795	4.3961e-19
0.0156795	4.3961e-19
0.0470386	-5.75135e-18
0.0783977	1.59073e-18
0.109757	2.98156e-19
0.141116	-1.80926e-18
0.172475	4.02679e-18
0.203834	-3.40168e-18
0.235193	-8.74138e-19
0.266552	5.65818e-18
0.297911	-7.04731e-18
0.32927	-2.35814e-18
0.36063	3.57122e-11
0.391989	1.63658e-10
0.423348	3.46165e-10
0.454707	5.9238e-10
0.486066	9.58781e-10
0.517425	1.51391e-09
0.548784	2.39125e-09
0.580143	3.75622e-09
0.611502	5.88779e-09
0.642861	9.17611e-09
0.674221	1.42116e-08
0.70558	2.18644e-08
0.736939	3.33884e-08
0.768298	5.06187e-08
0.799657	7.61668e-08
0.831016	1.13753e-07
0.862375	1.68623e-07
0.893734	2.48087e-07
0.925093	3.6228e-07
0.956452	5.25096e-07
0.987811	7.55419e-07
1.01917	1.07871e-06
1.05053	1.52893e-06
1.08189	2.15105e-06
1.11325	3.00397e-06
1.14461	4.16421e-06
1.17597	5.73017e-06
1.20733	7.82726e-06
1.23868	1.06137e-05
1.27004	1.42873e-05
1.3014	1.90927e-05
1.33276	2.53297e-05
1.36412	3.33616e-05
1.39548	4.36245e-05
1.42684	5.66361e-05
1.4582	7.30043e-05
1.48956	9.34349e-05
1.52092	0.000118738
1.55228	0.000149833
1.58363	0.000187748
1.61499	0.000233623
1.64635	0.000288698
1.67771	0.00035431
1.70907	0.000431872
1.74043	0.000522856
1.77179	0.00062877
1.80315	0.000751125
1.83451	0.000891403
1.86587	0.00105102
1.89723	0.0012313
1.92858	0.0014334
1.95994	0.00165835
1.9913	0.00190693
2.02266	0.00214389
2.05402	0.0022403
2.08538	0.00219732
2.11674	0.00202533
2.1481	0.00174293
2.17946	0.00137551
2.21082	0.000953671
2.24218	0.000511497
2.27353	8.50416e-05
2.30489	-0.000288841
2.33625	-0.000573093
2.36761	-0.000730263
2.39897	-0.000721312
2.43033	-0.000503248
2.46169	-2.53791e-05
2.49305	0.00077596
2.50873	0.00140661
