-0.0156795	0.000496283
0.0156795	0.000496283
0.0470386	0.000497542
0.0783977	0.000499872
0.109757	0.000502893
0.141116	0.000506039
0.172475	0.000508557
0.203834	0.000509511
0.235193	0.000507785
0.266552	0.000502093
0.297911	0.000490993
0.32927	0.000472899
0.36063	0.000446106
0.391989	0.000408816
0.423348	0.000359175
0.454707	0.000295313
0.486066	0.000215392
0.517425	0.000117661
0.548784	5.15988e-07
0.580143	-0.000137429
0.611502	-0.000297274
0.642861	-0.000479756
0.674221	-0.000685166
0.70558	-0.000913273
0.736939	-0.00116323
0.768298	-0.00143349
0.799657	-0.0017217
0.831016	-0.00202465
0.862375	-0.0023381
0.893734	-0.00265674
0.925093	-0.00297401
0.956452	-0.00328204
0.987811	-0.00357146
1.01917	-0.00383131
1.05053	-0.00404886
1.08189	-0.00420948
1.11325	-0.0042965
1.14461	-0.00429114
1.17597	-0.00417238
1.20733	-0.00391699
1.23868	-0.00349954
1.27004	-0.00289257
1.3014	-0.00206687
1.33276	-0.000991815
1.36412	0.000364021
1.39548	0.00203218
1.42684	0.00404345
1.4582	0.00642676
1.48956	0.00920804
1.52092	0.0124089
1.55228	0.0160452
1.58363	0.0201255
1.61499	0.0246502
1.64635	0.0296096
1.67771	0.0349834
1.70907	0.0407397
1.74043	0.0468347
1.77179	0.053213
1.80315	0.0598078
1.83451	0.0665423
1.86587	0.0733315
1.89723	0.0800842
1.92858	0.0867054
1.95994	0.0931
1.9913	0.0991754
2.02266	0.104885
2.05402	0.110278
2.08538	0.115262
2.11674	0.119749
2.1481	0.123662
2.17946	0.12694
2.21082	0.129545
2.24218	0.131463
2.27353	0.132713
2.30489	0.133345
2.33625	0.133448
2.36761	0.13314
2.39897	0.13257
2.43033	0.131905
2.46169	0.131318
2.49305	0.130965
2.50873	0.130965
