-0.0156795	0
0.0156795	0
0.0470386	0
0.0783977	0
0.109757	-2.77556e-17
0.141116	2.77556e-17
0.172475	-2.77556e-17
0.203834	0
0.235193	2.77556e-17
0.266552	-2.77556e-17
0.297911	-2.77556e-17
0.32927	5.55112e-17
0.36063	1.38778e-17
0.391989	-2.77556e-17
0.423348	2.77556e-17
0.454707	0
0.486066	-1.38778e-17
0.517425	4.16334e-17
0.548784	-2.08167e-17
0.580143	2.77556e-17
0.611502	-2.77556e-17
0.642861	-6.93889e-18
0.674221	2.08167e-17
0.70558	-1.38778e-17
0.736939	-3.46945e-18
0.768298	1.38778e-17
0.799657	-1.04083e-17
0.831016	1.73472e-18
0.862375	5.20417e-18
0.893734	-3.46945e-18
0.925093	3.46945e-18
0.956452	-4.33681e-18
0.987811	6.07153e-18
1.01917	-8.67362e-18
1.05053	4.33681e-18
1.08189	0
1.11325	-2.1684e-18
1.14461	1.73472e-18
1.17597	4.33681e-19
1.20733	-8.67362e-19
1.23868	-8.67362e-19
1.27004	6.50521e-19
1.3014	0
1.33276	-4.33681e-19
1.36412	3.25261e-19
1.39548	0
1.42684	-1.49078e-19
1.4582	1.42302e-19
1.48956	-1.35525e-20
1.52092	-2.71051e-20
1.55228	4.40457e-20
1.58363	0
1.61499	-1.52466e-20
1.64635	1.01644e-20
1.67771	-3.38813e-21
1.70907	-4.65868e-21
1.74043	2.32934e-21
1.77179	0
1.80315	-6.35275e-22
1.83451	-1.16467e-21
1.86587	6.88214e-22
1.89723	-7.94093e-23
1.92858	-2.77933e-22
1.95994	3.57122e-11
1.9913	1.63658e-10
2.02266	2.40284e-10
2.05402	9.54556e-11
2.08538	-5.09291e-11
2.11674	-9.7984e-11
2.1481	-9.97691e-11
2.17946	-8.41525e-11
2.21082	-6.45246e-11
2.24218	-4.66016e-11
2.27353	-3.22597e-11
2.30489	-2.16164e-11
2.33625	-1.41067e-11
2.36761	-9.00226e-12
2.39897	-5.63372e-12
2.43033	-3.46458e-12
2.46169	-1.9056e-12
2.49305	1.06422e-13
2.50873	1.67591e-12
