-0.0156795	0.133953
0.0156795	0.133953
0.0470386	0.133889
0.0783977	0.133745
0.109757	0.133494
0.141116	0.133096
0.172475	0.132501
0.203834	0.131654
0.235193	0.130496
0.266552	0.128971
0.297911	0.127026
0.32927	0.124616
0.36063	0.121708
0.391989	0.118283
0.423348	0.114335
0.454707	0.109876
0.486066	0.104933
0.517425	0.0995462
0.548784	0.0937723
0.580143	0.0876777
0.611502	0.0813375
0.642861	0.0748333
0.674221	0.068249
0.70558	0.0616688
0.736939	0.055174
0.768298	0.0488403
0.799657	0.0427362
0.831016	0.0369212
0.862375	0.0314445
0.893734	0.0263447
0.925093	0.0216496
0.956452	0.0173762
0.987811	0.0135318
1.01917	0.0101149
1.05053	0.00711585
1.08189	0.00451869
1.11325	0.00230217
1.14461	0.000441087
1.17597	-0.00109246
1.20733	-0.00232798
1.23868	-0.00329565
1.27004	-0.00402545
1.3014	-0.00454656
1.33276	-0.0048868
1.36412	-0.00507234
1.39548	-0.00512743
1.42684	-0.00507425
1.4582	-0.00493294
1.48956	-0.00472152
1.52092	-0.00445606
1.55228	-0.00415071
1.58363	-0.00381784
1.61499	-0.00346818
1.64635	-0.00311095
1.67771	-0.00275394
1.70907	-0.00240368
1.74043	-0.00206554
1.77179	-0.00174381
1.80315	-0.00144182
1.83451	-0.00116202
1.86587	-0.000906086
1.89723	-0.000674984
1.92858	-0.000469076
1.95994	-0.000288187
1.9913	-0.000131692
2.02266	2.34331e-06
2.05402	0.00011778
2.08538	0.00021507
2.11674	0.000294959
2.1481	0.00035847
2.17946	0.000406873
2.21082	0.000441658
2.24218	0.000464496
2.27353	0.000477207
2.30489	0.000481718
2.33625	0.000480022
2.36761	0.000474131
2.39897	0.000466032
2.43033	0.000457624
2.46169	0.000450649
2.49305	0.000446603
2.50873	0.000446603
