-0.0156795	0.165961
0.0156795	0.165961
0.0470386	0.164971
0.0783977	0.163009
0.109757	0.160108
0.141116	0.156318
0.172475	0.151702
0.203834	0.146339
0.235193	0.140316
0.266552	0.13373
0.297911	0.126685
0.32927	0.119286
0.36063	0.111644
0.391989	0.103864
0.423348	0.0960507
0.454707	0.0883019
0.486066	0.0807076
0.517425	0.0733482
0.548784	0.066294
0.580143	0.0596034
0.611502	0.053323
0.642861	0.047487
0.674221	0.0421181
0.70558	0.0372274
0.736939	0.0328159
0.768298	0.0288749
0.799657	0.025388
0.831016	0.0223318
0.862375	0.019678
0.893734	0.0173939
0.925093	0.0154446
0.956452	0.0137939
0.987811	0.0124051
1.01917	0.0112426
1.05053	0.0102722
1.08189	0.00946186
1.11325	0.00878241
1.14461	0.00820755
1.17597	0.00771422
1.20733	0.00728262
1.23868	0.00689611
1.27004	0.00654115
1.3014	0.00620705
1.33276	0.00588569
1.36412	0.00557129
1.39548	0.00526005
1.42684	0.00494983
1.4582	0.00463988
1.48956	0.00433049
1.52092	0.00402275
1.55228	0.00371829
1.58363	0.00341904
1.61499	0.00312707
1.64635	0.00284443
1.67771	0.00257302
1.70907	0.00231453
1.74043	0.00207033
1.77179	0.00184148
1.80315	0.00162872
1.83451	0.00143245
1.86587	0.00125276
1.89723	0.00108947
1.92858	0.000942169
1.95994	0.000810258
1.9913	0.000692982
2.02266	0.000588755
2.05402	0.00049449
2.08538	0.000409793
2.11674	0.000334191
2.1481	0.000267157
2.17946	0.000208125
2.21082	0.000156514
2.24218	0.000111745
2.27353	7.32584e-05
2.30489	4.05342e-05
2.33625	1.31055e-05
2.36761	-9.4244e-06
2.39897	-2.73636e-05
2.43033	-4.09114e-05
2.46169	-5.01307e-05
2.49305	-5.49104e-05
2.50873	-5.49104e-05
