-0.0156795	-3.46945e-18
0.0156795	-3.46945e-18
0.0470386	6.07153e-18
0.0783977	-1.04083e-17
0.109757	0
0.141116	8.67362e-19
0.172475	-8.67362e-18
0.203834	1.73472e-18
0.235193	-8.67362e-18
0.266552	1.38778e-17
0.297911	1.73472e-18
0.32927	-1.73472e-17
0.36063	2.42861e-17
0.391989	-1.38778e-17
0.423348	2.77556e-17
0.454707	-5.55112e-17
0.486066	6.93889e-17
0.517425	-2.77556e-17
0.548784	0
0.580143	2.77556e-17
0.611502	3.46945e-17
0.642861	-2.77556e-17
0.674221	4.16334e-17
0.70558	-2.77556e-17
0.736939	5.55112e-17
0.768298	-8.32667e-17
0.799657	6.93889e-17
0.831016	-6.93889e-17
0.862375	5.55112e-17
0.893734	-1.38778e-17
0.925093	1.38778e-17
0.956452	-1.38778e-17
0.987811	5.55112e-17
1.01917	3.57122e-11
1.05053	1.63658e-10
1.08189	3.46165e-10
1.11325	5.9238e-10
1.14461	9.58781e-10
1.17597	1.51391e-09
1.20733	2.39125e-09
1.23868	3.75622e-09
1.27004	5.88779e-09
1.3014	9.17611e-09
1.33276	1.42116e-08
1.36412	2.18644e-08
1.39548	3.33884e-08
1.42684	5.06187e-08
1.4582	7.61668e-08
1.48956	1.13753e-07
1.52092	1.68623e-07
1.55228	2.48087e-07
1.58363	3.6228e-07
1.61499	5.25096e-07
1.64635	7.55419e-07
1.67771	1.07871e-06
1.70907	1.52893e-06
1.74043	2.15105e-06
1.77179	3.00397e-06
1.80315	4.16421e-06
1.83451	5.73017e-06
1.86587	7.82726e-06
1.89723	1.06137e-05
1.92858	1.42873e-05
1.95994	1.90927e-05
1.9913	2.53297e-05
2.02266	3.02603e-05
2.05402	2.65032e-05
2.08538	1.8298e-05
2.11674	8.60844e-06
2.1481	-6.4603e-07
2.17946	-8.36367e-06
2.21082	-1.40498e-05
2.24218	-1.76315e-05
2.27353	-1.93028e-05
2.30489	-1.94001e-05
2.33625	-1.83081e-05
2.36761	-1.63913e-05
2.39897	-1.39452e-05
2.43033	-1.11591e-05
2.46169	-8.0798e-06
2.49305	-4.55906e-06
2.50873	-2.16466e-06
