-0.0156795	1.8441e-05
0.0156795	1.8441e-05
0.0470386	2.00175e-05
0.0783977	2.32569e-05
0.109757	2.83337e-05
0.141116	3.55126e-05
0.172475	4.51535e-05
0.203834	5.77149e-05
0.235193	7.37597e-05
0.266552	9.396e-05
0.297911	0.0001191
0.32927	0.000150081
0.36063	0.000187917
0.391989	0.000233737
0.423348	0.000288775
0.454707	0.000354361
0.486066	0.000431905
0.517425	0.000522878
0.548784	0.000628784
0.580143	0.000751134
0.611502	0.000891409
0.642861	0.00105103
0.674221	0.0012313
0.70558	0.00143341
0.736939	0.00165835
0.768298	0.00190693
0.799657	0.00217975
0.831016	0.00247716
0.862375	0.00279931
0.893734	0.00314618
0.925093	0.0035176
0.956452	0.00391335
0.987811	0.00433324
1.01917	0.0047773
1.05053	0.00524584
1.08189	0.00573974
1.11325	0.00626056
1.14461	0.00681087
1.17597	0.0073944
1.20733	0.00801634
1.23868	0.00868355
1.27004	0.0094048
1.3014	0.0101909
1.33276	0.0110549
1.36412	0.0120121
1.39548	0.0130799
1.42684	0.0142778
1.4582	0.0156269
1.48956	0.0171499
1.52092	0.0188697
1.55228	0.0208094
1.58363	0.022991
1.61499	0.0254342
1.64635	0.0281553
1.67771	0.0311662
1.70907	0.0344725
1.74043	0.0380726
1.77179	0.0419565
1.80315	0.0461044
1.83451	0.0504864
1.86587	0.0550616
1.89723	0.0597784
1.92858	0.0645746
1.95994	0.0693786
1.9913	0.0741103
2.02266	0.0787227
2.05402	0.0832672
2.08538	0.087653
2.11674	0.0917823
2.1481	0.0955524
2.17946	0.0988598
2.21082	0.101604
2.24218	0.103692
2.27353	0.105043
2.30489	0.105592
2.33625	0.105294
2.36761	0.104125
2.39897	0.102081
2.43033	0.0991763
2.46169	0.0954344
2.49305	0.0908803
2.50873	0.0882104
