-0.0156795	4.1671e-07
0.0156795	4.1671e-07
0.0470386	4.76032e-07
0.0783977	6.01263e-07
0.109757	8.06037e-07
0.141116	1.1121e-06
0.172475	1.5508e-06
0.203834	2.16526e-06
0.235193	3.01315e-06
0.266552	4.17009e-06
0.297911	5.73393e-06
0.32927	7.82966e-06
0.36063	1.06152e-05
0.391989	1.42883e-05
0.423348	1.90933e-05
0.454707	2.533e-05
0.486066	3.33618e-05
0.517425	4.36246e-05
0.548784	5.66361e-05
0.580143	7.30043e-05
0.611502	9.34349e-05
0.642861	0.000118738
0.674221	0.000149833
0.70558	0.000187748
0.736939	0.000233623
0.768298	0.000288698
0.799657	0.00035431
0.831016	0.000431872
0.862375	0.000522856
0.893734	0.00062877
0.925093	0.000751125
0.956452	0.000891403
0.987811	0.00105102
1.01917	0.0012313
1.05053	0.0014334
1.08189	0.00165835
1.11325	0.00190693
1.14461	0.00217975
1.17597	0.00247716
1.20733	0.00279931
1.23868	0.00314618
1.27004	0.0035176
1.3014	0.00391335
1.33276	0.00433324
1.36412	0.0047773
1.39548	0.00524584
1.42684	0.00573974
1.4582	0.00626056
1.48956	0.00681087
1.52092	0.0073944
1.55228	0.00801634
1.58363	0.00868355
1.61499	0.0094048
1.64635	0.0101909
1.67771	0.0110549
1.70907	0.0120121
1.74043	0.0130799
1.77179	0.0142778
1.80315	0.0156269
1.83451	0.0171499
1.86587	0.0188697
1.89723	0.0208094
1.92858	0.022991
1.95994	0.0254342
1.9913	0.0281553
2.02266	0.0312175
2.05402	0.0348388
2.08538	0.0390715
2.11674	0.0439558
2.1481	0.049513
2.17946	0.0557382
2.21082	0.0625916
2.24218	0.0699905
2.27353	0.077801
2.30489	0.0858307
2.33625	0.0938239
2.36761	0.101459
2.39897	0.108352
2.43033	0.114063
2.46169	0.118109
2.49305	0.119987
2.50873	0.119498
