-0.0156795	0.000163023
0.0156795	0.000163023
0.0470386	0.00016895
0.0783977	0.000180768
0.109757	0.000198406
0.141116	0.000221756
0.172475	0.000250673
0.203834	0.000284968
0.235193	0.000324411
0.266552	0.000368726
0.297911	0.000417589
0.32927	0.000470626
0.36063	0.000527414
0.391989	0.000587478
0.423348	0.000650297
0.454707	0.000715306
0.486066	0.000781903
0.517425	0.000849463
0.548784	0.000917349
0.580143	0.000984929
0.611502	0.0010516
0.642861	0.00111683
0.674221	0.00118014
0.70558	0.0012412
0.736939	0.00129983
0.768298	0.00135602
0.799657	0.00141002
0.831016	0.0014623
0.862375	0.00151366
0.893734	0.0015652
0.925093	0.00161835
0.956452	0.00167491
0.987811	0.00173701
1.01917	0.00180717
1.05053	0.00188823
1.08189	0.00198341
1.11325	0.00209626
1.14461	0.00223069
1.17597	0.002391
1.20733	0.00258192
1.23868	0.00280865
1.27004	0.00307703
1.3014	0.00339364
1.33276	0.00376599
1.36412	0.0042028
1.39548	0.00471424
1.42684	0.00531225
1.4582	0.00601088
1.48956	0.00682664
1.52092	0.00777882
1.55228	0.00888977
1.58363	0.0101851
1.61499	0.0116938
1.64635	0.0134481
1.67771	0.0154835
1.70907	0.0178381
1.74043	0.0205517
1.77179	0.0236654
1.80315	0.02722
1.83451	0.0312545
1.86587	0.0358045
1.89723	0.0409001
1.92858	0.0465642
1.95994	0.0528097
1.9913	0.059638
2.02266	0.0670886
2.05402	0.0753457
2.08538	0.0844135
2.11674	0.0942731
2.1481	0.104878
2.17946	0.116146
2.21082	0.127957
2.24218	0.140146
2.27353	0.152496
2.30489	0.164738
2.33625	0.176548
2.36761	0.18755
2.39897	0.197316
2.43033	0.205381
2.46169	0.211251
2.49305	0.214427
2.50873	0.214427
