-0.0156795	2.82375e-07
0.0156795	2.82375e-07
0.0470386	3.24254e-07
0.0783977	4.12899e-07
0.109757	5.58484e-07
0.141116	7.77283e-07
0.172475	1.09292e-06
0.203834	1.53811e-06
0.235193	2.15693e-06
0.266552	3.00773e-06
0.297911	4.1666e-06
0.32927	5.73168e-06
0.36063	7.82822e-06
0.391989	1.06143e-05
0.423348	1.42877e-05
0.454707	1.90929e-05
0.486066	2.53297e-05
0.517425	3.33616e-05
0.548784	4.36245e-05
0.580143	5.66361e-05
0.611502	7.30043e-05
0.642861	9.34349e-05
0.674221	0.000118738
0.70558	0.000149833
0.736939	0.000187748
0.768298	0.000233623
0.799657	0.000288698
0.831016	0.00035431
0.862375	0.000431872
0.893734	0.000522856
0.925093	0.00062877
0.956452	0.000751125
0.987811	0.000891403
1.01917	0.00105102
1.05053	0.0012313
1.08189	0.0014334
1.11325	0.00165835
1.14461	0.00190693
1.17597	0.00217975
1.20733	0.00247716
1.23868	0.00279931
1.27004	0.00314618
1.3014	0.0035176
1.33276	0.00391335
1.36412	0.00433324
1.39548	0.0047773
1.42684	0.00524584
1.4582	0.00573974
1.48956	0.00626056
1.52092	0.00681087
1.55228	0.0073944
1.58363	0.00801634
1.61499	0.00868355
1.64635	0.0094048
1.67771	0.0101909
1.70907	0.0110549
1.74043	0.0120121
1.77179	0.0130799
1.80315	0.0142778
1.83451	0.0156269
1.86587	0.0171499
1.89723	0.0188697
1.92858	0.0208094
1.95994	0.022991
1.9913	0.0254342
2.02266	0.0282068
2.05402	0.0315316
2.08538	0.035465
2.11674	0.0400516
2.1481	0.045318
2.17946	0.0512654
2.21082	0.0578615
2.24218	0.0650325
2.27353	0.0726557
2.30489	0.0805521
2.33625	0.0884822
2.36761	0.0961434
2.39897	0.103172
2.43033	0.10915
2.46169	0.113617
2.49305	0.116091
2.50873	0.115993
