-0.0156795	0.0100231
0.0156795	0.0100231
0.0470386	0.010073
0.0783977	0.0101739
0.109757	0.0103285
0.141116	0.0105406
0.172475	0.0108156
0.203834	0.0111607
0.235193	0.0115845
0.266552	0.0120978
0.297911	0.0127133
0.32927	0.0134455
0.36063	0.0143112
0.391989	0.0153288
0.423348	0.0165183
0.454707	0.017901
0.486066	0.0194985
0.517425	0.0213323
0.548784	0.0234229
0.580143	0.0257885
0.611502	0.028444
0.642861	0.0313998
0.674221	0.0346602
0.70558	0.0382224
0.736939	0.0420752
0.768298	0.0461979
0.799657	0.0505594
0.831016	0.0551183
0.862375	0.059822
0.893734	0.064608
0.925093	0.0694039
0.956452	0.0741294
0.987811	0.0786977
1.01917	0.0830184
1.05053	0.0869994
1.08189	0.0905504
1.11325	0.0935856
1.14461	0.0960269
1.17597	0.0978071
1.20733	0.0988719
1.23868	0.0991827
1.27004	0.0987179
1.3014	0.097474
1.33276	0.0954659
1.36412	0.0927266
1.39548	0.0893058
1.42684	0.0852686
1.4582	0.0806925
1.48956	0.0756656
1.52092	0.0702826
1.55228	0.0646424
1.58363	0.0588442
1.61499	0.0529853
1.64635	0.0471576
1.67771	0.0414459
1.70907	0.0359254
1.74043	0.0306607
1.77179	0.0257048
1.80315	0.0210989
1.83451	0.0168723
1.86587	0.0130429
1.89723	0.00961849
1.92858	0.00659729
1.95994	0.00396967
1.9913	0.00171938
2.02266	-0.00018831
2.05402	-0.00181451
2.08538	-0.00317125
2.11674	-0.00427452
2.1481	-0.00514366
2.17946	-0.00580078
2.21082	-0.00627013
2.24218	-0.00657752
2.27353	-0.00674977
2.30489	-0.00681422
2.33625	-0.0067982
2.36761	-0.00672864
2.39897	-0.00663157
2.43033	-0.00653159
2.46169	-0.00645117
2.49305	-0.00640971
2.50873	-0.00641538
