-0.0156795	4.44224e-05
0.0156795	4.44224e-05
0.0470386	4.76489e-05
0.0783977	5.42383e-05
0.109757	6.44634e-05
0.141116	7.87345e-05
0.172475	9.75991e-05
0.203834	0.000121742
0.235193	0.000151984
0.266552	0.000189277
0.297911	0.000234702
0.32927	0.000289454
0.36063	0.000354835
0.391989	0.000432234
0.423348	0.000523104
0.454707	0.000628939
0.486066	0.000751239
0.517425	0.000891479
0.548784	0.00105107
0.580143	0.00123133
0.611502	0.00143343
0.642861	0.00165836
0.674221	0.00190694
0.70558	0.00217975
0.736939	0.00247716
0.768298	0.00279931
0.799657	0.00314618
0.831016	0.0035176
0.862375	0.00391335
0.893734	0.00433325
0.925093	0.0047773
0.956452	0.00524584
0.987811	0.00573974
1.01917	0.00626056
1.05053	0.00681087
1.08189	0.0073944
1.11325	0.00801634
1.14461	0.00868355
1.17597	0.0094048
1.20733	0.0101909
1.23868	0.0110549
1.27004	0.0120121
1.3014	0.0130799
1.33276	0.0142778
1.36412	0.0156269
1.39548	0.0171499
1.42684	0.0188697
1.4582	0.0208094
1.48956	0.022991
1.52092	0.0254342
1.55228	0.0281553
1.58363	0.0311662
1.61499	0.0344725
1.64635	0.0380726
1.67771	0.0419565
1.70907	0.0461044
1.74043	0.0504864
1.77179	0.0550616
1.80315	0.0597784
1.83451	0.0645746
1.86587	0.0693786
1.89723	0.0741103
1.92858	0.0786835
1.95994	0.0830078
1.9913	0.0869916
2.02266	0.0905736
2.05402	0.0937582
2.08538	0.096443
2.11674	0.0985278
2.1481	0.0999202
2.17946	0.100541
2.21082	0.10033
2.24218	0.0992528
2.27353	0.0973066
2.30489	0.0945241
2.33625	0.0909775
2.36761	0.0867785
2.39897	0.0820753
2.43033	0.0770457
2.46169	0.0718844
2.49305	0.0667851
2.50873	0.0643823
