-0.0156795	0.000961309
0.0156795	0.000961309
0.0470386	0.000973428
0.0783977	0.000997962
0.109757	0.00103551
0.141116	0.00108695
0.172475	0.00115346
0.203834	0.00123649
0.235193	0.00133775
0.266552	0.0014592
0.297911	0.001603
0.32927	0.0017715
0.36063	0.0019672
0.391989	0.00219267
0.423348	0.0024505
0.454707	0.00274325
0.486066	0.00307335
0.517425	0.00344304
0.548784	0.00385424
0.580143	0.00430855
0.611502	0.00480709
0.642861	0.00535046
0.674221	0.00593874
0.70558	0.00657136
0.736939	0.00724717
0.768298	0.00796444
0.799657	0.00872089
0.831016	0.0095138
0.862375	0.0103402
0.893734	0.0111968
0.925093	0.0120805
0.956452	0.0129885
0.987811	0.0139184
1.01917	0.0148688
1.05053	0.0158393
1.08189	0.0168309
1.11325	0.0178464
1.14461	0.0188905
1.17597	0.01997
1.20733	0.021094
1.23868	0.0222738
1.27004	0.0235232
1.3014	0.0248579
1.33276	0.0262954
1.36412	0.0278545
1.39548	0.0295545
1.42684	0.0314148
1.4582	0.0334535
1.48956	0.0356866
1.52092	0.0381268
1.55228	0.040782
1.58363	0.0436546
1.61499	0.04674
1.64635	0.0500256
1.67771	0.0534899
1.70907	0.0571024
1.74043	0.0608229
1.77179	0.0646022
1.80315	0.0683827
1.83451	0.0720995
1.86587	0.0756825
1.89723	0.0790581
1.92858	0.0821521
1.95994	0.0848927
1.9913	0.0872132
2.02266	0.0890686
2.05402	0.0904385
2.08538	0.0912537
2.11674	0.0914568
2.1481	0.0910066
2.17946	0.0898843
2.21082	0.0880992
2.24218	0.0856939
2.27353	0.0827491
2.30489	0.0793868
2.33625	0.0757717
2.36761	0.0721094
2.39897	0.0686415
2.43033	0.0656361
2.46169	0.0633727
2.49305	0.0621227
2.50873	0.0621227
