-0.0156795	0.00245594
0.0156795	0.00245594
0.0470386	0.00249203
0.0783977	0.00256453
0.109757	0.00267408
0.141116	0.00282159
0.172475	0.00300819
0.203834	0.00323514
0.235193	0.00350379
0.266552	0.00381545
0.297911	0.00417132
0.32927	0.00457239
0.36063	0.00501933
0.391989	0.00551246
0.423348	0.00605162
0.454707	0.00663619
0.486066	0.00726504
0.517425	0.00793655
0.548784	0.00864869
0.580143	0.00939905
0.611502	0.010185
0.642861	0.011004
0.674221	0.0118534
0.70558	0.0127312
0.736939	0.0136359
0.768298	0.014567
0.799657	0.0155252
0.831016	0.0165129
0.862375	0.0175342
0.893734	0.018595
0.925093	0.0197039
0.956452	0.0208714
0.987811	0.0221106
1.01917	0.0234368
1.05053	0.0248673
1.08189	0.0264211
1.11325	0.0281183
1.14461	0.0299793
1.17597	0.0320242
1.20733	0.0342716
1.23868	0.0367373
1.27004	0.0394334
1.3014	0.0423668
1.33276	0.0455379
1.36412	0.0489395
1.39548	0.0525554
1.42684	0.0563599
1.4582	0.060317
1.48956	0.0643803
1.52092	0.0684931
1.55228	0.072589
1.58363	0.0765933
1.61499	0.0804245
1.64635	0.0839965
1.67771	0.0872209
1.70907	0.0900101
1.74043	0.0922802
1.77179	0.093954
1.80315	0.0949642
1.83451	0.0952561
1.86587	0.0947901
1.89723	0.0935437
1.92858	0.0915126
1.95994	0.0887119
1.9913	0.0851754
2.02266	0.0809259
2.05402	0.0758999
2.08538	0.0701395
2.11674	0.063709
2.1481	0.0566965
2.17946	0.049213
2.21082	0.0413927
2.24218	0.0333916
2.27353	0.0253855
2.30489	0.0175688
2.33625	0.0101514
2.36761	0.00335718
2.39897	-0.00257896
2.43033	-0.00741266
2.46169	-0.0108923
2.49305	-0.0127613
2.50873	-0.0127613
