-0.0156795	-0.0113758
0.0156795	-0.0113758
0.0470386	-0.0110802
0.0783977	-0.0104853
0.109757	-0.00958344
0.141116	-0.0083642
0.172475	-0.0068145
0.203834	-0.00491975
0.235193	-0.00266495
0.266552	-3.59224e-05
0.297911	0.00297927
0.32927	0.0063888
0.36063	0.0101955
0.391989	0.0143956
0.423348	0.0189767
0.454707	0.0239173
0.486066	0.0291855
0.517425	0.034738
0.548784	0.0405207
0.580143	0.0464684
0.611502	0.0525056
0.642861	0.0585482
0.674221	0.0645049
0.70558	0.0702798
0.736939	0.075775
0.768298	0.0808932
0.799657	0.0855413
0.831016	0.0896334
0.862375	0.0930936
0.893734	0.0958588
0.925093	0.0978811
0.956452	0.0991291
0.987811	0.0995897
1.01917	0.0992678
1.05053	0.0981864
1.08189	0.0963853
1.11325	0.0939198
1.14461	0.0908581
1.17597	0.087279
1.20733	0.0832689
1.23868	0.0789186
1.27004	0.0743204
1.3014	0.069565
1.33276	0.0647392
1.36412	0.0599231
1.39548	0.0551888
1.42684	0.0505985
1.4582	0.0462041
1.48956	0.0420466
1.52092	0.038156
1.55228	0.0345521
1.58363	0.031245
1.61499	0.0282364
1.64635	0.0255205
1.67771	0.0230856
1.70907	0.0209154
1.74043	0.0189901
1.77179	0.0172878
1.80315	0.0157855
1.83451	0.0144602
1.86587	0.0132894
1.89723	0.0122521
1.92858	0.011329
1.95994	0.0105029
1.9913	0.00975875
2.02266	0.00907928
2.05402	0.00843901
2.08538	0.00783149
2.11674	0.00725172
2.1481	0.00669621
2.17946	0.00616304
2.21082	0.00565189
2.24218	0.00516398
2.27353	0.00470207
2.30489	0.00427034
2.33625	0.00387436
2.36761	0.00352097
2.39897	0.00321817
2.43033	0.00297505
2.46169	0.00280169
2.49305	0.0027091
2.50873	0.0027091
