-0.0156795	0.0180883
0.0156795	0.0180883
0.0470386	0.0182073
0.0783977	0.0184493
0.109757	0.018823
0.141116	0.0193404
0.172475	0.0200175
0.203834	0.0208728
0.235193	0.0219272
0.266552	0.023203
0.297911	0.0247228
0.32927	0.0265086
0.36063	0.0285803
0.391989	0.0309546
0.423348	0.0336433
0.454707	0.0366522
0.486066	0.0399795
0.517425	0.0436148
0.548784	0.0475378
0.580143	0.0517177
0.611502	0.0561127
0.642861	0.0606698
0.674221	0.0653258
0.70558	0.0700073
0.736939	0.0746331
0.768298	0.0791153
0.799657	0.0833621
0.831016	0.0872803
0.862375	0.0907783
0.893734	0.0937692
0.925093	0.0961738
0.956452	0.0979237
0.987811	0.0989638
1.01917	0.0992546
1.05053	0.0987738
1.08189	0.0975171
1.11325	0.0954989
1.14461	0.0927517
1.17597	0.0893248
1.20733	0.0852827
1.23868	0.0807031
1.27004	0.0756734
1.3014	0.0702883
1.33276	0.0646465
1.36412	0.0588472
1.39548	0.0529874
1.42684	0.0471592
1.4582	0.041447
1.48956	0.0359261
1.52092	0.0306612
1.55228	0.0257051
1.58363	0.0210991
1.61499	0.0168724
1.64635	0.013043
1.67771	0.00961856
1.70907	0.00659734
1.74043	0.0039697
1.77179	0.0017194
1.80315	-0.000174977
1.83451	-0.00173865
1.86587	-0.00299939
1.89723	-0.00398633
1.92858	-0.00472905
1.95994	-0.00525675
1.9913	-0.00559758
2.02266	-0.00577947
2.05402	-0.00582672
2.08538	-0.00575576
2.11674	-0.00558312
2.1481	-0.00532526
2.17946	-0.00499858
2.21082	-0.00461934
2.24218	-0.00420372
2.27353	-0.0037679
2.30489	-0.00332809
2.33625	-0.00290065
2.36761	-0.00250215
2.39897	-0.00214942
2.43033	-0.0018595
2.46169	-0.00164959
2.49305	-0.00153679
2.50873	-0.00153724
