-0.0156795	6.14746e-09
0.0156795	6.14746e-09
0.0470386	7.4017e-09
0.0783977	1.01349e-08
0.109757	1.4804e-08
0.141116	2.22106e-08
0.172475	3.35521e-08
0.203834	5.06544e-08
0.235193	7.61668e-08
0.266552	1.13753e-07
0.297911	1.68623e-07
0.32927	2.48087e-07
0.36063	3.6228e-07
0.391989	5.25096e-07
0.423348	7.55419e-07
0.454707	1.07871e-06
0.486066	1.52893e-06
0.517425	2.15105e-06
0.548784	3.00397e-06
0.580143	4.16421e-06
0.611502	5.73017e-06
0.642861	7.82726e-06
0.674221	1.06137e-05
0.70558	1.42873e-05
0.736939	1.90927e-05
0.768298	2.53297e-05
0.799657	3.33616e-05
0.831016	4.36245e-05
0.862375	5.66361e-05
0.893734	7.30043e-05
0.925093	9.34349e-05
0.956452	0.000118738
0.987811	0.000149833
1.01917	0.000187748
1.05053	0.000233623
1.08189	0.000288698
1.11325	0.00035431
1.14461	0.000431872
1.17597	0.000522856
1.20733	0.00062877
1.23868	0.000751125
1.27004	0.000891403
1.3014	0.00105102
1.33276	0.0012313
1.36412	0.0014334
1.39548	0.00165835
1.42684	0.00190693
1.4582	0.00217975
1.48956	0.00247716
1.52092	0.00279931
1.55228	0.00314618
1.58363	0.0035176
1.61499	0.00391335
1.64635	0.00433324
1.67771	0.0047773
1.70907	0.00524584
1.74043	0.00573974
1.77179	0.00626056
1.80315	0.00681087
1.83451	0.0073944
1.86587	0.00801634
1.89723	0.00868355
1.92858	0.0094048
1.95994	0.0101909
1.9913	0.0110549
2.02266	0.0120507
2.05402	0.0133237
2.08538	0.0148742
2.11674	0.0166946
2.1481	0.0187711
2.17946	0.0210854
2.21082	0.0236183
2.24218	0.0263531
2.27353	0.0292791
2.30489	0.0323958
2.33625	0.0357145
2.36761	0.0392599
2.39897	0.0430676
2.43033	0.0471785
2.46169	0.0516294
2.49305	0.0564378
2.50873	0.0589842
