-0.0156795	0.000258356
0.0156795	0.000258356
0.0470386	0.000264572
0.0783977	0.000277041
0.109757	0.000295836
0.141116	0.000321072
0.172475	0.000352914
0.203834	0.000391579
0.235193	0.000437352
0.266552	0.000490592
0.297911	0.000551745
0.32927	0.000621357
0.36063	0.000700081
0.391989	0.000788695
0.423348	0.000888102
0.454707	0.000999341
0.486066	0.00112359
0.517425	0.00126215
0.548784	0.00141644
0.580143	0.00158801
0.611502	0.00177846
0.642861	0.00198943
0.674221	0.00222257
0.70558	0.00247947
0.736939	0.0027616
0.768298	0.00307027
0.799657	0.0034065
0.831016	0.00377101
0.862375	0.00416412
0.893734	0.00458571
0.925093	0.00503513
0.956452	0.00551123
0.987811	0.00601229
1.01917	0.00653608
1.05053	0.00707986
1.08189	0.00764054
1.11325	0.00821473
1.14461	0.00879894
1.17597	0.00938977
1.20733	0.00998418
1.23868	0.0105797
1.27004	0.0111749
1.3014	0.0117696
1.33276	0.0123652
1.36412	0.0129651
1.39548	0.0135755
1.42684	0.0142048
1.4582	0.0148649
1.48956	0.0155711
1.52092	0.0163424
1.55228	0.0172013
1.58363	0.0181745
1.61499	0.0192924
1.64635	0.0205889
1.67771	0.022101
1.70907	0.0238685
1.74043	0.0259326
1.77179	0.0283357
1.80315	0.0311192
1.83451	0.0343229
1.86587	0.037983
1.89723	0.0421304
1.92858	0.0467888
1.95994	0.0519728
1.9913	0.057686
2.02266	0.0639633
2.05402	0.0709619
2.08538	0.0786873
2.11674	0.0871247
2.1481	0.0962342
2.17946	0.105946
2.21082	0.116153
2.24218	0.126712
2.27353	0.137433
2.30489	0.148078
2.33625	0.158363
2.36761	0.167955
2.39897	0.176478
2.43033	0.183521
2.46169	0.188651
2.49305	0.191428
2.50873	0.191428
