-0.0156795	0.0563654
0.0156795	0.0563654
0.0470386	0.0570243
0.0783977	0.0583182
0.109757	0.0602006
0.141116	0.0626038
0.172475	0.0654415
0.203834	0.068612
0.235193	0.072002
0.266552	0.0754906
0.297911	0.0789538
0.32927	0.0822691
0.36063	0.0853193
0.391989	0.0879973
0.423348	0.0902088
0.454707	0.0918759
0.486066	0.092939
0.517425	0.0933582
0.548784	0.0931142
0.580143	0.0922078
0.611502	0.0906591
0.642861	0.0885056
0.674221	0.0857999
0.70558	0.0826073
0.736939	0.0790022
0.768298	0.0750654
0.799657	0.0708806
0.831016	0.0665312
0.862375	0.0620979
0.893734	0.0576562
0.925093	0.0532742
0.956452	0.0490112
0.987811	0.0449171
1.01917	0.0410313
1.05053	0.0373833
1.08189	0.0339928
1.11325	0.0308701
1.14461	0.0280179
1.17597	0.0254314
1.20733	0.0231004
1.23868	0.0210101
1.27004	0.0191426
1.3014	0.0174776
1.33276	0.0159942
1.36412	0.014671
1.39548	0.0134875
1.42684	0.0124241
1.4582	0.011463
1.48956	0.0105883
1.52092	0.00978622
1.55228	0.0090449
1.58363	0.00835468
1.61499	0.0077078
1.64635	0.00709827
1.67771	0.00652167
1.70907	0.00597491
1.74043	0.00545598
1.77179	0.00496377
1.80315	0.0044978
1.83451	0.00405803
1.86587	0.00364473
1.89723	0.00325827
1.92858	0.00289902
1.95994	0.00256727
1.9913	0.00226315
2.02266	0.00198461
2.05402	0.00172529
2.08538	0.00148586
2.11674	0.00126676
2.1481	0.00106819
2.17946	0.000890105
2.21082	0.000732178
2.24218	0.000593854
2.27353	0.00047436
2.30489	0.000372749
2.33625	0.000287962
2.36761	0.000218898
2.39897	0.000164511
2.43033	0.000123936
2.46169	9.66325e-05
2.49305	8.2592e-05
2.50873	8.2592e-05
