-0.0156795	1.38778e-17
0.0156795	1.38778e-17
0.0470386	-2.77556e-17
0.0783977	4.85723e-17
0.109757	-2.77556e-17
0.141116	1.38778e-17
0.172475	1.38778e-17
0.203834	4.85723e-17
0.235193	-5.55112e-17
0.266552	8.32667e-17
0.297911	-1.38778e-17
0.32927	6.93889e-17
0.36063	-5.55112e-17
0.391989	8.32667e-17
0.423348	-5.55112e-17
0.454707	5.55112e-17
0.486066	-2.77556e-17
0.517425	1.38778e-17
0.548784	-1.38778e-17
0.580143	6.93889e-17
0.611502	-5.55112e-17
0.642861	5.55112e-17
0.674221	-1.38778e-17
0.70558	4.16334e-17
0.736939	-1.38778e-17
0.768298	4.16334e-17
0.799657	-1.38778e-17
0.831016	2.77556e-17
0.862375	2.77556e-17
0.893734	2.77556e-17
0.925093	-1.38778e-17
0.956452	1.38778e-17
0.987811	2.08167e-17
1.01917	-4.85723e-17
1.05053	2.77556e-17
1.08189	-4.16334e-17
1.11325	-2.08167e-17
1.14461	-1.38778e-17
1.17597	-1.73472e-17
1.20733	-1.04083e-17
1.23868	-3.46945e-17
1.27004	-1.38778e-17
1.3014	-1.21431e-17
1.33276	-1.73472e-17
1.36412	-1.21431e-17
1.39548	1.73472e-18
1.42684	3.57122e-11
1.4582	1.63658e-10
1.48956	3.46165e-10
1.52092	5.9238e-10
1.55228	9.58781e-10
1.58363	1.51391e-09
1.61499	2.39125e-09
1.64635	3.75622e-09
1.67771	5.88779e-09
1.70907	9.17611e-09
1.74043	1.42116e-08
1.77179	2.18644e-08
1.80315	3.33884e-08
1.83451	5.06187e-08
1.86587	7.61668e-08
1.89723	1.13753e-07
1.92858	1.68623e-07
1.95994	2.48087e-07
1.9913	3.6228e-07
2.02266	4.39439e-07
2.05402	3.1803e-07
2.08538	1.37746e-07
2.11674	-2.94657e-08
2.1481	-1.53524e-07
2.17946	-2.28334e-07
2.21082	-2.59973e-07
2.24218	-2.59256e-07
2.27353	-2.37564e-07
2.30489	-2.04619e-07
2.33625	-1.67774e-07
2.36761	-1.31854e-07
2.39897	-9.9623e-08
2.43033	-7.20362e-08
2.46169	-4.88057e-08
2.49305	-2.82768e-08
2.50873	-1.64036e-08
