-0.0156795	0.000100261
0.0156795	0.000100261
0.0470386	0.000106366
0.0783977	0.000118765
0.109757	0.000137831
0.141116	0.00016412
0.172475	0.000198362
0.203834	0.00024145
0.235193	0.000294429
0.266552	0.000358474
0.297911	0.000434876
0.32927	0.000525007
0.36063	0.000630299
0.391989	0.000752204
0.423348	0.000892159
0.454707	0.00105155
0.486066	0.00123166
0.517425	0.00143365
0.548784	0.00165852
0.580143	0.00190705
0.611502	0.00217982
0.642861	0.00247721
0.674221	0.00279935
0.70558	0.0031462
0.736939	0.00351761
0.768298	0.00391335
0.799657	0.00433325
0.831016	0.0047773
0.862375	0.00524585
0.893734	0.00573974
0.925093	0.00626057
0.956452	0.00681087
0.987811	0.0073944
1.01917	0.00801634
1.05053	0.00868355
1.08189	0.0094048
1.11325	0.0101909
1.14461	0.0110549
1.17597	0.0120121
1.20733	0.0130799
1.23868	0.0142778
1.27004	0.0156269
1.3014	0.0171499
1.33276	0.0188697
1.36412	0.0208094
1.39548	0.022991
1.42684	0.0254342
1.4582	0.0281553
1.48956	0.0311662
1.52092	0.0344725
1.55228	0.0380726
1.58363	0.0419565
1.61499	0.0461044
1.64635	0.0504864
1.67771	0.0550616
1.70907	0.0597784
1.74043	0.0645746
1.77179	0.0693786
1.80315	0.0741103
1.83451	0.0786835
1.86587	0.0830078
1.89723	0.0869916
1.92858	0.0905447
1.95994	0.0935814
1.9913	0.0960239
2.02266	0.0978195
2.05402	0.0989414
2.08538	0.099308
2.11674	0.0988509
2.1481	0.0975196
2.17946	0.0952879
2.21082	0.0921583
2.24218	0.0881674
2.27353	0.0833902
2.30489	0.0779426
2.33625	0.0719831
2.36761	0.0657107
2.39897	0.0593611
2.43033	0.0531983
2.46169	0.0475016
2.49305	0.0425482
2.50873	0.0406115
