-0.0156795	0.000514091
0.0156795	0.000514091
0.0470386	0.000521471
0.0783977	0.000536368
0.109757	0.000559062
0.141116	0.000589977
0.172475	0.000629688
0.203834	0.000678937
0.235193	0.000738634
0.266552	0.000809871
0.297911	0.000893929
0.32927	0.000992281
0.36063	0.0011066
0.391989	0.00123873
0.423348	0.00139072
0.454707	0.00156476
0.486066	0.00176317
0.517425	0.00198834
0.548784	0.00224273
0.580143	0.00252873
0.611502	0.00284866
0.642861	0.00320466
0.674221	0.00359859
0.70558	0.00403196
0.736939	0.00450584
0.768298	0.00502078
0.799657	0.00557672
0.831016	0.00617296
0.862375	0.0068081
0.893734	0.00748005
0.925093	0.00818604
0.956452	0.00892273
0.987811	0.00968623
1.01917	0.0104723
1.05053	0.0112766
1.08189	0.0120948
1.11325	0.012923
1.14461	0.0137577
1.17597	0.0145967
1.20733	0.0154391
1.23868	0.0162854
1.27004	0.0171384
1.3014	0.0180032
1.33276	0.0188875
1.36412	0.0198015
1.39548	0.0207587
1.42684	0.0217751
1.4582	0.0228698
1.48956	0.0240638
1.52092	0.0253805
1.55228	0.0268446
1.58363	0.0284812
1.61499	0.0303152
1.64635	0.0323703
1.67771	0.0346676
1.70907	0.0372246
1.74043	0.040054
1.77179	0.0431627
1.80315	0.0465507
1.83451	0.0502104
1.86587	0.0541263
1.89723	0.0582744
1.92858	0.0626227
1.95994	0.0671315
1.9913	0.0717548
2.02266	0.0764739
2.05402	0.0813542
2.08538	0.0863425
2.11674	0.0913781
2.1481	0.0963937
2.17946	0.101318
2.21082	0.106077
2.24218	0.110599
2.27353	0.114815
2.30489	0.118661
2.33625	0.122083
2.36761	0.125033
2.39897	0.127472
2.43033	0.129366
2.46169	0.130679
2.49305	0.131367
2.50873	0.131367
