-0.0156795	-3.97089e-18
0.0156795	-3.97089e-18
0.0470386	-2.43945e-18
0.0783977	-2.71051e-20
0.109757	4.39102e-18
0.141116	-3.30682e-18
0.172475	8.10441e-18
0.203834	-1.22515e-17
0.235193	1.71304e-17
0.266552	-1.78893e-17
0.297911	4.55365e-18
0.32927	-6.61363e-18
0.36063	-2.81893e-18
0.391989	4.77049e-18
0.423348	-1.30104e-17
0.454707	1.25767e-17
0.486066	-4.33681e-18
0.517425	8.67362e-19
0.548784	-3.46945e-18
0.580143	-1.38778e-17
0.611502	3.57122e-11
0.642861	1.63658e-10
0.674221	3.46165e-10
0.70558	5.9238e-10
0.736939	9.58781e-10
0.768298	1.51391e-09
0.799657	2.39125e-09
0.831016	3.75622e-09
0.862375	5.88779e-09
0.893734	9.17611e-09
0.925093	1.42116e-08
0.956452	2.18644e-08
0.987811	3.33884e-08
1.01917	5.06187e-08
1.05053	7.61668e-08
1.08189	1.13753e-07
1.11325	1.68623e-07
1.14461	2.48087e-07
1.17597	3.6228e-07
1.20733	5.25096e-07
1.23868	7.55419e-07
1.27004	1.07871e-06
1.3014	1.52893e-06
1.33276	2.15105e-06
1.36412	3.00397e-06
1.39548	4.16421e-06
1.42684	5.73017e-06
1.4582	7.82726e-06
1.48956	1.06137e-05
1.52092	1.42873e-05
1.55228	1.90927e-05
1.58363	2.53297e-05
1.61499	3.33616e-05
1.64635	4.36245e-05
1.67771	5.66361e-05
1.70907	7.30043e-05
1.74043	9.34349e-05
1.77179	0.000118738
1.80315	0.000149833
1.83451	0.000187748
1.86587	0.000233623
1.89723	0.000288698
1.92858	0.00035431
1.95994	0.000431872
1.9913	0.000522856
2.02266	0.000604113
2.05402	0.00060132
2.08538	0.000533676
2.11674	0.000420549
2.1481	0.000280348
2.17946	0.000129612
2.21082	-1.76192e-05
2.24218	-0.000150155
2.27353	-0.000259708
2.30489	-0.000340675
2.33625	-0.000389647
2.36761	-0.000404666
2.39897	-0.000384228
2.43033	-0.000325983
2.46169	-0.000225058
2.49305	-7.18402e-05
2.50873	4.64803e-05
