-0.0156795	0.0135093
0.0156795	0.0135093
0.0470386	0.0135896
0.0783977	0.0137491
0.109757	0.013986
0.141116	0.0142975
0.172475	0.0146802
0.203834	0.0151305
0.235193	0.0156446
0.266552	0.0162192
0.297911	0.0168515
0.32927	0.0175399
0.36063	0.018284
0.391989	0.0190855
0.423348	0.019948
0.454707	0.0208773
0.486066	0.021882
0.517425	0.022973
0.548784	0.0241638
0.580143	0.0254701
0.611502	0.0269095
0.642861	0.0285012
0.674221	0.0302649
0.70558	0.0322201
0.736939	0.0343853
0.768298	0.0367764
0.799657	0.0394059
0.831016	0.0422813
0.862375	0.0454039
0.893734	0.0487675
0.925093	0.0523573
0.956452	0.056149
0.987811	0.0601084
1.01917	0.0641905
1.05053	0.0683407
1.08189	0.0724943
1.11325	0.0765785
1.14461	0.0805136
1.17597	0.084215
1.20733	0.0875957
1.23868	0.0905694
1.27004	0.0930528
1.3014	0.0949693
1.33276	0.0962512
1.36412	0.0968434
1.39548	0.0967047
1.42684	0.0958106
1.4582	0.0941539
1.48956	0.0917457
1.52092	0.0886152
1.55228	0.0848088
1.58363	0.0803885
1.61499	0.0754303
1.64635	0.0700208
1.67771	0.0642551
1.70907	0.0582329
1.74043	0.0520557
1.77179	0.0458236
1.80315	0.0396321
1.83451	0.0335697
1.86587	0.027716
1.89723	0.0221395
1.92858	0.016897
1.95994	0.012033
1.9913	0.00757923
2.02266	0.0035272
2.05402	-0.000200873
2.08538	-0.00358503
2.11674	-0.00661375
2.1481	-0.00928395
2.17946	-0.0116006
2.21082	-0.0135763
2.24218	-0.0152299
2.27353	-0.0165861
2.30489	-0.0176736
2.33625	-0.0185238
2.36761	-0.0191691
2.39897	-0.019641
2.43033	-0.0199686
2.46169	-0.0201755
2.49305	-0.0202771
2.50873	-0.0202771
