-0.0156795	0.025092
0.0156795	0.025092
0.0470386	0.0253327
0.0783977	0.0258178
0.109757	0.0265547
0.141116	0.0275533
0.172475	0.0288258
0.203834	0.0303854
0.235193	0.032245
0.266552	0.0344159
0.297911	0.0369059
0.32927	0.0397183
0.36063	0.0428499
0.391989	0.0462897
0.423348	0.0500178
0.454707	0.054004
0.486066	0.0582078
0.517425	0.0625777
0.548784	0.0670518
0.580143	0.0715583
0.611502	0.0760172
0.642861	0.0803418
0.674221	0.0844412
0.70558	0.0882229
0.736939	0.0915957
0.768298	0.0944728
0.799657	0.0967751
0.831016	0.0984337
0.862375	0.0993933
0.893734	0.0996135
0.925093	0.0990715
0.956452	0.0977622
0.987811	0.0956992
1.01917	0.0929141
1.05053	0.0894555
1.08189	0.0853872
1.11325	0.0807859
1.14461	0.0757386
1.17597	0.0703392
1.20733	0.064686
1.23868	0.0588776
1.27004	0.0530106
1.3014	0.0471767
1.33276	0.0414602
1.36412	0.035936
1.39548	0.0306685
1.42684	0.0257105
1.4582	0.0211031
1.48956	0.0168753
1.52092	0.0130451
1.55228	0.00962002
1.58363	0.00659837
1.61499	0.00397042
1.64635	0.0017199
1.67771	-0.000174628
1.70907	-0.00173841
1.74043	-0.00299922
1.77179	-0.00398622
1.80315	-0.00472898
1.83451	-0.0052567
1.86587	-0.00559754
1.89723	-0.00577818
1.92858	-0.00582345
1.95994	-0.00575619
1.9913	-0.0055971
2.02266	-0.00536317
2.05402	-0.0050628
2.08538	-0.0047078
2.11674	-0.0043096
2.1481	-0.00387927
2.17946	-0.00342755
2.21082	-0.00296489
2.24218	-0.00250154
2.27353	-0.00204764
2.30489	-0.00161323
2.33625	-0.00120845
2.36761	-0.000843521
2.39897	-0.000528941
2.43033	-0.000275532
2.46169	-9.45798e-05
2.49305	2.05924e-06
2.50873	1.97206e-06
