-0.0156795	-0.000775704
0.0156795	-0.000775704
0.0470386	-0.000826694
0.0783977	-0.000927935
0.109757	-0.00107795
0.141116	-0.0012745
0.172475	-0.00151458
0.203834	-0.00179443
0.235193	-0.00210942
0.266552	-0.0024541
0.297911	-0.00282209
0.32927	-0.00320604
0.36063	-0.00359751
0.391989	-0.00398691
0.423348	-0.00436333
0.454707	-0.00471448
0.486066	-0.00502647
0.517425	-0.00528371
0.548784	-0.00546879
0.580143	-0.00556235
0.611502	-0.00554303
0.642861	-0.00538744
0.674221	-0.00507028
0.70558	-0.00456451
0.736939	-0.00384165
0.768298	-0.00287226
0.799657	-0.00162658
0.831016	-7.52837e-05
0.862375	0.00180949
0.893734	0.00405306
0.925093	0.00667691
0.956452	0.00969732
0.987811	0.013124
1.01917	0.0169586
1.05053	0.0211935
1.08189	0.0258108
1.11325	0.0307811
1.14461	0.0360633
1.17597	0.0416045
1.20733	0.0473401
1.23868	0.0531948
1.27004	0.0590842
1.3014	0.0649164
1.33276	0.0705946
1.36412	0.0760195
1.39548	0.0810929
1.42684	0.0857205
1.4582	0.0898149
1.48956	0.0932993
1.52092	0.0961096
1.55228	0.098197
1.58363	0.09953
1.61499	0.100095
1.64635	0.0998974
1.67771	0.0989603
1.70907	0.0973245
1.74043	0.0950465
1.77179	0.0921958
1.80315	0.0888528
1.83451	0.0851059
1.86587	0.0810476
1.89723	0.0767725
1.92858	0.0723731
1.95994	0.067938
1.9913	0.0635493
2.02266	0.0592501
2.05402	0.0550013
2.08538	0.050865
2.11674	0.0468979
2.1481	0.0431502
2.17946	0.0396641
2.21082	0.0364729
2.24218	0.0336006
2.27353	0.0310616
2.30489	0.0288617
2.33625	0.0269986
2.36761	0.0254639
2.39897	0.024246
2.43033	0.0233329
2.46169	0.0227169
2.49305	0.0223997
2.50873	0.0223997
