-0.0156795	0.0773713
0.0156795	0.0773713
0.0470386	0.0778183
0.0783977	0.0786901
0.109757	0.0799431
0.141116	0.0815146
0.172475	0.0833255
0.203834	0.085284
0.235193	0.0872898
0.266552	0.0892381
0.297911	0.091025
0.32927	0.0925514
0.36063	0.0937269
0.391989	0.0944741
0.423348	0.0947308
0.454707	0.0944526
0.486066	0.0936136
0.517425	0.0922074
0.548784	0.0902457
0.580143	0.087758
0.611502	0.0847885
0.642861	0.0813945
0.674221	0.077643
0.70558	0.0736076
0.736939	0.0693655
0.768298	0.0649942
0.799657	0.0605691
0.831016	0.0561604
0.862375	0.051832
0.893734	0.047639
0.925093	0.0436277
0.956452	0.0398343
0.987811	0.0362852
1.01917	0.0329973
1.05053	0.0299788
1.08189	0.0272301
1.11325	0.0247449
1.14461	0.0225113
1.17597	0.0205134
1.20733	0.0187323
1.23868	0.0171471
1.27004	0.0157363
1.3014	0.0144784
1.33276	0.0133527
1.36412	0.0123398
1.39548	0.0114222
1.42684	0.0105842
1.4582	0.00981239
1.48956	0.00909553
1.52092	0.00842442
1.55228	0.00779183
1.58363	0.0071923
1.61499	0.00662192
1.64635	0.00607808
1.67771	0.00555924
1.70907	0.0050647
1.74043	0.00459435
1.77179	0.00414852
1.80315	0.00372774
1.83451	0.00333265
1.86587	0.00296386
1.89723	0.00262184
1.92858	0.00230688
1.95994	0.00201902
1.9913	0.00175806
2.02266	0.00152187
2.05402	0.00130472
2.08538	0.00110683
2.11674	0.000928192
2.1481	0.000768566
2.17946	0.000627464
2.21082	0.000504185
2.24218	0.000397837
2.27353	0.000307373
2.30489	0.000231632
2.33625	0.000169398
2.36761	0.000119457
2.39897	8.06795e-05
2.43033	5.21078e-05
2.46169	3.3075e-05
2.49305	2.3353e-05
2.50873	2.3353e-05
