-0.0156795	0.0396792
0.0156795	0.0396792
0.0470386	0.0401409
0.0783977	0.0410611
0.109757	0.0424331
0.141116	0.044246
0.172475	0.0464846
0.203834	0.0491275
0.235193	0.0521474
0.266552	0.0555092
0.297911	0.05917
0.32927	0.063078
0.36063	0.0671728
0.391989	0.0713855
0.423348	0.0756391
0.454707	0.07985
0.486066	0.0839293
0.517425	0.0877851
0.548784	0.0913249
0.580143	0.094458
0.611502	0.097099
0.642861	0.0991701
0.674221	0.100604
0.70558	0.101348
0.736939	0.101361
0.768298	0.100624
0.799657	0.0991318
0.831016	0.096899
0.862375	0.0939576
0.893734	0.0903567
0.925093	0.0861599
0.956452	0.0814436
0.987811	0.0762943
1.01917	0.0708055
1.05053	0.0650742
1.08189	0.0591985
1.11325	0.053274
1.14461	0.0473913
1.17597	0.0416337
1.20733	0.0360752
1.23868	0.0307794
1.27004	0.0257982
1.3014	0.0211719
1.33276	0.0169289
1.36412	0.0130865
1.39548	0.00965185
1.42684	0.00662262
1.4582	0.00398876
1.48956	0.00173367
1.52092	-0.000164377
1.55228	-0.00173083
1.58363	-0.00299366
1.61499	-0.00398217
1.64635	-0.00472605
1.67771	-0.0052546
1.70907	-0.00559605
1.74043	-0.00577712
1.77179	-0.00582271
1.80315	-0.00575567
1.83451	-0.00559675
1.86587	-0.00536456
1.89723	-0.00507567
1.92858	-0.00474465
1.95994	-0.00438425
1.9913	-0.00400554
2.02266	-0.00361526
2.05402	-0.00321152
2.08538	-0.00280098
2.11674	-0.0023899
2.1481	-0.00198409
2.17946	-0.00158895
2.21082	-0.0012095
2.24218	-0.000850328
2.27353	-0.000515687
2.30489	-0.000209489
2.33625	6.46106e-05
2.36761	0.000303117
2.39897	0.000502547
2.43033	0.000659227
2.46169	0.000769023
2.49305	0.000826995
2.50873	0.000826986
