-0.0156795	2.77556e-17
0.0156795	2.77556e-17
0.0470386	0
0.0783977	-2.77556e-17
0.109757	2.77556e-17
0.141116	-2.77556e-17
0.172475	2.77556e-17
0.203834	0
0.235193	0
0.266552	-2.77556e-17
0.297911	0
0.32927	0
0.36063	1.38778e-17
0.391989	1.38778e-17
0.423348	-2.77556e-17
0.454707	1.38778e-17
0.486066	0
0.517425	1.38778e-17
0.548784	2.77556e-17
0.580143	-2.08167e-17
0.611502	-6.93889e-18
0.642861	0
0.674221	0
0.70558	0
0.736939	-3.46945e-18
0.768298	-6.93889e-18
0.799657	3.46945e-18
0.831016	-6.93889e-18
0.862375	3.46945e-18
0.893734	0
0.925093	-6.93889e-18
0.956452	4.33681e-18
0.987811	-8.67362e-18
1.01917	8.67362e-19
1.05053	-5.20417e-18
1.08189	0
1.11325	-2.1684e-19
1.14461	6.50521e-19
1.17597	1.0842e-18
1.20733	-2.1684e-19
1.23868	-7.58942e-19
1.27004	4.33681e-19
1.3014	2.71051e-19
1.33276	-5.42101e-20
1.36412	8.13152e-20
1.39548	1.6263e-19
1.42684	1.35525e-20
1.4582	-1.35525e-20
1.48956	1.01644e-19
1.52092	-1.35525e-20
1.55228	1.01644e-20
1.58363	3.72694e-20
1.61499	3.38813e-21
1.64635	-2.5411e-21
1.67771	7.6233e-21
1.70907	-2.5411e-21
1.74043	3.38813e-21
1.77179	1.90582e-21
1.80315	-6.35275e-22
1.83451	-6.35275e-22
1.86587	3.17637e-22
1.89723	5.55865e-22
1.92858	3.57122e-11
1.95994	1.63658e-10
1.9913	3.46165e-10
2.02266	4.36382e-10
2.05402	2.23862e-10
2.08538	-3.81841e-11
2.11674	-2.04295e-10
2.1481	-2.33797e-10
2.17946	-2.0678e-10
2.21082	-1.62823e-10
2.24218	-1.19673e-10
2.27353	-8.39035e-11
2.30489	-5.67776e-11
2.33625	-3.7349e-11
2.36761	-2.39937e-11
2.39897	-1.51013e-11
2.43033	-9.22692e-12
2.46169	-4.78752e-12
2.49305	-5.69683e-13
2.50873	2.1164e-12
