-0.0156795	0.0154107
0.0156795	0.0154107
0.0470386	0.0154944
0.0783977	0.0156654
0.109757	0.0159306
0.141116	0.0163008
0.172475	0.0167894
0.203834	0.0174131
0.235193	0.0181911
0.266552	0.0191445
0.297911	0.0202961
0.32927	0.021669
0.36063	0.0232866
0.391989	0.0251708
0.423348	0.0273411
0.454707	0.0298136
0.486066	0.0325996
0.517425	0.0357038
0.548784	0.0391236
0.580143	0.0428479
0.611502	0.0468556
0.642861	0.0511152
0.674221	0.0555845
0.70558	0.0602103
0.736939	0.0649289
0.768298	0.0696673
0.799657	0.0743439
0.831016	0.0788712
0.862375	0.0831577
0.893734	0.0871104
0.925093	0.0906381
0.956452	0.0936544
0.987811	0.0960806
1.01917	0.0978486
1.05053	0.0989038
1.08189	0.099207
1.11325	0.0987362
1.14461	0.0974878
1.17597	0.0954762
1.20733	0.0927342
1.23868	0.0893114
1.27004	0.0852726
1.3014	0.0806955
1.33276	0.0756677
1.36412	0.0702841
1.39548	0.0646434
1.42684	0.0588449
1.4582	0.0529858
1.48956	0.047158
1.52092	0.0414462
1.55228	0.0359255
1.58363	0.0306608
1.61499	0.0257049
1.64635	0.0210989
1.67771	0.0168723
1.70907	0.0130429
1.74043	0.0096185
1.77179	0.0065973
1.80315	0.00396967
1.83451	0.00171938
1.86587	-0.000174988
1.89723	-0.00173866
1.92858	-0.00299939
1.95994	-0.00398633
1.9913	-0.00472906
2.02266	-0.00526046
2.05402	-0.00561508
2.08538	-0.0058108
2.11674	-0.00586622
2.1481	-0.00580039
2.17946	-0.00563264
2.21082	-0.00538244
2.24218	-0.0050693
2.27353	-0.00471279
2.30489	-0.00433253
2.33625	-0.0039482
2.36761	-0.00357957
2.39897	-0.00324646
2.43033	-0.00296867
2.46169	-0.00276571
2.49305	-0.00265648
2.50873	-0.00265744
