-0.0156795	3.338e-05
0.0156795	3.338e-05
0.0470386	3.59434e-05
0.0783977	4.11889e-05
0.109757	4.93547e-05
0.141116	6.08004e-05
0.172475	7.60083e-05
0.203834	9.55859e-05
0.235193	0.000120267
0.266552	0.000150911
0.297911	0.000188504
0.32927	0.000234148
0.36063	0.000289061
0.391989	0.000354558
0.423348	0.00043204
0.454707	0.00052297
0.486066	0.000628846
0.517425	0.000751175
0.548784	0.000891436
0.580143	0.00105104
0.611502	0.00123131
0.642861	0.00143341
0.674221	0.00165835
0.70558	0.00190694
0.736939	0.00217975
0.768298	0.00247716
0.799657	0.00279931
0.831016	0.00314618
0.862375	0.0035176
0.893734	0.00391335
0.925093	0.00433324
0.956452	0.0047773
0.987811	0.00524584
1.01917	0.00573974
1.05053	0.00626056
1.08189	0.00681087
1.11325	0.0073944
1.14461	0.00801634
1.17597	0.00868355
1.20733	0.0094048
1.23868	0.0101909
1.27004	0.0110549
1.3014	0.0120121
1.33276	0.0130799
1.36412	0.0142778
1.39548	0.0156269
1.42684	0.0171499
1.4582	0.0188697
1.48956	0.0208094
1.52092	0.022991
1.55228	0.0254342
1.58363	0.0281553
1.61499	0.0311662
1.64635	0.0344725
1.67771	0.0380726
1.70907	0.0419565
1.74043	0.0461044
1.77179	0.0504864
1.80315	0.0550616
1.83451	0.0597784
1.86587	0.0645746
1.89723	0.0693786
1.92858	0.0741103
1.95994	0.0786835
1.9913	0.0830078
2.02266	0.0870245
2.05402	0.090752
2.08538	0.0940882
2.11674	0.0969299
2.1481	0.0991773
2.17946	0.100739
2.21082	0.101539
2.24218	0.10152
2.27353	0.100652
2.30489	0.0989368
2.33625	0.0964079
2.36761	0.0931363
2.39897	0.0892253
2.43033	0.0848055
2.46169	0.0800229
2.49305	0.0750235
2.50873	0.072502
