-0.0156795	0.000586034
0.0156795	0.000586034
0.0470386	0.000593965
0.0783977	0.000609993
0.109757	0.000634454
0.141116	0.000667857
0.172475	0.000710889
0.203834	0.000764426
0.235193	0.000829538
0.266552	0.000907494
0.297911	0.000999766
0.32927	0.00110803
0.36063	0.00123417
0.391989	0.00138023
0.423348	0.00154846
0.454707	0.0017412
0.486066	0.00196092
0.517425	0.00221013
0.548784	0.00249131
0.580143	0.00280688
0.611502	0.00315907
0.642861	0.00354988
0.674221	0.00398099
0.70558	0.00445361
0.736939	0.00496849
0.768298	0.00552578
0.799657	0.00612501
0.831016	0.00676501
0.862375	0.00744397
0.893734	0.00815939
0.925093	0.00890817
0.956452	0.00968671
0.987811	0.010491
1.01917	0.0113169
1.05053	0.0121603
1.08189	0.0130174
1.11325	0.0138848
1.14461	0.0147602
1.17597	0.0156425
1.20733	0.0165322
1.23868	0.0174317
1.27004	0.0183455
1.3014	0.0192807
1.33276	0.020247
1.36412	0.0212568
1.39548	0.0223251
1.42684	0.0234698
1.4582	0.0247108
1.48956	0.0260698
1.52092	0.0275698
1.55228	0.0292342
1.58363	0.0310859
1.61499	0.0331462
1.64635	0.0354339
1.67771	0.0379638
1.70907	0.0407455
1.74043	0.0437827
1.77179	0.0470719
1.80315	0.0506018
1.83451	0.0543527
1.86587	0.0582964
1.89723	0.0623968
1.92858	0.0666101
1.95994	0.0708863
1.9913	0.0751705
2.02266	0.0794346
2.05402	0.0837244
2.08538	0.0879776
2.11674	0.0921277
2.1481	0.0961069
2.17946	0.0998488
2.21082	0.103293
2.24218	0.106386
2.27353	0.109091
2.30489	0.111385
2.33625	0.113261
2.36761	0.114736
2.39897	0.115839
2.43033	0.116611
2.46169	0.117099
2.49305	0.117337
2.50873	0.117337
