-0.0156795	6.93889e-18
0.0156795	6.93889e-18
0.0470386	-4.16334e-17
0.0783977	4.85723e-17
0.109757	-6.93889e-17
0.141116	4.85723e-17
0.172475	-3.46945e-17
0.203834	6.93889e-18
0.235193	2.08167e-17
0.266552	2.77556e-17
0.297911	-2.77556e-17
0.32927	5.55112e-17
0.36063	-1.38778e-17
0.391989	5.55112e-17
0.423348	-8.32667e-17
0.454707	8.32667e-17
0.486066	-5.55112e-17
0.517425	5.55112e-17
0.548784	-1.38778e-17
0.580143	1.38778e-17
0.611502	0
0.642861	5.55112e-17
0.674221	-2.77556e-17
0.70558	5.55112e-17
0.736939	-1.38778e-17
0.768298	2.77556e-17
0.799657	-1.38778e-17
0.831016	4.16334e-17
0.862375	-1.38778e-17
0.893734	2.77556e-17
0.925093	2.77556e-17
0.956452	1.38778e-17
0.987811	1.38778e-17
1.01917	-6.93889e-18
1.05053	1.38778e-17
1.08189	-2.08167e-17
1.11325	6.93889e-18
1.14461	-2.77556e-17
1.17597	-6.93889e-18
1.20733	-2.08167e-17
1.23868	-3.81639e-17
1.27004	0
1.3014	-2.42861e-17
1.33276	-1.73472e-17
1.36412	3.57122e-11
1.39548	1.63658e-10
1.42684	3.46165e-10
1.4582	5.9238e-10
1.48956	9.58781e-10
1.52092	1.51391e-09
1.55228	2.39125e-09
1.58363	3.75622e-09
1.61499	5.88779e-09
1.64635	9.17611e-09
1.67771	1.42116e-08
1.70907	2.18644e-08
1.74043	3.33884e-08
1.77179	5.06187e-08
1.80315	7.61668e-08
1.83451	1.13753e-07
1.86587	1.68623e-07
1.89723	2.48087e-07
1.92858	3.6228e-07
1.95994	5.25096e-07
1.9913	7.55419e-07
2.02266	9.15307e-07
2.05402	6.85179e-07
2.08538	3.27156e-07
2.11674	-1.70465e-08
2.1481	-2.83247e-07
2.17946	-4.53827e-07
2.21082	-5.36424e-07
2.24218	-5.49931e-07
2.27353	-5.15948e-07
2.30489	-4.54142e-07
2.33625	-3.80043e-07
2.36761	-3.04614e-07
2.39897	-2.34419e-07
2.43033	-1.72399e-07
2.46169	-1.18203e-07
2.49305	-6.83889e-08
2.50873	-3.89953e-08
