-0.0156795	0.000173514
0.0156795	0.000173514
0.0470386	0.000179331
0.0783977	0.000190921
0.109757	0.000208191
0.141116	0.000231006
0.172475	0.000259176
0.203834	0.000292459
0.235193	0.000330558
0.266552	0.000373111
0.297911	0.000419696
0.32927	0.000469818
0.36063	0.000522915
0.391989	0.000578354
0.423348	0.000635432
0.454707	0.000693381
0.486066	0.000751378
0.517425	0.000808554
0.548784	0.000864017
0.580143	0.000916865
0.611502	0.000966225
0.642861	0.00101128
0.674221	0.00105131
0.70558	0.00108572
0.736939	0.00111413
0.768298	0.00113638
0.799657	0.00115258
0.831016	0.00116319
0.862375	0.00116904
0.893734	0.00117139
0.925093	0.00117194
0.956452	0.00117286
0.987811	0.00117683
1.01917	0.00118701
1.05053	0.00120708
1.08189	0.00124123
1.11325	0.00129416
1.14461	0.00137106
1.17597	0.00147769
1.20733	0.00162036
1.23868	0.00180602
1.27004	0.00204234
1.3014	0.00233786
1.33276	0.00270213
1.36412	0.00314594
1.39548	0.00368152
1.42684	0.00432285
1.4582	0.00508589
1.48956	0.00598887
1.52092	0.00705253
1.55228	0.00830027
1.58363	0.00975829
1.61499	0.0114555
1.64635	0.0134234
1.67771	0.0156958
1.70907	0.0183079
1.74043	0.0212961
1.77179	0.0246964
1.80315	0.0285433
1.83451	0.0328688
1.86587	0.0377001
1.89723	0.0430582
1.92858	0.0489561
1.95994	0.0553967
1.9913	0.0623715
2.02266	0.0699112
2.05402	0.0781917
2.08538	0.0872051
2.11674	0.0969222
2.1481	0.107287
2.17946	0.118214
2.21082	0.129582
2.24218	0.141228
2.27353	0.152949
2.30489	0.164496
2.33625	0.175573
2.36761	0.185839
2.39897	0.194914
2.43033	0.202381
2.46169	0.207802
2.49305	0.21073
2.50873	0.21073
