-0.0156795	-1.38778e-17
0.0156795	-1.38778e-17
0.0470386	5.55112e-17
0.0783977	1.38778e-17
0.109757	-1.38778e-17
0.141116	4.16334e-17
0.172475	-1.38778e-17
0.203834	6.93889e-17
0.235193	-9.71445e-17
0.266552	1.11022e-16
0.297911	-5.55112e-17
0.32927	6.93889e-17
0.36063	-2.77556e-17
0.391989	2.77556e-17
0.423348	-1.38778e-17
0.454707	6.93889e-17
0.486066	-2.77556e-17
0.517425	5.55112e-17
0.548784	-1.38778e-17
0.580143	1.38778e-17
0.611502	-2.77556e-17
0.642861	2.77556e-17
0.674221	-1.38778e-17
0.70558	2.77556e-17
0.736939	1.38778e-17
0.768298	4.16334e-17
0.799657	-1.38778e-17
0.831016	4.16334e-17
0.862375	2.08167e-17
0.893734	-1.38778e-17
0.925093	2.77556e-17
0.956452	-2.77556e-17
0.987811	1.38778e-17
1.01917	-3.1225e-17
1.05053	-1.73472e-17
1.08189	-1.04083e-17
1.11325	-3.1225e-17
1.14461	-1.38778e-17
1.17597	-1.38778e-17
1.20733	-1.73472e-17
1.23868	-2.42861e-17
1.27004	1.73472e-18
1.3014	-1.73472e-17
1.33276	-4.33681e-18
1.36412	-1.04083e-17
1.39548	4.33681e-19
1.42684	-9.1073e-18
1.4582	0
1.48956	2.1684e-19
1.52092	-1.95156e-18
1.55228	3.57122e-11
1.58363	1.63658e-10
1.61499	3.46165e-10
1.64635	5.9238e-10
1.67771	9.58781e-10
1.70907	1.51391e-09
1.74043	2.39125e-09
1.77179	3.75622e-09
1.80315	5.88779e-09
1.83451	9.17611e-09
1.86587	1.42116e-08
1.89723	2.18644e-08
1.92858	3.33884e-08
1.95994	5.06187e-08
1.9913	7.61668e-08
2.02266	9.24593e-08
2.05402	6.22124e-08
2.08538	2.10082e-08
2.11674	-1.45435e-08
2.1481	-3.8695e-08
2.17946	-5.13137e-08
2.21082	-5.47043e-08
2.24218	-5.184e-08
2.27353	-4.54072e-08
2.30489	-3.75169e-08
2.33625	-2.95561e-08
2.36761	-2.23619e-08
2.39897	-1.63384e-08
2.43033	-1.14304e-08
2.46169	-7.46942e-09
2.49305	-4.18892e-09
2.50873	-2.43172e-09
