-0.0156795	5.52528e-08
0.0156795	5.52528e-08
0.0470386	6.48304e-08
0.0783977	8.53429e-08
0.109757	1.1964e-07
0.141116	1.72379e-07
0.172475	2.50478e-07
0.203834	3.63794e-07
0.235193	5.26055e-07
0.266552	7.56011e-07
0.297911	1.07905e-06
0.32927	1.5291e-06
0.36063	2.15108e-06
0.391989	3.00397e-06
0.423348	4.16421e-06
0.454707	5.73017e-06
0.486066	7.82726e-06
0.517425	1.06137e-05
0.548784	1.42873e-05
0.580143	1.90927e-05
0.611502	2.53297e-05
0.642861	3.33616e-05
0.674221	4.36245e-05
0.70558	5.66361e-05
0.736939	7.30043e-05
0.768298	9.34349e-05
0.799657	0.000118738
0.831016	0.000149833
0.862375	0.000187748
0.893734	0.000233623
0.925093	0.000288698
0.956452	0.00035431
0.987811	0.000431872
1.01917	0.000522856
1.05053	0.00062877
1.08189	0.000751125
1.11325	0.000891403
1.14461	0.00105102
1.17597	0.0012313
1.20733	0.0014334
1.23868	0.00165835
1.27004	0.00190693
1.3014	0.00217975
1.33276	0.00247716
1.36412	0.00279931
1.39548	0.00314618
1.42684	0.0035176
1.4582	0.00391335
1.48956	0.00433324
1.52092	0.0047773
1.55228	0.00524584
1.58363	0.00573974
1.61499	0.00626056
1.64635	0.00681087
1.67771	0.0073944
1.70907	0.00801634
1.74043	0.00868355
1.77179	0.0094048
1.80315	0.0101909
1.83451	0.0110549
1.86587	0.0120121
1.89723	0.0130799
1.92858	0.0142778
1.95994	0.0156269
1.9913	0.0171499
2.02266	0.0189195
2.05402	0.0211503
2.08538	0.0238892
2.11674	0.0271724
2.1481	0.031022
2.17946	0.0354421
2.21082	0.0404146
2.24218	0.0458958
2.27353	0.0518137
2.30489	0.0580652
2.33625	0.0645143
2.36761	0.0709916
2.39897	0.0772941
2.43033	0.0831858
2.46169	0.0884
2.49305	0.0926421
2.50873	0.0940375
