-0.0156795	0.000268571
0.0156795	0.000268571
0.0470386	0.000281183
0.0783977	0.000306627
0.109757	0.000345335
0.141116	0.000397935
0.172475	0.000465233
0.203834	0.000548186
0.235193	0.000647863
0.266552	0.000765412
0.297911	0.000902017
0.32927	0.00105885
0.36063	0.00123703
0.391989	0.00143757
0.423348	0.00166135
0.454707	0.00190908
0.486066	0.00218128
0.517425	0.00247824
0.548784	0.00280007
0.580143	0.00314671
0.611502	0.00351796
0.642861	0.00391359
0.674221	0.00433341
0.70558	0.00477741
0.736939	0.00524592
0.768298	0.00573979
0.799657	0.0062606
0.831016	0.00681089
0.862375	0.00739441
0.893734	0.00801635
0.925093	0.00868356
0.956452	0.0094048
0.987811	0.0101909
1.01917	0.0110549
1.05053	0.0120121
1.08189	0.0130799
1.11325	0.0142778
1.14461	0.0156269
1.17597	0.0171499
1.20733	0.0188697
1.23868	0.0208094
1.27004	0.022991
1.3014	0.0254342
1.33276	0.0281553
1.36412	0.0311662
1.39548	0.0344725
1.42684	0.0380726
1.4582	0.0419565
1.48956	0.0461044
1.52092	0.0504864
1.55228	0.0550616
1.58363	0.0597784
1.61499	0.0645746
1.64635	0.0693786
1.67771	0.0741103
1.70907	0.0786835
1.74043	0.0830078
1.77179	0.0869916
1.80315	0.0905447
1.83451	0.0935814
1.86587	0.0960239
1.89723	0.097805
1.92858	0.0988704
1.95994	0.0991816
1.9913	0.0987172
2.02266	0.0974654
2.05402	0.095383
2.08538	0.0924536
2.11674	0.0886825
2.1481	0.0840987
2.17946	0.0787573
2.21082	0.0727413
2.24218	0.0661624
2.27353	0.0591611
2.30489	0.0519061
2.33625	0.0445927
2.36761	0.03744
2.39897	0.0306869
2.43033	0.0245875
2.46169	0.0194038
2.49305	0.0153975
2.50873	0.0141489
