-0.0156795	0.000341001
0.0156795	0.000341001
0.0470386	0.000347454
0.0783977	0.000360429
0.109757	0.000380066
0.141116	0.00040658
0.172475	0.000440273
0.203834	0.000481538
0.235193	0.000530873
0.266552	0.000588895
0.297911	0.00065635
0.32927	0.000734124
0.36063	0.000823258
0.391989	0.000924954
0.423348	0.00104058
0.454707	0.00117166
0.486066	0.00131988
0.517425	0.00148708
0.548784	0.0016752
0.580143	0.00188626
0.611502	0.00212232
0.642861	0.00238544
0.674221	0.00267758
0.70558	0.00300053
0.736939	0.00335587
0.768298	0.00374484
0.799657	0.00416827
0.831016	0.00462651
0.862375	0.00511936
0.893734	0.00564597
0.925093	0.00620488
0.956452	0.00679394
0.987811	0.00741038
1.01917	0.00805082
1.05053	0.00871144
1.08189	0.00938804
1.11325	0.0100763
1.14461	0.0107719
1.17597	0.0114711
1.20733	0.0121704
1.23868	0.0128678
1.27004	0.0135622
1.3014	0.0142545
1.33276	0.0149476
1.36412	0.015647
1.39548	0.0163608
1.42684	0.0171
1.4582	0.0178793
1.48956	0.0187163
1.52092	0.0196323
1.55228	0.0206516
1.58363	0.0218016
1.61499	0.0231124
1.64635	0.0246161
1.67771	0.026346
1.70907	0.0283361
1.74043	0.0306197
1.77179	0.0332285
1.80315	0.0361912
1.83451	0.0395322
1.86587	0.0432707
1.89723	0.0474187
1.92858	0.0519803
1.95994	0.0569504
1.9913	0.0623139
2.02266	0.0680855
2.05402	0.0743894
2.08538	0.0812081
2.11674	0.0885079
2.1481	0.0962361
2.17946	0.104319
2.21082	0.112658
2.24218	0.121132
2.27353	0.129591
2.30489	0.137857
2.33625	0.145728
2.36761	0.152973
2.39897	0.159337
2.43033	0.164548
2.46169	0.168316
2.49305	0.170346
2.50873	0.170346
