-0.0156795	0.124353
0.0156795	0.124353
0.0470386	0.12444
0.0783977	0.124597
0.109757	0.124788
0.141116	0.124964
0.172475	0.125064
0.203834	0.125017
0.235193	0.124748
0.266552	0.124179
0.297911	0.123239
0.32927	0.121861
0.36063	0.119991
0.391989	0.117587
0.423348	0.114623
0.454707	0.111092
0.486066	0.107004
0.517425	0.102386
0.548784	0.0972805
0.580143	0.0917474
0.611502	0.0858565
0.642861	0.0796874
0.674221	0.0733259
0.70558	0.0668605
0.736939	0.0603797
0.768298	0.0539685
0.799657	0.0477065
0.831016	0.0416651
0.862375	0.0359065
0.893734	0.0304821
0.925093	0.0254321
0.956452	0.0207856
0.987811	0.0165605
1.01917	0.0127647
1.05053	0.0093966
1.08189	0.00644682
1.11325	0.00389913
1.14461	0.00173194
1.17597	-8.03137e-05
1.20733	-0.00156599
1.23868	-0.00275504
1.27004	-0.00367804
1.3014	-0.00436535
1.33276	-0.00484645
1.36412	-0.00514943
1.39548	-0.00530061
1.42684	-0.00532432
1.4582	-0.0052428
1.48956	-0.00507611
1.52092	-0.00484221
1.55228	-0.00455701
1.58363	-0.0042345
1.61499	-0.00388685
1.64635	-0.00352458
1.67771	-0.00315668
1.70907	-0.00279074
1.74043	-0.00243306
1.77179	-0.00208882
1.80315	-0.00176211
1.83451	-0.00145609
1.86587	-0.00117306
1.89723	-0.000914565
1.92858	-0.000681444
1.95994	-0.00047396
1.9913	-0.00029185
2.02266	-0.000133311
2.05402	5.84405e-06
2.08538	0.000125814
2.11674	0.000227127
2.1481	0.000310623
2.17946	0.00037743
2.21082	0.000428936
2.24218	0.00046675
2.27353	0.000492668
2.30489	0.000508624
2.33625	0.000516646
2.36761	0.000518799
2.39897	0.000517122
2.43033	0.000513562
2.46169	0.00050988
2.49305	0.000507537
2.50873	0.000507537
