-0.0156795	8.40072e-08
0.0156795	8.40072e-08
0.0470386	9.80312e-08
0.0783977	1.27964e-07
0.109757	1.77799e-07
0.141116	2.53975e-07
0.172475	3.66036e-07
0.203834	5.27487e-07
0.235193	7.56933e-07
0.266552	1.07967e-06
0.297911	1.52953e-06
0.32927	2.15139e-06
0.36063	3.00414e-06
0.391989	4.16424e-06
0.423348	5.73017e-06
0.454707	7.82726e-06
0.486066	1.06137e-05
0.517425	1.42873e-05
0.548784	1.90927e-05
0.580143	2.53297e-05
0.611502	3.33616e-05
0.642861	4.36245e-05
0.674221	5.66361e-05
0.70558	7.30043e-05
0.736939	9.34349e-05
0.768298	0.000118738
0.799657	0.000149833
0.831016	0.000187748
0.862375	0.000233623
0.893734	0.000288698
0.925093	0.00035431
0.956452	0.000431872
0.987811	0.000522856
1.01917	0.00062877
1.05053	0.000751125
1.08189	0.000891403
1.11325	0.00105102
1.14461	0.0012313
1.17597	0.0014334
1.20733	0.00165835
1.23868	0.00190693
1.27004	0.00217975
1.3014	0.00247716
1.33276	0.00279931
1.36412	0.00314618
1.39548	0.0035176
1.42684	0.00391335
1.4582	0.00433324
1.48956	0.0047773
1.52092	0.00524584
1.55228	0.00573974
1.58363	0.00626056
1.61499	0.00681087
1.64635	0.0073944
1.67771	0.00801634
1.70907	0.00868355
1.74043	0.0094048
1.77179	0.0101909
1.80315	0.0110549
1.83451	0.0120121
1.86587	0.0130799
1.89723	0.0142778
1.92858	0.0156269
1.95994	0.0171499
1.9913	0.0188697
2.02266	0.0208601
2.05402	0.0233417
2.08538	0.0263673
2.11674	0.0299786
2.1481	0.0342022
2.17946	0.0390444
2.21082	0.0444856
2.24218	0.0504758
2.27353	0.0569298
2.30489	0.0637235
2.33625	0.0706909
2.36761	0.0776233
2.39897	0.0842693
2.43033	0.0903376
2.46169	0.0955016
2.49305	0.0994071
2.50873	0.100457
