-0.0156795	0.0338573
0.0156795	0.0338573
0.0470386	0.0339248
0.0783977	0.0340641
0.109757	0.0342837
0.141116	0.0345961
0.172475	0.0350174
0.203834	0.0355665
0.235193	0.036265
0.266552	0.0371358
0.297911	0.0382027
0.32927	0.0394888
0.36063	0.0410158
0.391989	0.0428026
0.423348	0.0448635
0.454707	0.0472077
0.486066	0.0498372
0.517425	0.0527459
0.548784	0.0559186
0.580143	0.05933
0.611502	0.0629443
0.642861	0.0667148
0.674221	0.0705844
0.70558	0.0744863
0.736939	0.0783451
0.768298	0.0820783
0.799657	0.085599
0.831016	0.0888175
0.862375	0.0916451
0.893734	0.0939964
0.925093	0.0957926
0.956452	0.0969644
0.987811	0.0974548
1.01917	0.0972216
1.05053	0.0962388
1.08189	0.0944986
1.11325	0.0920113
1.14461	0.0888055
1.17597	0.0849275
1.20733	0.0804394
1.23868	0.0754169
1.27004	0.0699474
1.3014	0.0641263
1.33276	0.058054
1.36412	0.0518329
1.39548	0.0455641
1.42684	0.0393444
1.4582	0.0332637
1.48956	0.027403
1.52092	0.0218325
1.55228	0.0166108
1.58363	0.0117841
1.61499	0.007386
1.64635	0.00343821
1.67771	-4.89935e-05
1.70907	-0.00307558
1.74043	-0.00565052
1.77179	-0.00779039
1.80315	-0.00951787
1.83451	-0.0108603
1.86587	-0.0118485
1.89723	-0.0125153
1.92858	-0.0128945
1.95994	-0.01302
1.9913	-0.0129253
2.02266	-0.0126405
2.05402	-0.012183
2.08538	-0.0115733
2.11674	-0.0108329
2.1481	-0.00998418
2.17946	-0.00905023
2.21082	-0.00805525
2.24218	-0.00702442
2.27353	-0.00598413
2.30489	-0.0049621
2.33625	-0.00398752
2.36761	-0.00309107
2.39897	-0.00230499
2.43033	-0.0016629
2.46169	-0.00119952
2.49305	-0.00095022
2.50873	-0.00095022
