-0.0156795	-0.00211253
0.0156795	-0.00211253
0.0470386	-0.00216445
0.0783977	-0.00226713
0.109757	-0.0024182
0.141116	-0.00261411
0.172475	-0.00285013
0.203834	-0.00312028
0.235193	-0.00341733
0.266552	-0.00373273
0.297911	-0.00405658
0.32927	-0.00437749
0.36063	-0.00468256
0.391989	-0.00495722
0.423348	-0.00518513
0.454707	-0.00534812
0.486066	-0.00542604
0.517425	-0.00539677
0.548784	-0.00523622
0.580143	-0.00491841
0.611502	-0.00441566
0.642861	-0.00369893
0.674221	-0.00273828
0.70558	-0.00150349
0.736939	3.51495e-05
0.768298	0.00190585
0.799657	0.00413422
0.831016	0.00674197
0.862375	0.00974562
0.893734	0.013155
0.925093	0.016972
0.956452	0.021189
0.987811	0.0257882
1.01917	0.0307403
1.05053	0.0360042
1.08189	0.041527
1.11325	0.047244
1.14461	0.0530799
1.17597	0.0589502
1.20733	0.0647628
1.23868	0.0704205
1.27004	0.0758241
1.3014	0.0808749
1.33276	0.085478
1.36412	0.0895457
1.39548	0.0930004
1.42684	0.0957775
1.4582	0.0978274
1.48956	0.0991176
1.52092	0.0996337
1.55228	0.0993797
1.58363	0.0983779
1.61499	0.0966679
1.64635	0.094305
1.67771	0.0913575
1.70907	0.0879051
1.74043	0.0840348
1.77179	0.0798388
1.80315	0.0754109
1.83451	0.0708436
1.86587	0.0662257
1.89723	0.0616396
1.92858	0.0571597
1.95994	0.0528506
1.9913	0.0487666
2.02266	0.0449242
2.05402	0.0412693
2.08538	0.0378388
2.11674	0.0346624
2.1481	0.0317622
2.17946	0.0291526
2.21082	0.02684
2.24218	0.0248236
2.27353	0.023096
2.30489	0.021644
2.33625	0.0204503
2.36761	0.0194945
2.39897	0.0187558
2.43033	0.0182148
2.46169	0.0178566
2.49305	0.0176745
2.50873	0.0176745
