-0.0156795	3.67998e-06
0.0156795	3.67998e-06
0.0470386	4.08268e-06
0.0783977	4.91962e-06
0.109757	6.25527e-06
0.141116	8.18954e-06
0.172475	1.08618e-05
0.203834	1.44559e-05
0.235193	1.92065e-05
0.266552	2.54058e-05
0.297911	3.34122e-05
0.32927	4.36579e-05
0.36063	5.6658e-05
0.391989	7.30185e-05
0.423348	9.34441e-05
0.454707	0.000118744
0.486066	0.000149836
0.517425	0.000187751
0.548784	0.000233624
0.580143	0.000288699
0.611502	0.000354311
0.642861	0.000431872
0.674221	0.000522856
0.70558	0.00062877
0.736939	0.000751125
0.768298	0.000891403
0.799657	0.00105102
0.831016	0.0012313
0.862375	0.0014334
0.893734	0.00165835
0.925093	0.00190693
0.956452	0.00217975
0.987811	0.00247716
1.01917	0.00279931
1.05053	0.00314618
1.08189	0.0035176
1.11325	0.00391335
1.14461	0.00433324
1.17597	0.0047773
1.20733	0.00524584
1.23868	0.00573974
1.27004	0.00626056
1.3014	0.00681087
1.33276	0.0073944
1.36412	0.00801634
1.39548	0.00868355
1.42684	0.0094048
1.4582	0.0101909
1.48956	0.0110549
1.52092	0.0120121
1.55228	0.0130799
1.58363	0.0142778
1.61499	0.0156269
1.64635	0.0171499
1.67771	0.0188697
1.70907	0.0208094
1.74043	0.022991
1.77179	0.0254342
1.80315	0.0281553
1.83451	0.0311662
1.86587	0.0344725
1.89723	0.0380726
1.92858	0.0419565
1.95994	0.0461044
1.9913	0.0504864
2.02266	0.0551097
2.05402	0.0601171
2.08538	0.0654887
2.11674	0.0711895
2.1481	0.0771669
2.17946	0.0833471
2.21082	0.0896323
2.24218	0.0958969
2.27353	0.101985
2.30489	0.107709
2.33625	0.112846
2.36761	0.117142
2.39897	0.120311
2.43033	0.122044
2.46169	0.122012
2.49305	0.119887
2.50873	0.117568
