-0.0156795	5.55112e-17
0.0156795	5.55112e-17
0.0470386	-5.55112e-17
0.0783977	5.55112e-17
0.109757	0
0.141116	4.16334e-17
0.172475	-6.93889e-17
0.203834	8.32667e-17
0.235193	-5.55112e-17
0.266552	8.32667e-17
0.297911	-4.16334e-17
0.32927	5.55112e-17
0.36063	-1.38778e-17
0.391989	6.93889e-17
0.423348	-4.16334e-17
0.454707	5.55112e-17
0.486066	-2.77556e-17
0.517425	4.16334e-17
0.548784	0
0.580143	2.77556e-17
0.611502	-1.38778e-17
0.642861	2.77556e-17
0.674221	2.77556e-17
0.70558	2.77556e-17
0.736939	-1.38778e-17
0.768298	2.77556e-17
0.799657	2.08167e-17
0.831016	-6.93889e-18
0.862375	4.16334e-17
0.893734	-2.08167e-17
0.925093	0
0.956452	-6.93889e-18
0.987811	-1.38778e-17
1.01917	-6.93889e-18
1.05053	-1.04083e-17
1.08189	-1.04083e-17
1.11325	-1.38778e-17
1.14461	-1.73472e-18
1.17597	-1.21431e-17
1.20733	8.67362e-19
1.23868	-1.82146e-17
1.27004	5.20417e-18
1.3014	-1.12757e-17
1.33276	4.33681e-19
1.36412	-4.77049e-18
1.39548	4.33681e-19
1.42684	0
1.4582	2.1684e-19
1.48956	1.30104e-18
1.52092	-2.1684e-19
1.55228	4.33681e-19
1.58363	4.33681e-19
1.61499	3.57122e-11
1.64635	1.63658e-10
1.67771	3.46165e-10
1.70907	5.9238e-10
1.74043	9.58781e-10
1.77179	1.51391e-09
1.80315	2.39125e-09
1.83451	3.75622e-09
1.86587	5.88779e-09
1.89723	9.17611e-09
1.92858	1.42116e-08
1.95994	2.18644e-08
1.9913	3.33884e-08
2.02266	4.05179e-08
2.05402	2.62106e-08
2.08538	7.49945e-09
2.11674	-8.0637e-09
2.1481	-1.81538e-08
2.17946	-2.29767e-08
2.21082	-2.3792e-08
2.24218	-2.20058e-08
2.27353	-1.88805e-08
2.30489	-1.52825e-08
2.33625	-1.18489e-08
2.36761	-8.84278e-09
2.39897	-6.30381e-09
2.43033	-4.2722e-09
2.46169	-2.70868e-09
2.49305	-1.47158e-09
2.50873	-8.27683e-10
