-0.0156795	-0.0104406
0.0156795	-0.0104406
0.0470386	-0.0103419
0.0783977	-0.0101405
0.109757	-0.00982905
0.141116	-0.00939622
0.172475	-0.00882726
0.203834	-0.00810413
0.235193	-0.00720575
0.266552	-0.00610851
0.297911	-0.00478683
0.32927	-0.00321385
0.36063	-0.00136234
0.391989	0.000794199
0.423348	0.00328039
0.454707	0.0061176
0.486066	0.00932247
0.517425	0.0129055
0.548784	0.0168695
0.580143	0.0212083
0.611502	0.0259055
0.642861	0.0309335
0.674221	0.0362531
0.70558	0.0418132
0.736939	0.0475509
0.768298	0.0533929
0.799657	0.0592562
0.831016	0.0650504
0.862375	0.07068
0.893734	0.076047
0.925093	0.0810538
0.956452	0.0856068
0.987811	0.0896191
1.01917	0.0930137
1.05053	0.0957267
1.08189	0.0977086
1.11325	0.0989273
1.14461	0.0993681
1.17597	0.0990349
1.20733	0.0979496
1.23868	0.0961511
1.27004	0.0936935
1.3014	0.0906444
1.33276	0.0870817
1.36412	0.0830912
1.39548	0.0787631
1.42684	0.0741891
1.4582	0.0694596
1.48956	0.064661
1.52092	0.059873
1.55228	0.0551676
1.58363	0.0506068
1.61499	0.0462424
1.64635	0.0421151
1.67771	0.038255
1.70907	0.034682
1.74043	0.0314062
1.77179	0.0284294
1.80315	0.0257461
1.83451	0.023345
1.86587	0.0212099
1.89723	0.0193218
1.92858	0.0176592
1.95994	0.0161999
1.9913	0.0149218
2.02266	0.0137956
2.05402	0.0127779
2.08538	0.0118561
2.11674	0.0110179
2.1481	0.0102523
2.17946	0.00954974
2.21082	0.0089026
2.24218	0.00830538
2.27353	0.00775496
2.30489	0.00725073
2.33625	0.00679465
2.36761	0.00639115
2.39897	0.00604707
2.43033	0.00577137
2.46169	0.00557487
2.49305	0.0054699
2.50873	0.0054699
