-0.0156795	-2.08167e-17
0.0156795	-2.08167e-17
0.0470386	2.08167e-17
0.0783977	-6.93889e-17
0.109757	5.55112e-17
0.141116	-4.16334e-17
0.172475	-6.93889e-18
0.203834	1.38778e-17
0.235193	2.77556e-17
0.266552	-5.55112e-17
0.297911	5.55112e-17
0.32927	-1.38778e-17
0.36063	4.16334e-17
0.391989	-6.93889e-17
0.423348	5.55112e-17
0.454707	-8.32667e-17
0.486066	5.55112e-17
0.517425	-2.77556e-17
0.548784	1.38778e-17
0.580143	-1.38778e-17
0.611502	5.55112e-17
0.642861	-4.16334e-17
0.674221	5.55112e-17
0.70558	-2.77556e-17
0.736939	4.16334e-17
0.768298	0
0.799657	2.77556e-17
0.831016	-1.38778e-17
0.862375	4.16334e-17
0.893734	2.77556e-17
0.925093	2.77556e-17
0.956452	-1.38778e-17
0.987811	2.08167e-17
1.01917	6.93889e-18
1.05053	-6.93889e-18
1.08189	2.08167e-17
1.11325	-4.16334e-17
1.14461	6.93889e-18
1.17597	-1.38778e-17
1.20733	-1.38778e-17
1.23868	-1.04083e-17
1.27004	-6.93889e-18
1.3014	-1.04083e-17
1.33276	-1.21431e-17
1.36412	-1.73472e-18
1.39548	3.57122e-11
1.42684	1.63658e-10
1.4582	3.46165e-10
1.48956	5.9238e-10
1.52092	9.58781e-10
1.55228	1.51391e-09
1.58363	2.39125e-09
1.61499	3.75622e-09
1.64635	5.88779e-09
1.67771	9.17611e-09
1.70907	1.42116e-08
1.74043	2.18644e-08
1.77179	3.33884e-08
1.80315	5.06187e-08
1.83451	7.61668e-08
1.86587	1.13753e-07
1.89723	1.68623e-07
1.92858	2.48087e-07
1.95994	3.6228e-07
1.9913	5.25096e-07
2.02266	6.36615e-07
2.05402	4.68681e-07
2.08538	2.13509e-07
2.11674	-2.74482e-08
2.1481	-2.09996e-07
2.17946	-3.23567e-07
2.21082	-3.75179e-07
2.24218	-3.79279e-07
2.27353	-3.51628e-07
2.30489	-3.0615e-07
2.33625	-2.53585e-07
2.36761	-2.01264e-07
2.39897	-1.53462e-07
2.43033	-1.11935e-07
2.46169	-7.62759e-08
2.49305	-4.41635e-08
2.50873	-2.54059e-08
