-0.0156795	-2.60209e-18
0.0156795	-2.60209e-18
0.0470386	-1.73472e-18
0.0783977	-1.04083e-17
0.109757	8.67362e-18
0.141116	-1.34441e-17
0.172475	1.56125e-17
0.203834	-1.21431e-17
0.235193	-4.33681e-18
0.266552	3.46945e-18
0.297911	-1.38778e-17
0.32927	-2.60209e-18
0.36063	-8.67362e-18
0.391989	1.38778e-17
0.423348	-2.08167e-17
0.454707	-6.93889e-18
0.486066	1.38778e-17
0.517425	-2.42861e-17
0.548784	1.38778e-17
0.580143	-5.89806e-17
0.611502	4.16334e-17
0.642861	-2.77556e-17
0.674221	-2.08167e-17
0.70558	2.77556e-17
0.736939	2.08167e-17
0.768298	-6.93889e-17
0.799657	5.55112e-17
0.831016	-5.55112e-17
0.862375	4.16334e-17
0.893734	3.57121e-11
0.925093	1.63658e-10
0.956452	3.46165e-10
0.987811	5.9238e-10
1.01917	9.58781e-10
1.05053	1.51391e-09
1.08189	2.39125e-09
1.11325	3.75622e-09
1.14461	5.88779e-09
1.17597	9.17611e-09
1.20733	1.42116e-08
1.23868	2.18644e-08
1.27004	3.33884e-08
1.3014	5.06187e-08
1.33276	7.61668e-08
1.36412	1.13753e-07
1.39548	1.68623e-07
1.42684	2.48087e-07
1.4582	3.6228e-07
1.48956	5.25096e-07
1.52092	7.55419e-07
1.55228	1.07871e-06
1.58363	1.52893e-06
1.61499	2.15105e-06
1.64635	3.00397e-06
1.67771	4.16421e-06
1.70907	5.73017e-06
1.74043	7.82726e-06
1.77179	1.06137e-05
1.80315	1.42873e-05
1.83451	1.90927e-05
1.86587	2.53297e-05
1.89723	3.33616e-05
1.92858	4.36245e-05
1.95994	5.66361e-05
1.9913	7.30043e-05
2.02266	8.64808e-05
2.05402	7.92982e-05
2.08538	6.00228e-05
2.11674	3.52474e-05
2.1481	9.74852e-06
2.17946	-1.32866e-05
2.21082	-3.1993e-05
2.24218	-4.55451e-05
2.27353	-5.38795e-05
2.30489	-5.7438e-05
2.33625	-5.69396e-05
2.36761	-5.31845e-05
2.39897	-4.6885e-05
2.43033	-3.85091e-05
2.46169	-2.81139e-05
2.49305	-1.51256e-05
2.50873	-5.87125e-06
