-0.0156795	0.0226764
0.0156795	0.0226764
0.0470386	0.0227292
0.0783977	0.0228357
0.109757	0.0229981
0.141116	0.0232198
0.172475	0.0235054
0.203834	0.0238611
0.235193	0.0242945
0.266552	0.0248151
0.297911	0.0254341
0.32927	0.0261645
0.36063	0.0270212
0.391989	0.0280206
0.423348	0.0291805
0.454707	0.0305194
0.486066	0.0320561
0.517425	0.0338089
0.548784	0.0357944
0.580143	0.038027
0.611502	0.040517
0.642861	0.04327
0.674221	0.0462852
0.70558	0.0495545
0.736939	0.0530612
0.768298	0.0567795
0.799657	0.0606733
0.831016	0.0646966
0.862375	0.0687932
0.893734	0.0728976
0.925093	0.0769359
0.956452	0.0808277
0.987811	0.0844878
1.01917	0.0878288
1.05053	0.0907639
1.08189	0.0932095
1.11325	0.0950887
1.14461	0.0963339
1.17597	0.0968899
1.20733	0.0967155
1.23868	0.0957863
1.27004	0.0940953
1.3014	0.0916539
1.33276	0.0884914
1.36412	0.0846547
1.39548	0.0802062
1.42684	0.0752225
1.4582	0.0697908
1.48956	0.0640069
1.52092	0.0579713
1.55228	0.0517864
1.58363	0.0455533
1.61499	0.0393687
1.64635	0.0333223
1.67771	0.0274948
1.70907	0.0219563
1.74043	0.0167649
1.77179	0.0119664
1.80315	0.00759377
1.83451	0.00366821
1.86587	0.000199234
1.89723	-0.00281393
1.92858	-0.00538118
1.95994	-0.00752009
1.9913	-0.00925447
2.02266	-0.0106225
2.05402	-0.0116777
2.08538	-0.0124371
2.11674	-0.0129223
2.1481	-0.0131584
2.17946	-0.0131741
2.21082	-0.0130008
2.24218	-0.0126726
2.27353	-0.0122253
2.30489	-0.0116966
2.33625	-0.0111257
2.36761	-0.0105524
2.39897	-0.010017
2.43033	-0.00955969
2.46169	-0.00921959
2.49305	-0.00903333
2.50873	-0.00903333
