-0.0156795	-1.73472e-18
0.0156795	-1.73472e-18
0.0470386	-1.69136e-17
0.0783977	1.30104e-17
0.109757	-1.21431e-17
0.141116	-3.46945e-18
0.172475	8.67362e-19
0.203834	-1.12757e-17
0.235193	1.73472e-18
0.266552	-1.04083e-17
0.297911	8.67362e-18
0.32927	-1.38778e-17
0.36063	-1.38778e-17
0.391989	1.73472e-17
0.423348	-4.16334e-17
0.454707	3.46945e-17
0.486066	-4.85723e-17
0.517425	2.77556e-17
0.548784	-2.08167e-17
0.580143	-2.77556e-17
0.611502	3.46945e-17
0.642861	6.93889e-18
0.674221	-7.63278e-17
0.70558	4.16334e-17
0.736939	-2.77556e-17
0.768298	4.16334e-17
0.799657	-8.32667e-17
0.831016	5.55112e-17
0.862375	-6.93889e-17
0.893734	5.55112e-17
0.925093	-4.16334e-17
0.956452	1.38778e-17
0.987811	3.57122e-11
1.01917	1.63658e-10
1.05053	3.46165e-10
1.08189	5.9238e-10
1.11325	9.58781e-10
1.14461	1.51391e-09
1.17597	2.39125e-09
1.20733	3.75622e-09
1.23868	5.88779e-09
1.27004	9.17611e-09
1.3014	1.42116e-08
1.33276	2.18644e-08
1.36412	3.33884e-08
1.39548	5.06187e-08
1.42684	7.61668e-08
1.4582	1.13753e-07
1.48956	1.68623e-07
1.52092	2.48087e-07
1.55228	3.6228e-07
1.58363	5.25096e-07
1.61499	7.55419e-07
1.64635	1.07871e-06
1.67771	1.52893e-06
1.70907	2.15105e-06
1.74043	3.00397e-06
1.77179	4.16421e-06
1.80315	5.73017e-06
1.83451	7.82726e-06
1.86587	1.06137e-05
1.89723	1.42873e-05
1.92858	1.90927e-05
1.95994	2.53297e-05
1.9913	3.33616e-05
2.02266	3.97779e-05
2.05402	3.52601e-05
2.08538	2.49477e-05
2.11674	1.25197e-05
2.1481	4.2712e-07
2.17946	-9.86556e-06
2.21082	-1.76467e-05
2.24218	-2.27448e-05
2.27353	-2.53432e-05
2.30489	-2.58277e-05
2.33625	-2.46657e-05
2.36761	-2.23153e-05
2.39897	-1.91561e-05
2.43033	-1.54347e-05
2.46169	-1.12086e-05
2.49305	-6.26977e-06
2.50873	-2.87026e-06
