-0.0156795	0.134925
0.0156795	0.134925
0.0470386	0.13451
0.0783977	0.133678
0.109757	0.132426
0.141116	0.130752
0.172475	0.128652
0.203834	0.126126
0.235193	0.123178
0.266552	0.119816
0.297911	0.116054
0.32927	0.111913
0.36063	0.107423
0.391989	0.102621
0.423348	0.0975511
0.454707	0.0922641
0.486066	0.0868166
0.517425	0.0812692
0.548784	0.0756841
0.580143	0.0701239
0.611502	0.0646495
0.642861	0.0593179
0.674221	0.0541808
0.70558	0.0492834
0.736939	0.044663
0.768298	0.0403482
0.799657	0.0363594
0.831016	0.0327078
0.862375	0.0293966
0.893734	0.0264214
0.925093	0.023771
0.956452	0.0214286
0.987811	0.019373
1.01917	0.0175798
1.05053	0.0160223
1.08189	0.0146732
1.11325	0.0135048
1.14461	0.0124903
1.17597	0.0116047
1.20733	0.0108247
1.23868	0.0101297
1.27004	0.00950164
1.3014	0.00892511
1.33276	0.00838754
1.36412	0.00787892
1.39548	0.00739164
1.42684	0.00692028
1.4582	0.00646125
1.48956	0.00601259
1.52092	0.0055736
1.55228	0.00514457
1.58363	0.00472652
1.61499	0.00432094
1.64635	0.00392958
1.67771	0.00355426
1.70907	0.00319674
1.74043	0.00285858
1.77179	0.0025411
1.80315	0.00224528
1.83451	0.00197175
1.86587	0.00172081
1.89723	0.00149241
1.92858	0.0012862
1.95994	0.00110154
1.9913	0.000937597
2.02266	0.000792306
2.05402	0.000661504
2.08538	0.000544761
2.11674	0.000441499
2.1481	0.000351013
2.17946	0.0002725
2.21082	0.00020508
2.24218	0.00014783
2.27353	9.98071e-05
2.30489	6.00813e-05
2.33625	2.77605e-05
2.36761	2.02284e-06
2.39897	-1.78514e-05
2.43033	-3.24418e-05
2.46169	-4.21411e-05
2.49305	-4.70907e-05
2.50873	-4.70907e-05
