-0.0156795	0.156358
0.0156795	0.156358
0.0470386	0.155551
0.0783977	0.153948
0.109757	0.151571
0.141116	0.148451
0.172475	0.144631
0.203834	0.140163
0.235193	0.135107
0.266552	0.129531
0.297911	0.12351
0.32927	0.117123
0.36063	0.110454
0.391989	0.103588
0.423348	0.0966101
0.454707	0.0896051
0.486066	0.0826531
0.517425	0.0758296
0.548784	0.0692036
0.580143	0.062836
0.611502	0.056779
0.642861	0.0510753
0.674221	0.0457574
0.70558	0.0408477
0.736939	0.0363589
0.768298	0.0322944
0.799657	0.028649
0.831016	0.02541
0.862375	0.0225582
0.893734	0.0200693
0.925093	0.0179152
0.956452	0.0160647
0.987811	0.0144854
1.01917	0.0131443
1.05053	0.0120089
1.08189	0.0110481
1.11325	0.0102325
1.14461	0.0095354
1.17597	0.00893274
1.20733	0.00840347
1.23868	0.00792961
1.27004	0.0074962
1.3014	0.00709116
1.33276	0.00670513
1.36412	0.00633118
1.39548	0.00596455
1.42684	0.00560231
1.4582	0.00524309
1.48956	0.0048867
1.52092	0.00453393
1.55228	0.0041862
1.58363	0.00384535
1.61499	0.00351345
1.64635	0.00319259
1.67771	0.00288475
1.70907	0.00259173
1.74043	0.00231501
1.77179	0.00205577
1.80315	0.00181483
1.83451	0.00159265
1.86587	0.00138936
1.89723	0.0012048
1.92858	0.00103853
1.95994	0.00088988
1.9913	0.000758029
2.02266	0.000641196
2.05402	0.000535923
2.08538	0.000441769
2.11674	0.000358194
2.1481	0.000284581
2.17946	0.000220259
2.21082	0.000164524
2.24218	0.000116663
2.27353	7.59762e-05
2.30489	4.17946e-05
2.33625	1.35022e-05
2.36761	-9.44452e-06
2.39897	-2.74949e-05
2.43033	-4.09788e-05
2.46169	-5.00742e-05
2.49305	-5.4762e-05
2.50873	-5.4762e-05
