-0.0156795	4.16334e-17
0.0156795	4.16334e-17
0.0470386	1.38778e-17
0.0783977	1.11022e-16
0.109757	-8.32667e-17
0.141116	9.71445e-17
0.172475	-2.77556e-17
0.203834	5.55112e-17
0.235193	0
0.266552	1.38778e-17
0.297911	-1.38778e-17
0.32927	6.93889e-17
0.36063	-6.93889e-17
0.391989	8.32667e-17
0.423348	-2.77556e-17
0.454707	2.77556e-17
0.486066	-2.77556e-17
0.517425	4.16334e-17
0.548784	-2.77556e-17
0.580143	2.77556e-17
0.611502	2.77556e-17
0.642861	1.38778e-17
0.674221	0
0.70558	1.38778e-17
0.736939	2.08167e-17
0.768298	-6.93889e-18
0.799657	2.08167e-17
0.831016	-2.77556e-17
0.862375	1.38778e-17
0.893734	-3.46945e-18
0.925093	-1.73472e-17
0.956452	3.46945e-18
0.987811	-1.38778e-17
1.01917	-1.73472e-17
1.05053	-3.46945e-18
1.08189	-8.67362e-18
1.11325	-1.56125e-17
1.14461	4.33681e-18
1.17597	-1.56125e-17
1.20733	0
1.23868	-1.38778e-17
1.27004	4.33681e-18
1.3014	-6.93889e-18
1.33276	-1.30104e-18
1.36412	2.81893e-18
1.39548	-1.73472e-18
1.42684	1.40946e-18
1.4582	1.19262e-18
1.48956	-6.50521e-19
1.52092	5.42101e-19
1.55228	1.13841e-18
1.58363	-2.71051e-20
1.61499	8.13152e-20
1.64635	5.14996e-19
1.67771	3.57122e-11
1.70907	1.63658e-10
1.74043	3.46165e-10
1.77179	5.9238e-10
1.80315	9.58781e-10
1.83451	1.51391e-09
1.86587	2.39125e-09
1.89723	3.75622e-09
1.92858	5.88779e-09
1.95994	9.17611e-09
1.9913	1.42116e-08
2.02266	1.72285e-08
2.05402	1.06909e-08
2.08538	2.47949e-09
2.11674	-4.10855e-09
2.1481	-8.16852e-09
2.17946	-9.9231e-09
2.21082	-9.99723e-09
2.24218	-9.04699e-09
2.27353	-7.61167e-09
2.30489	-6.09881e-09
2.33625	-4.63668e-09
2.36761	-3.33596e-09
2.39897	-2.29051e-09
2.43033	-1.50414e-09
2.46169	-9.26175e-10
2.49305	-4.82688e-10
2.50873	-2.54256e-10
