-0.0156795	-3.05144e-19
0.0156795	-3.05144e-19
0.0470386	-1.10563e-17
0.0783977	1.20448e-17
0.109757	-7.98752e-18
0.141116	5.07881e-18
0.172475	-6.26804e-19
0.203834	7.15912e-18
0.235193	-5.14827e-18
0.266552	-2.72406e-18
0.297911	3.57122e-11
0.32927	1.63658e-10
0.36063	3.46165e-10
0.391989	5.9238e-10
0.423348	9.58781e-10
0.454707	1.51391e-09
0.486066	2.39125e-09
0.517425	3.75622e-09
0.548784	5.88779e-09
0.580143	9.17611e-09
0.611502	1.42116e-08
0.642861	2.18644e-08
0.674221	3.33884e-08
0.70558	5.06187e-08
0.736939	7.61668e-08
0.768298	1.13753e-07
0.799657	1.68623e-07
0.831016	2.48087e-07
0.862375	3.6228e-07
0.893734	5.25096e-07
0.925093	7.55419e-07
0.956452	1.07871e-06
0.987811	1.52893e-06
1.01917	2.15105e-06
1.05053	3.00397e-06
1.08189	4.16421e-06
1.11325	5.73017e-06
1.14461	7.82726e-06
1.17597	1.06137e-05
1.20733	1.42873e-05
1.23868	1.90927e-05
1.27004	2.53297e-05
1.3014	3.33616e-05
1.33276	4.36245e-05
1.36412	5.66361e-05
1.39548	7.30043e-05
1.42684	9.34349e-05
1.4582	0.000118738
1.48956	0.000149833
1.52092	0.000187748
1.55228	0.000233623
1.58363	0.000288698
1.61499	0.00035431
1.64635	0.000431872
1.67771	0.000522856
1.70907	0.00062877
1.74043	0.000751125
1.77179	0.000891403
1.80315	0.00105102
1.83451	0.0012313
1.86587	0.0014334
1.89723	0.00165835
1.92858	0.00190693
1.95994	0.00217975
1.9913	0.00247716
2.02266	0.00276541
2.05402	0.0029153
2.08538	0.00291735
2.11674	0.00277298
2.1481	0.00249433
2.17946	0.00210357
2.21082	0.00163174
2.24218	0.00111727
2.27353	0.000604508
2.30489	0.000142347
2.33625	-0.000216669
2.36761	-0.000416537
2.39897	-0.00039702
2.43033	-9.16465e-05
2.46169	0.000575682
2.49305	0.00169558
2.50873	0.0025705
