-0.0156795	0.105548
0.0156795	0.105548
0.0470386	0.105883
0.0783977	0.106531
0.109757	0.107451
0.141116	0.108583
0.172475	0.10985
0.203834	0.111163
0.235193	0.112426
0.266552	0.113536
0.297911	0.114391
0.32927	0.114894
0.36063	0.114955
0.391989	0.114497
0.423348	0.113459
0.454707	0.111797
0.486066	0.109486
0.517425	0.10652
0.548784	0.102917
0.580143	0.0987105
0.611502	0.093952
0.642861	0.0887088
0.674221	0.08306
0.70558	0.0770935
0.736939	0.0709029
0.768298	0.0645839
0.799657	0.0582311
0.831016	0.0519349
0.862375	0.0457791
0.893734	0.0398387
0.925093	0.0341783
0.956452	0.028851
0.987811	0.0238982
1.01917	0.0193494
1.05053	0.0152227
1.08189	0.0115254
1.11325	0.00825564
1.14461	0.00540307
1.17597	0.00295067
1.20733	0.000876031
1.23868	-0.000847259
1.27004	-0.00224827
1.3014	-0.00335756
1.33276	-0.0042062
1.36412	-0.00482488
1.39548	-0.00524327
1.42684	-0.0054895
1.4582	-0.00558984
1.48956	-0.00556845
1.52092	-0.00544728
1.55228	-0.00524607
1.58363	-0.0049824
1.61499	-0.00467176
1.64635	-0.00432769
1.67771	-0.00396196
1.70907	-0.00358466
1.74043	-0.00320436
1.77179	-0.00282828
1.80315	-0.0024624
1.83451	-0.00211157
1.86587	-0.00177961
1.89723	-0.00146945
1.92858	-0.00118319
1.95994	-0.000922174
1.9913	-0.00068712
2.02266	-0.000476692
2.05402	-0.000286159
2.08538	-0.000115994
2.11674	3.37197e-05
2.1481	0.000163279
2.17946	0.000273346
2.21082	0.00036492
2.24218	0.000439311
2.27353	0.000498092
2.30489	0.000543055
2.33625	0.000576145
2.36761	0.000599391
2.39897	0.000614818
2.43033	0.000624343
2.46169	0.00062964
2.49305	0.000631974
2.50873	0.000631974
