-0.0156795	0.161691
0.0156795	0.161691
0.0470386	0.161102
0.0783977	0.159923
0.109757	0.158156
0.141116	0.155802
0.172475	0.152867
0.203834	0.149357
0.235193	0.145286
0.266552	0.140674
0.297911	0.135546
0.32927	0.129938
0.36063	0.123893
0.391989	0.117461
0.423348	0.110703
0.454707	0.103683
0.486066	0.096475
0.517425	0.0891523
0.548784	0.0817922
0.580143	0.0744711
0.611502	0.067263
0.642861	0.0602375
0.674221	0.053458
0.70558	0.0469803
0.736939	0.0408516
0.768298	0.0351096
0.799657	0.0297824
0.831016	0.0248886
0.862375	0.0204373
0.893734	0.0164294
0.925093	0.0128579
0.956452	0.0097094
0.987811	0.00696522
1.01917	0.00460231
1.05053	0.00259458
1.08189	0.000913954
1.11325	-0.000468733
1.14461	-0.00158288
1.17597	-0.00245744
1.20733	-0.00312042
1.23868	-0.00359845
1.27004	-0.00391653
1.3014	-0.00409785
1.33276	-0.00416371
1.36412	-0.00413351
1.39548	-0.00402481
1.42684	-0.00385336
1.4582	-0.00363321
1.48956	-0.00337682
1.52092	-0.00309516
1.55228	-0.00279781
1.58363	-0.00249306
1.61499	-0.00218799
1.64635	-0.00188856
1.67771	-0.00159969
1.70907	-0.00132535
1.74043	-0.00106861
1.77179	-0.000831743
1.80315	-0.000616267
1.83451	-0.000423054
1.86587	-0.00025239
1.89723	-0.000104061
1.92858	2.25729e-05
1.95994	0.000128498
1.9913	0.000214975
2.02266	0.00028395
2.05402	0.000338154
2.08538	0.000378471
2.11674	0.000405983
2.1481	0.000421931
2.17946	0.000427702
2.21082	0.000424792
2.24218	0.000414784
2.27353	0.000399324
2.30489	0.000380095
2.33625	0.000358796
2.36761	0.00033712
2.39897	0.000316736
2.43033	0.000299265
2.46169	0.00028625
2.49305	0.000279117
2.50873	0.000279117
