-0.0156795	0.0162158
0.0156795	0.0162158
0.0470386	0.0170126
0.0783977	0.0185916
0.109757	0.0209239
0.141116	0.0239661
0.172475	0.0276613
0.203834	0.031939
0.235193	0.0367168
0.266552	0.0419009
0.297911	0.0473877
0.32927	0.053066
0.36063	0.0588189
0.391989	0.0645264
0.423348	0.0700685
0.454707	0.0753277
0.486066	0.0801926
0.517425	0.0845609
0.548784	0.088342
0.580143	0.09146
0.611502	0.0938555
0.642861	0.0954875
0.674221	0.0963343
0.70558	0.0963937
0.736939	0.0956828
0.768298	0.0942365
0.799657	0.0921062
0.831016	0.0893573
0.862375	0.0860664
0.893734	0.0823185
0.925093	0.0782038
0.956452	0.0738142
0.987811	0.0692411
1.01917	0.0645719
1.05053	0.0598878
1.08189	0.0552623
1.11325	0.0507593
1.14461	0.0464322
1.17597	0.0423238
1.20733	0.0384659
1.23868	0.0348801
1.27004	0.0315781
1.3014	0.0285634
1.33276	0.0258316
1.36412	0.0233724
1.39548	0.0211708
1.42684	0.0192081
1.4582	0.0174633
1.48956	0.0159143
1.52092	0.0145389
1.55228	0.0133151
1.58363	0.0122222
1.61499	0.0112414
1.64635	0.0103555
1.67771	0.00954948
1.70907	0.00881068
1.74043	0.00812842
1.77179	0.00749411
1.80315	0.00690099
1.83451	0.00634396
1.86587	0.00581936
1.89723	0.00532468
1.92858	0.00485836
1.95994	0.00441956
1.9913	0.00400797
2.02266	0.00362088
2.05402	0.00324966
2.08538	0.00289565
2.11674	0.00256028
2.1481	0.002245
2.17946	0.00195117
2.21082	0.00168004
2.24218	0.00143269
2.27353	0.00120996
2.30489	0.00101255
2.33625	0.000840936
2.36761	0.000695546
2.39897	0.000576811
2.43033	0.000485361
2.46169	0.000422246
2.49305	0.000389242
2.50873	0.000389242
