-0.0156795	0
0.0156795	0
0.0470386	-2.42861e-17
0.0783977	2.08167e-17
0.109757	-4.51028e-17
0.141116	3.46945e-17
0.172475	-5.55112e-17
0.203834	4.16334e-17
0.235193	-2.08167e-17
0.266552	-6.93889e-18
0.297911	3.46945e-17
0.32927	2.08167e-17
0.36063	-5.55112e-17
0.391989	6.93889e-17
0.423348	-2.77556e-17
0.454707	5.55112e-17
0.486066	-8.32667e-17
0.517425	6.93889e-17
0.548784	-6.93889e-17
0.580143	5.55112e-17
0.611502	-1.38778e-17
0.642861	1.38778e-17
0.674221	0
0.70558	5.55112e-17
0.736939	-4.16334e-17
0.768298	5.55112e-17
0.799657	-2.77556e-17
0.831016	2.77556e-17
0.862375	0
0.893734	2.77556e-17
0.925093	1.38778e-17
0.956452	1.38778e-17
0.987811	2.77556e-17
1.01917	0
1.05053	0
1.08189	1.38778e-17
1.11325	0
1.14461	0
1.17597	2.08167e-17
1.20733	-3.46945e-17
1.23868	-2.77556e-17
1.27004	-3.46945e-18
1.3014	3.57122e-11
1.33276	1.63658e-10
1.36412	3.46165e-10
1.39548	5.9238e-10
1.42684	9.58781e-10
1.4582	1.51391e-09
1.48956	2.39125e-09
1.52092	3.75622e-09
1.55228	5.88779e-09
1.58363	9.17611e-09
1.61499	1.42116e-08
1.64635	2.18644e-08
1.67771	3.33884e-08
1.70907	5.06187e-08
1.74043	7.61668e-08
1.77179	1.13753e-07
1.80315	1.68623e-07
1.83451	2.48087e-07
1.86587	3.6228e-07
1.89723	5.25096e-07
1.92858	7.55419e-07
1.95994	1.07871e-06
1.9913	1.52893e-06
2.02266	1.84966e-06
2.05402	1.42975e-06
2.08538	7.43317e-07
2.11674	5.913e-08
2.1481	-4.91686e-07
2.17946	-8.64781e-07
2.21082	-1.0658e-06
2.24218	-1.12523e-06
2.27353	-1.08196e-06
2.30489	-9.73719e-07
2.33625	-8.31994e-07
2.36761	-6.80106e-07
2.39897	-5.33119e-07
2.43033	-3.98395e-07
2.46169	-2.76345e-07
2.49305	-1.60077e-07
2.50873	-8.96448e-08
