-0.0156795	0.0359174
0.0156795	0.0359174
0.0470386	0.0359996
0.0783977	0.0361685
0.109757	0.0364334
0.141116	0.0368074
0.172475	0.0373073
0.203834	0.037953
0.235193	0.0387666
0.266552	0.039771
0.297911	0.0409895
0.32927	0.042444
0.36063	0.0441539
0.391989	0.0461346
0.423348	0.048396
0.454707	0.0509414
0.486066	0.0537659
0.517425	0.0568552
0.548784	0.0601851
0.580143	0.0637206
0.611502	0.067416
0.642861	0.0712148
0.674221	0.0750505
0.70558	0.0788481
0.736939	0.0825253
0.768298	0.0859951
0.799657	0.089168
0.831016	0.0919548
0.862375	0.09427
0.893734	0.0960345
0.925093	0.0971785
0.956452	0.0976447
0.987811	0.0973904
1.01917	0.0963894
1.05053	0.0946333
1.08189	0.0921322
1.11325	0.0889143
1.14461	0.0850256
1.17597	0.0805279
1.20733	0.0754968
1.23868	0.0700194
1.27004	0.0641908
1.3014	0.0581116
1.33276	0.0518838
1.36412	0.0456086
1.39548	0.0393826
1.42684	0.0332957
1.4582	0.0274288
1.48956	0.0218522
1.52092	0.0166244
1.55228	0.0117916
1.58363	0.00738743
1.61499	0.00343364
1.64635	-5.94843e-05
1.67771	-0.00309189
1.70907	-0.00567249
1.74043	-0.00781781
1.77179	-0.00955047
1.80315	-0.0108978
1.83451	-0.0118903
1.86587	-0.0125609
1.89723	-0.0129432
1.92858	-0.013071
1.95994	-0.0129775
1.9913	-0.0126948
2.02266	-0.0122502
2.05402	-0.0116558
2.08538	-0.0109314
2.11674	-0.0100972
2.1481	-0.00917413
2.17946	-0.00818374
2.21082	-0.00714842
2.24218	-0.00609144
2.27353	-0.00503714
2.30489	-0.00401104
2.33625	-0.00304002
2.36761	-0.00215238
2.39897	-0.00137787
2.43033	-0.000747645
2.46169	-0.000294091
2.49305	-5.04864e-05
2.50873	-5.04864e-05
