-0.0156795	0.000695026
0.0156795	0.000695026
0.0470386	0.00066613
0.0783977	0.000608282
0.109757	0.000521384
0.141116	0.000405321
0.172475	0.000260003
0.203834	8.5412e-05
0.235193	-0.000118337
0.266552	-0.000350929
0.297911	-0.000611779
0.32927	-0.00089995
0.36063	-0.00121407
0.391989	-0.00155227
0.423348	-0.00191204
0.454707	-0.00229022
0.486066	-0.00268282
0.517425	-0.003085
0.548784	-0.00349089
0.580143	-0.0038935
0.611502	-0.00428462
0.642861	-0.00465465
0.674221	-0.00499243
0.70558	-0.00528519
0.736939	-0.00551828
0.768298	-0.00567513
0.799657	-0.00573714
0.831016	-0.00568357
0.862375	-0.00549159
0.893734	-0.00513633
0.925093	-0.00459112
0.956452	-0.00382775
0.987811	-0.00281698
1.01917	-0.00152915
1.05053	6.5021e-05
1.08189	0.00199346
1.11325	0.00428162
1.14461	0.00695124
1.17597	0.010019
1.20733	0.013495
1.23868	0.0173815
1.27004	0.0216718
1.3014	0.0263488
1.33276	0.0313842
1.36412	0.0367382
1.39548	0.0423593
1.42684	0.0481846
1.4582	0.0541406
1.48956	0.0601448
1.52092	0.0661074
1.55228	0.0719337
1.58363	0.0775268
1.61499	0.0827905
1.64635	0.0876326
1.67771	0.0919678
1.70907	0.0957209
1.74043	0.098829
1.77179	0.101244
1.80315	0.102936
1.83451	0.103889
1.86587	0.104109
1.89723	0.103617
1.92858	0.102451
1.95994	0.100664
1.9913	0.0983226
2.02266	0.0954825
2.05402	0.092139
2.08538	0.088356
2.11674	0.0842093
2.1481	0.0797845
2.17946	0.0751754
2.21082	0.0704813
2.24218	0.0658053
2.27353	0.0612511
2.30489	0.0569218
2.33625	0.0529185
2.36761	0.0493389
2.39897	0.0462788
2.43033	0.0438327
2.46169	0.0420969
2.49305	0.0411731
2.50873	0.0411731
