-0.0156795	0.00154439
0.0156795	0.00154439
0.0470386	0.002231
0.0783977	0.0035979
0.109757	0.00563215
0.141116	0.00831386
0.172475	0.0116155
0.203834	0.0155013
0.235193	0.0199266
0.266552	0.0248372
0.297911	0.0301692
0.32927	0.0358488
0.36063	0.0417928
0.391989	0.0479094
0.423348	0.0540994
0.454707	0.060258
0.486066	0.066277
0.517425	0.0720475
0.548784	0.0774628
0.580143	0.0824211
0.611502	0.086829
0.642861	0.0906042
0.674221	0.0936781
0.70558	0.0959983
0.736939	0.0975298
0.768298	0.0982565
0.799657	0.0981811
0.831016	0.0973253
0.862375	0.0957279
0.893734	0.093444
0.925093	0.0905419
0.956452	0.087101
0.987811	0.0832085
1.01917	0.0789563
1.05053	0.074438
1.08189	0.0697458
1.11325	0.0649679
1.14461	0.060186
1.17597	0.0554736
1.20733	0.0508945
1.23868	0.0465019
1.27004	0.0423379
1.3014	0.038434
1.33276	0.0348108
1.36412	0.0314796
1.39548	0.0284427
1.42684	0.0256953
1.4582	0.0232262
1.48956	0.0210196
1.52092	0.0190562
1.55228	0.0173144
1.58363	0.0157716
1.61499	0.0144049
1.64635	0.013192
1.67771	0.0121118
1.70907	0.011145
1.74043	0.0102743
1.77179	0.00948442
1.80315	0.00876238
1.83451	0.0080974
1.86587	0.00748072
1.89723	0.0069055
1.92858	0.00636655
1.95994	0.00586015
1.9913	0.00538378
2.02266	0.00493273
2.05402	0.00449575
2.08538	0.0040735
2.11674	0.00366714
2.1481	0.00327824
2.17946	0.00290865
2.21082	0.00256044
2.24218	0.00223577
2.27353	0.00193687
2.30489	0.00166598
2.33625	0.00142533
2.36761	0.00121721
2.39897	0.00104402
2.43033	0.000908463
2.46169	0.000813715
2.49305	0.000763762
2.50873	0.000763762
