-0.0156795	1.38778e-17
0.0156795	1.38778e-17
0.0470386	2.77556e-17
0.0783977	0
0.109757	6.93889e-17
0.141116	4.16334e-17
0.172475	-4.16334e-17
0.203834	8.32667e-17
0.235193	-2.77556e-17
0.266552	6.93889e-17
0.297911	-6.93889e-17
0.32927	9.71445e-17
0.36063	-5.55112e-17
0.391989	5.55112e-17
0.423348	0
0.454707	1.38778e-17
0.486066	-1.38778e-17
0.517425	5.55112e-17
0.548784	-4.16334e-17
0.580143	5.55112e-17
0.611502	-2.77556e-17
0.642861	2.77556e-17
0.674221	-1.38778e-17
0.70558	2.77556e-17
0.736939	-1.38778e-17
0.768298	4.16334e-17
0.799657	1.38778e-17
0.831016	2.77556e-17
0.862375	-1.38778e-17
0.893734	1.38778e-17
0.925093	2.08167e-17
0.956452	-2.08167e-17
0.987811	2.08167e-17
1.01917	-5.55112e-17
1.05053	-6.93889e-18
1.08189	-2.42861e-17
1.11325	-3.46945e-17
1.14461	-3.46945e-18
1.17597	-2.08167e-17
1.20733	-2.08167e-17
1.23868	-2.25514e-17
1.27004	-8.67362e-18
1.3014	-1.56125e-17
1.33276	-6.07153e-18
1.36412	-1.56125e-17
1.39548	8.67362e-19
1.42684	-1.38778e-17
1.4582	3.90313e-18
1.48956	3.57122e-11
1.52092	1.63658e-10
1.55228	3.46165e-10
1.58363	5.9238e-10
1.61499	9.58781e-10
1.64635	1.51391e-09
1.67771	2.39125e-09
1.70907	3.75622e-09
1.74043	5.88779e-09
1.77179	9.17611e-09
1.80315	1.42116e-08
1.83451	2.18644e-08
1.86587	3.33884e-08
1.89723	5.06187e-08
1.92858	7.61668e-08
1.95994	1.13753e-07
1.9913	1.68623e-07
2.02266	2.04662e-07
2.05402	1.42949e-07
2.08538	5.52665e-08
2.11674	-2.31871e-08
2.1481	-7.89298e-08
2.17946	-1.1036e-07
2.21082	-1.21428e-07
2.24218	-1.17971e-07
2.27353	-1.05656e-07
2.30489	-8.91038e-08
2.33625	-7.15955e-08
2.36761	-5.51995e-08
2.39897	-4.09229e-08
2.43033	-2.91363e-08
2.46169	-1.95024e-08
2.49305	-1.12019e-08
2.50873	-6.55943e-09
