-0.0156795	-3.86416e-18
0.0156795	-3.86416e-18
0.0470386	1.1789e-17
0.0783977	-1.34204e-17
0.109757	6.20875e-18
0.141116	-6.89824e-18
0.172475	4.74338e-20
0.203834	-3.46267e-18
0.235193	1.92446e-18
0.266552	-3.03577e-18
0.297911	6.15285e-18
0.32927	5.96311e-18
0.36063	-5.17707e-18
0.391989	-1.84314e-18
0.423348	3.57122e-11
0.454707	1.63658e-10
0.486066	3.46165e-10
0.517425	5.9238e-10
0.548784	9.58781e-10
0.580143	1.51391e-09
0.611502	2.39125e-09
0.642861	3.75622e-09
0.674221	5.88779e-09
0.70558	9.17611e-09
0.736939	1.42116e-08
0.768298	2.18644e-08
0.799657	3.33884e-08
0.831016	5.06187e-08
0.862375	7.61668e-08
0.893734	1.13753e-07
0.925093	1.68623e-07
0.956452	2.48087e-07
0.987811	3.6228e-07
1.01917	5.25096e-07
1.05053	7.55419e-07
1.08189	1.07871e-06
1.11325	1.52893e-06
1.14461	2.15105e-06
1.17597	3.00397e-06
1.20733	4.16421e-06
1.23868	5.73017e-06
1.27004	7.82726e-06
1.3014	1.06137e-05
1.33276	1.42873e-05
1.36412	1.90927e-05
1.39548	2.53297e-05
1.42684	3.33616e-05
1.4582	4.36245e-05
1.48956	5.66361e-05
1.52092	7.30043e-05
1.55228	9.34349e-05
1.58363	0.000118738
1.61499	0.000149833
1.64635	0.000187748
1.67771	0.000233623
1.70907	0.000288698
1.74043	0.00035431
1.77179	0.000431872
1.80315	0.000522856
1.83451	0.00062877
1.86587	0.000751125
1.89723	0.000891403
1.92858	0.00105102
1.95994	0.0012313
1.9913	0.0014334
2.02266	0.00162296
2.05402	0.00167894
2.08538	0.00161104
2.11674	0.00143585
2.1481	0.0011754
2.17946	0.000855425
2.21082	0.000503746
2.24218	0.000148673
2.27353	-0.000182233
2.30489	-0.000462964
2.33625	-0.00066928
2.36761	-0.000778197
2.39897	-0.000766617
2.43033	-0.000608953
2.46169	-0.000273597
2.49305	0.000281961
2.50873	0.000719997
