-0.0156795	0.000166439
0.0156795	0.000166439
0.0470386	0.000175374
0.0783977	0.000193457
0.109757	0.00022111
0.141116	0.000258953
0.172475	0.000307791
0.203834	0.000368597
0.235193	0.000442485
0.266552	0.000530683
0.297911	0.0006345
0.32927	0.000755289
0.36063	0.000894407
0.391989	0.00105317
0.423348	0.00123283
0.454707	0.00143448
0.486066	0.0016591
0.517425	0.00190746
0.548784	0.00218011
0.580143	0.00247741
0.611502	0.00279948
0.642861	0.00314629
0.674221	0.00351768
0.70558	0.0039134
0.736939	0.00433328
0.768298	0.00477732
0.799657	0.00524586
0.831016	0.00573975
0.862375	0.00626057
0.893734	0.00681087
0.925093	0.0073944
0.956452	0.00801634
0.987811	0.00868355
1.01917	0.0094048
1.05053	0.0101909
1.08189	0.0110549
1.11325	0.0120121
1.14461	0.0130799
1.17597	0.0142778
1.20733	0.0156269
1.23868	0.0171499
1.27004	0.0188697
1.3014	0.0208094
1.33276	0.022991
1.36412	0.0254342
1.39548	0.0281553
1.42684	0.0311662
1.4582	0.0344725
1.48956	0.0380726
1.52092	0.0419565
1.55228	0.0461044
1.58363	0.0504864
1.61499	0.0550616
1.64635	0.0597784
1.67771	0.0645746
1.70907	0.0693786
1.74043	0.0741103
1.77179	0.0786835
1.80315	0.0830078
1.83451	0.0869916
1.86587	0.0905447
1.89723	0.0935814
1.92858	0.0960239
1.95994	0.097805
1.9913	0.0988704
2.02266	0.0991851
2.05402	0.0987108
2.08538	0.0973954
2.11674	0.095205
2.1481	0.0921284
2.17946	0.0881813
2.21082	0.0834096
2.24218	0.0778931
2.27353	0.071747
2.30489	0.0651235
2.33625	0.058211
2.36761	0.051232
2.39897	0.0444385
2.43033	0.0381047
2.46169	0.0325171
2.49305	0.0279601
2.50873	0.0263727
