-0.0156795	0.000296524
0.0156795	0.000296524
0.0470386	0.000302833
0.0783977	0.000315503
0.109757	0.000334637
0.141116	0.000360399
0.172475	0.000393015
0.203834	0.000432788
0.235193	0.000480101
0.266552	0.000535438
0.297911	0.000599386
0.32927	0.000672658
0.36063	0.000756095
0.391989	0.000850682
0.423348	0.000957554
0.454707	0.001078
0.486066	0.00121344
0.517425	0.00136547
0.548784	0.00153578
0.580143	0.00172617
0.611502	0.00193849
0.642861	0.00217461
0.674221	0.00243638
0.70558	0.00272553
0.736939	0.00304362
0.768298	0.00339194
0.799657	0.00377149
0.831016	0.00418282
0.862375	0.00462603
0.893734	0.00510065
0.925093	0.00560565
0.956452	0.00613936
0.987811	0.00669953
1.01917	0.00728331
1.05053	0.00788737
1.08189	0.00850799
1.11325	0.00914121
1.14461	0.00978303
1.17597	0.0104297
1.20733	0.0110778
1.23868	0.0117249
1.27004	0.0123697
1.3014	0.0130122
1.33276	0.0136544
1.36412	0.0143006
1.39548	0.0149578
1.42684	0.0156356
1.4582	0.016347
1.48956	0.0171087
1.52092	0.0179404
1.55228	0.018866
1.58363	0.0199124
1.61499	0.0211101
1.64635	0.0224924
1.67771	0.0240948
1.70907	0.0259546
1.74043	0.0281098
1.77179	0.0305977
1.80315	0.0334544
1.83451	0.0367126
1.86587	0.0404008
1.89723	0.0445412
1.92858	0.0491484
1.95994	0.054228
1.9913	0.0597748
2.02266	0.0658141
2.05402	0.0724877
2.08538	0.0797903
2.11674	0.0876979
2.1481	0.0961644
2.17946	0.105118
2.21082	0.114456
2.24218	0.124043
2.27353	0.13371
2.30489	0.143245
2.33625	0.152404
2.36761	0.160899
2.39897	0.168414
2.43033	0.174601
2.46169	0.179094
2.49305	0.181521
2.50873	0.181521
