-0.0156795	2.77556e-17
0.0156795	2.77556e-17
0.0470386	-2.77556e-17
0.0783977	5.55112e-17
0.109757	-2.77556e-17
0.141116	1.11022e-16
0.172475	-5.55112e-17
0.203834	5.55112e-17
0.235193	0
0.266552	5.55112e-17
0.297911	-2.77556e-17
0.32927	4.16334e-17
0.36063	-2.77556e-17
0.391989	2.77556e-17
0.423348	-4.16334e-17
0.454707	5.55112e-17
0.486066	-4.16334e-17
0.517425	4.16334e-17
0.548784	1.38778e-17
0.580143	4.16334e-17
0.611502	-2.77556e-17
0.642861	2.77556e-17
0.674221	2.77556e-17
0.70558	-2.08167e-17
0.736939	4.16334e-17
0.768298	-2.08167e-17
0.799657	1.38778e-17
0.831016	-6.93889e-18
0.862375	-3.46945e-18
0.893734	2.08167e-17
0.925093	-1.38778e-17
0.956452	-6.93889e-18
0.987811	3.46945e-18
1.01917	-1.73472e-17
1.05053	-1.38778e-17
1.08189	0
1.11325	-1.64799e-17
1.14461	3.46945e-18
1.17597	-1.12757e-17
1.20733	4.33681e-19
1.23868	-9.54098e-18
1.27004	8.67362e-19
1.3014	0
1.33276	-1.73472e-18
1.36412	1.40946e-18
1.39548	-1.0842e-19
1.42684	-6.50521e-19
1.4582	4.87891e-19
1.48956	3.79471e-19
1.52092	-5.42101e-20
1.55228	8.13152e-20
1.58363	2.03288e-19
1.61499	2.71051e-20
1.64635	-6.77626e-21
1.67771	1.0842e-19
1.70907	-1.01644e-20
1.74043	3.57122e-11
1.77179	1.63658e-10
1.80315	3.46165e-10
1.83451	5.9238e-10
1.86587	9.58781e-10
1.89723	1.51391e-09
1.92858	2.39125e-09
1.95994	3.75622e-09
1.9913	5.88779e-09
2.02266	7.11698e-09
2.05402	4.22904e-09
2.08538	7.41567e-10
2.11674	-1.95951e-09
2.1481	-3.53399e-09
2.17946	-4.14943e-09
2.21082	-4.07581e-09
2.24218	-3.64871e-09
2.27353	-3.03809e-09
2.30489	-2.3379e-09
2.33625	-1.6901e-09
2.36761	-1.1675e-09
2.39897	-7.76528e-10
2.43033	-4.96021e-10
2.46169	-2.9622e-10
2.49305	-1.45376e-10
2.50873	-6.69119e-11
