-0.0156795	0.196675
0.0156795	0.196675
0.0470386	0.195206
0.0783977	0.192299
0.109757	0.188018
0.141116	0.182457
0.172475	0.175734
0.203834	0.167989
0.235193	0.159379
0.266552	0.150071
0.297911	0.14024
0.32927	0.130061
0.36063	0.119704
0.391989	0.109331
0.423348	0.0990897
0.454707	0.0891141
0.486066	0.0795185
0.517425	0.0703978
0.548784	0.0618268
0.580143	0.0538601
0.611502	0.046533
0.642861	0.0398633
0.674221	0.0338524
0.70558	0.0284882
0.736939	0.0237472
0.768298	0.0195966
0.799657	0.0159971
0.831016	0.0129049
0.862375	0.0102734
0.893734	0.00805553
0.925093	0.00620458
0.956452	0.00467574
0.987811	0.0034268
1.01917	0.00241876
1.05053	0.0016162
1.08189	0.000987407
1.11325	0.000504369
1.14461	0.000142626
1.17597	-0.000118966
1.20733	-0.000298535
1.23868	-0.000411515
1.27004	-0.000470985
1.3014	-0.000487988
1.33276	-0.000471836
1.36412	-0.000430374
1.39548	-0.000370217
1.42684	-0.000296941
1.4582	-0.000215247
1.48956	-0.000129091
1.52092	-4.17789e-05
1.55228	4.39454e-05
1.58363	0.000125844
1.61499	0.000202132
1.64635	0.000271435
1.67771	0.000332756
1.70907	0.000385434
1.74043	0.000429115
1.77179	0.000463715
1.80315	0.000489386
1.83451	0.000506478
1.86587	0.000515503
1.89723	0.000517103
1.92858	0.000512013
1.95994	0.000501029
1.9913	0.000484983
2.02266	0.000464571
2.05402	0.00043997
2.08538	0.000411787
2.11674	0.000380674
2.1481	0.000347315
2.17946	0.00031242
2.21082	0.000276718
2.24218	0.000240954
2.27353	0.000205884
2.30489	0.00017228
2.33625	0.000140924
2.36761	0.000112619
2.39897	8.8189e-05
2.43033	6.84881e-05
2.46169	5.4406e-05
2.49305	4.68752e-05
2.50873	4.68752e-05
