-0.0156795	0.100143
0.0156795	0.100143
0.0470386	0.10029
0.0783977	0.100568
0.109757	0.100943
0.141116	0.10137
0.172475	0.101791
0.203834	0.102141
0.235193	0.102349
0.266552	0.102345
0.297911	0.102063
0.32927	0.101443
0.36063	0.100437
0.391989	0.0990067
0.423348	0.0971317
0.454707	0.0948056
0.486066	0.0920376
0.517425	0.0888524
0.548784	0.0852879
0.580143	0.081394
0.611502	0.0772296
0.642861	0.07286
0.674221	0.0683541
0.70558	0.0637815
0.736939	0.0592098
0.768298	0.0547026
0.799657	0.0503169
0.831016	0.0461021
0.862375	0.0420988
0.893734	0.0383385
0.925093	0.0348429
0.956452	0.0316251
0.987811	0.0286895
1.01917	0.0260331
1.05053	0.0236467
1.08189	0.0215158
1.11325	0.0196221
1.14461	0.0179445
1.17597	0.0164606
1.20733	0.0151472
1.23868	0.0139817
1.27004	0.0129425
1.3014	0.0120093
1.33276	0.0111643
1.36412	0.0103916
1.39548	0.00967765
1.42684	0.00901131
1.4582	0.00838361
1.48956	0.00778767
1.52092	0.00721846
1.55228	0.00667254
1.58363	0.00614781
1.61499	0.00564327
1.64635	0.00515873
1.67771	0.0046946
1.70907	0.00425169
1.74043	0.003831
1.77179	0.00343358
1.80315	0.00306042
1.83451	0.00271233
1.86587	0.00238989
1.89723	0.00209341
1.92858	0.0018229
1.95994	0.00157809
1.9913	0.00135843
2.02266	0.00116173
2.05402	0.000982872
2.08538	0.000821707
2.11674	0.000677888
2.1481	0.000550863
2.17946	0.00043989
2.21082	0.000344073
2.24218	0.000262383
2.27353	0.000193702
2.30489	0.000136856
2.33625	9.06663e-05
2.36761	5.39926e-05
2.39897	2.57943e-05
2.43033	5.19534e-06
2.46169	-8.43272e-06
2.49305	-1.53624e-05
2.50873	-1.53624e-05
