-0.0156795	-0.00698572
0.0156795	-0.00698572
0.0470386	-0.00646772
0.0783977	-0.00543174
0.109757	-0.0038782
0.141116	-0.00180853
0.172475	0.000773823
0.203834	0.00386229
0.235193	0.00744581
0.266552	0.0115074
0.297911	0.0160231
0.32927	0.02096
0.36063	0.0262763
0.391989	0.0319198
0.423348	0.0378279
0.454707	0.043928
0.486066	0.0501379
0.517425	0.0563675
0.548784	0.0625202
0.580143	0.0684952
0.611502	0.0741904
0.642861	0.0795051
0.674221	0.0843433
0.70558	0.0886164
0.736939	0.0922467
0.768298	0.0951695
0.799657	0.0973361
0.831016	0.0987144
0.862375	0.099291
0.893734	0.0990711
0.925093	0.0980778
0.956452	0.0963517
0.987811	0.0939487
1.01917	0.090938
1.05053	0.0873992
1.08189	0.0834198
1.11325	0.0790915
1.14461	0.0745077
1.17597	0.06976
1.20733	0.064936
1.23868	0.0601168
1.27004	0.055375
1.3014	0.0507738
1.33276	0.0463655
1.36412	0.0421917
1.39548	0.0382828
1.42684	0.0346589
1.4582	0.0313307
1.48956	0.0283
1.52092	0.0255613
1.55228	0.0231031
1.58363	0.0209092
1.61499	0.0189598
1.64635	0.0172333
1.67771	0.0157066
1.70907	0.0143566
1.74043	0.0131609
1.77179	0.0120984
1.80315	0.0111495
1.83451	0.0102969
1.86587	0.00952521
1.89723	0.00882149
1.92858	0.00817492
1.95994	0.00757682
1.9913	0.00702039
2.02266	0.00649692
2.05402	0.00599073
2.08538	0.00550039
2.11674	0.00502548
2.1481	0.00456648
2.17946	0.0041247
2.21082	0.00370221
2.24218	0.0033017
2.27353	0.00292643
2.30489	0.00258011
2.33625	0.00226691
2.36761	0.00199139
2.39897	0.00175852
2.43033	0.0015738
2.46169	0.00144334
2.49305	0.0013741
2.50873	0.0013741
