-0.0156795	0.0262071
0.0156795	0.0262071
0.0470386	0.0262544
0.0783977	0.0263512
0.109757	0.0265019
0.141116	0.0267131
0.172475	0.0269937
0.203834	0.0273547
0.235193	0.0278093
0.266552	0.0283727
0.297911	0.0290619
0.32927	0.0298956
0.36063	0.0308933
0.391989	0.0320756
0.423348	0.0334628
0.454707	0.0350743
0.486066	0.0369277
0.517425	0.0390381
0.548784	0.0414161
0.580143	0.0440674
0.611502	0.046991
0.642861	0.0501786
0.674221	0.0536128
0.70558	0.0572672
0.736939	0.0611051
0.768298	0.0650796
0.799657	0.0691337
0.831016	0.0732012
0.862375	0.0772074
0.893734	0.0810713
0.925093	0.0847068
0.956452	0.0880262
0.987811	0.0909418
1.01917	0.0933699
1.05053	0.0952331
1.08189	0.0964635
1.11325	0.0970054
1.14461	0.0968176
1.17597	0.0958754
1.20733	0.0941718
1.23868	0.0917178
1.27004	0.088543
1.3014	0.084694
1.33276	0.0802334
1.36412	0.0752375
1.39548	0.0697937
1.42684	0.0639978
1.4582	0.0579504
1.48956	0.0517539
1.52092	0.0455096
1.55228	0.0393141
1.58363	0.0332574
1.61499	0.0274204
1.64635	0.0218733
1.67771	0.0166744
1.70907	0.0118698
1.74043	0.00749284
1.77179	0.00356495
1.80315	9.60645e-05
1.83451	-0.00291418
1.86587	-0.00547521
1.89723	-0.00760412
1.92858	-0.00932421
1.95994	-0.0106635
1.9913	-0.0116536
2.02266	-0.0123328
2.05402	-0.0127422
2.08538	-0.0129029
2.11674	-0.0128383
2.1481	-0.0125748
2.17946	-0.0121405
2.21082	-0.0115658
2.24218	-0.0108828
2.27353	-0.0101251
2.30489	-0.00932816
2.33625	-0.00852859
2.36761	-0.0077645
2.39897	-0.00707497
2.43033	-0.00649976
2.46169	-0.00607854
2.49305	-0.00584994
2.50873	-0.00584994
