-0.0156795	-0.0076236
0.0156795	-0.0076236
0.0470386	-0.00761402
0.0783977	-0.00759213
0.109757	-0.00755252
0.141116	-0.00748699
0.172475	-0.00738455
0.203834	-0.00723138
0.235193	-0.00701082
0.266552	-0.00670338
0.297911	-0.00628685
0.32927	-0.00573644
0.36063	-0.00502507
0.391989	-0.00412375
0.423348	-0.00300215
0.454707	-0.00162926
0.486066	2.56973e-05
0.517425	0.00199223
0.548784	0.00429742
0.580143	0.00696456
0.611502	0.0100118
0.642861	0.0134505
0.674221	0.0172842
0.70558	0.021507
0.736939	0.0261022
0.768298	0.0310421
0.799657	0.0362867
0.831016	0.0417842
0.862375	0.047471
0.893734	0.0532727
0.925093	0.0591053
0.956452	0.0648775
0.987811	0.0704927
1.01917	0.075852
1.05053	0.080857
1.08189	0.0854131
1.11325	0.0894328
1.14461	0.0928384
1.17597	0.0955653
1.20733	0.0975636
1.23868	0.0988006
1.27004	0.0992613
1.3014	0.0989492
1.33276	0.097886
1.36412	0.0961103
1.39548	0.093676
1.42684	0.0906507
1.4582	0.087112
1.48956	0.0831458
1.52092	0.078842
1.55228	0.0742927
1.58363	0.0695881
1.61499	0.0648146
1.64635	0.0600525
1.67771	0.0553736
1.70907	0.0508404
1.74043	0.0465049
1.77179	0.0424085
1.80315	0.0385819
1.83451	0.0350454
1.86587	0.0318102
1.89723	0.0288788
1.92858	0.026247
1.95994	0.0239044
1.9913	0.0218364
2.02266	0.0200123
2.05402	0.0183748
2.08538	0.0169134
2.11674	0.0156155
2.1481	0.0144677
2.17946	0.0134559
2.21082	0.0125666
2.24218	0.0117869
2.27353	0.0111056
2.30489	0.0105137
2.33625	0.0100043
2.36761	0.00957338
2.39897	0.00921963
2.43033	0.00894471
2.46169	0.00875309
2.49305	0.00865212
2.50873	0.00865212
