-0.0156795	0.0177894
0.0156795	0.0177894
0.0470386	0.017857
0.0783977	0.017992
0.109757	0.0181937
0.141116	0.0184617
0.172475	0.0187954
0.203834	0.0191947
0.235193	0.0196603
0.266552	0.0201937
0.297911	0.0207979
0.32927	0.0214775
0.36063	0.0222389
0.391989	0.0230909
0.423348	0.0240441
0.454707	0.0251115
0.486066	0.0263083
0.517425	0.027651
0.548784	0.0291578
0.580143	0.0308473
0.611502	0.0327378
0.642861	0.0348467
0.674221	0.0371888
0.70558	0.0397755
0.736939	0.0426134
0.768298	0.0457028
0.799657	0.0490368
0.831016	0.0525998
0.862375	0.0563671
0.893734	0.0603037
0.925093	0.0643645
0.956452	0.0684943
0.987811	0.0726283
1.01917	0.0766934
1.05053	0.0806097
1.08189	0.0842925
1.11325	0.0876548
1.14461	0.0906102
1.17597	0.0930754
1.20733	0.0949738
1.23868	0.0962378
1.27004	0.0968123
1.3014	0.0966564
1.33276	0.0957455
1.36412	0.0940727
1.39548	0.0916494
1.42684	0.0885048
1.4582	0.0846857
1.48956	0.0802545
1.52092	0.0752875
1.55228	0.069872
1.58363	0.0641032
1.61499	0.0580817
1.64635	0.0519095
1.67771	0.0456873
1.70907	0.0395114
1.74043	0.0334711
1.77179	0.0276467
1.80315	0.0221075
1.83451	0.0169112
1.86587	0.0121027
1.89723	0.00771445
1.92858	0.00376679
1.95994	0.000268485
1.9913	-0.00278201
2.02266	-0.00541371
2.05402	-0.00769576
2.08538	-0.00963186
2.11674	-0.0112325
2.1481	-0.0125147
2.17946	-0.0135008
2.21082	-0.0142186
2.24218	-0.0146997
2.27353	-0.0149793
2.30489	-0.0150946
2.33625	-0.0150847
2.36761	-0.0149889
2.39897	-0.0148462
2.43033	-0.0146936
2.46169	-0.0145653
2.49305	-0.0144904
2.50873	-0.0144904
