-0.0156795	0.00137989
0.0156795	0.00137989
0.0470386	0.00141426
0.0783977	0.00148289
0.109757	0.00158561
0.141116	0.0017221
0.172475	0.00189197
0.203834	0.00209468
0.235193	0.00232958
0.266552	0.0025959
0.297911	0.00289275
0.32927	0.00321919
0.36063	0.00357424
0.391989	0.00395697
0.423348	0.00436661
0.454707	0.00480263
0.486066	0.00526494
0.517425	0.00575402
0.548784	0.00627118
0.580143	0.0068187
0.611502	0.00740013
0.642861	0.0080205
0.674221	0.00868655
0.70558	0.00940695
0.736939	0.0101924
0.768298	0.011056
0.799657	0.0120128
0.831016	0.0130804
0.862375	0.0142781
0.893734	0.0156272
0.925093	0.01715
0.956452	0.0188698
0.987811	0.0208095
1.01917	0.0229911
1.05053	0.0254342
1.08189	0.0281553
1.11325	0.0311662
1.14461	0.0344725
1.17597	0.0380726
1.20733	0.0419565
1.23868	0.0461044
1.27004	0.0504864
1.3014	0.0550616
1.33276	0.0597784
1.36412	0.0645746
1.39548	0.0693786
1.42684	0.0741103
1.4582	0.0786835
1.48956	0.0830078
1.52092	0.0869916
1.55228	0.0905447
1.58363	0.0935814
1.61499	0.0960239
1.64635	0.097805
1.67771	0.0988704
1.70907	0.0991816
1.74043	0.0987172
1.77179	0.0974735
1.80315	0.0954656
1.83451	0.0927263
1.86587	0.0893057
1.89723	0.0852684
1.92858	0.0806925
1.95994	0.0756656
1.9913	0.0702826
2.02266	0.0646027
2.05402	0.0585747
2.08538	0.0522838
2.11674	0.0458223
2.1481	0.0392869
2.17946	0.0327764
2.21082	0.0263889
2.24218	0.0202199
2.27353	0.0143601
2.30489	0.00889403
2.33625	0.00389958
2.36761	-0.000551803
2.39897	-0.00439328
2.43033	-0.00755956
2.46169	-0.00998229
2.49305	-0.0115838
2.50873	-0.0119092
