-0.0156795	4.16334e-17
0.0156795	4.16334e-17
0.0470386	4.16334e-17
0.0783977	1.38778e-17
0.109757	5.55112e-17
0.141116	0
0.172475	8.32667e-17
0.203834	-6.93889e-17
0.235193	1.11022e-16
0.266552	-6.93889e-17
0.297911	8.32667e-17
0.32927	-2.77556e-17
0.36063	2.77556e-17
0.391989	-2.77556e-17
0.423348	6.93889e-17
0.454707	-4.16334e-17
0.486066	4.16334e-17
0.517425	-1.38778e-17
0.548784	1.38778e-17
0.580143	0
0.611502	1.38778e-17
0.642861	-2.77556e-17
0.674221	2.77556e-17
0.70558	1.38778e-17
0.736939	2.77556e-17
0.768298	-1.38778e-17
0.799657	2.08167e-17
0.831016	2.08167e-17
0.862375	0
0.893734	1.38778e-17
0.925093	-2.08167e-17
0.956452	-1.38778e-17
0.987811	-6.93889e-18
1.01917	-3.81639e-17
1.05053	0
1.08189	-2.42861e-17
1.11325	-2.08167e-17
1.14461	-3.46945e-18
1.17597	-8.67362e-18
1.20733	-1.56125e-17
1.23868	-6.07153e-18
1.27004	-1.56125e-17
1.3014	0
1.33276	-1.38778e-17
1.36412	3.90313e-18
1.39548	-6.93889e-18
1.42684	-1.30104e-18
1.4582	3.03577e-18
1.48956	-2.1684e-18
1.52092	1.40946e-18
1.55228	9.75782e-19
1.58363	3.57122e-11
1.61499	1.63658e-10
1.64635	3.46165e-10
1.67771	5.9238e-10
1.70907	9.58781e-10
1.74043	1.51391e-09
1.77179	2.39125e-09
1.80315	3.75622e-09
1.83451	5.88779e-09
1.86587	9.17611e-09
1.89723	1.42116e-08
1.92858	2.18644e-08
1.95994	3.33884e-08
1.9913	5.06187e-08
2.02266	6.14404e-08
2.05402	4.05429e-08
2.08538	1.26633e-08
2.11674	-1.09667e-08
2.1481	-2.66429e-08
2.17946	-3.44986e-08
2.21082	-3.62325e-08
2.24218	-3.39213e-08
2.27353	-2.93951e-08
2.30489	-2.40463e-08
2.33625	-1.87597e-08
2.36761	-1.41065e-08
2.39897	-1.02111e-08
2.43033	-7.03838e-09
2.46169	-4.53014e-09
2.49305	-2.50281e-09
2.50873	-1.4348e-09
