-0.0156795	0.000180945
0.0156795	0.000180945
0.0470386	0.000187047
0.0783977	0.000199252
0.109757	0.000217563
0.141116	0.000241985
0.172475	0.000272531
0.203834	0.000309223
0.235193	0.000352097
0.266552	0.00040121
0.297911	0.000456641
0.32927	0.000518503
0.36063	0.000586949
0.391989	0.000662179
0.423348	0.000744444
0.454707	0.000834061
0.486066	0.000931411
0.517425	0.00103695
0.548784	0.00115121
0.580143	0.0012748
0.611502	0.0014084
0.642861	0.00155276
0.674221	0.00170869
0.70558	0.00187704
0.736939	0.00205868
0.768298	0.00225449
0.799657	0.00246531
0.831016	0.00269193
0.862375	0.00293504
0.893734	0.00319521
0.925093	0.00347282
0.956452	0.00376809
0.987811	0.00408101
1.01917	0.00441136
1.05053	0.00475869
1.08189	0.00512233
1.11325	0.00550149
1.14461	0.00589527
1.17597	0.00630278
1.20733	0.00672331
1.23868	0.00715645
1.27004	0.00760236
1.3014	0.00806198
1.33276	0.00853739
1.36412	0.00903209
1.39548	0.00955144
1.42684	0.010103
1.4582	0.0106971
1.48956	0.011347
1.52092	0.0120696
1.55228	0.0128858
1.58363	0.0138205
1.61499	0.0149032
1.64635	0.0161678
1.67771	0.0176528
1.70907	0.0194004
1.74043	0.0214569
1.77179	0.0238709
1.80315	0.0266925
1.83451	0.0299722
1.86587	0.0337582
1.89723	0.0380953
1.92858	0.0430216
1.95994	0.0485666
1.9913	0.0547483
2.02266	0.0616184
2.05402	0.0693649
2.08538	0.0780116
2.11674	0.0875586
2.1481	0.0979759
2.17946	0.109196
2.21082	0.121106
2.24218	0.133541
2.27353	0.146277
2.30489	0.159027
2.33625	0.171436
2.36761	0.183084
2.39897	0.193493
2.43033	0.202134
2.46169	0.208449
2.49305	0.211874
2.50873	0.211874
