-0.0156795	1.99371e-10
0.0156795	1.99371e-10
0.0470386	3.46165e-10
0.0783977	5.9238e-10
0.109757	9.58781e-10
0.141116	1.51391e-09
0.172475	2.39125e-09
0.203834	3.75622e-09
0.235193	5.88779e-09
0.266552	9.17611e-09
0.297911	1.42116e-08
0.32927	2.18644e-08
0.36063	3.33884e-08
0.391989	5.06187e-08
0.423348	7.61668e-08
0.454707	1.13753e-07
0.486066	1.68623e-07
0.517425	2.48087e-07
0.548784	3.6228e-07
0.580143	5.25096e-07
0.611502	7.55419e-07
0.642861	1.07871e-06
0.674221	1.52893e-06
0.70558	2.15105e-06
0.736939	3.00397e-06
0.768298	4.16421e-06
0.799657	5.73017e-06
0.831016	7.82726e-06
0.862375	1.06137e-05
0.893734	1.42873e-05
0.925093	1.90927e-05
0.956452	2.53297e-05
0.987811	3.33616e-05
1.01917	4.36245e-05
1.05053	5.66361e-05
1.08189	7.30043e-05
1.11325	9.34349e-05
1.14461	0.000118738
1.17597	0.000149833
1.20733	0.000187748
1.23868	0.000233623
1.27004	0.000288698
1.3014	0.00035431
1.33276	0.000431872
1.36412	0.000522856
1.39548	0.00062877
1.42684	0.000751125
1.4582	0.000891403
1.48956	0.00105102
1.52092	0.0012313
1.55228	0.0014334
1.58363	0.00165835
1.61499	0.00190693
1.64635	0.00217975
1.67771	0.00247716
1.70907	0.00279931
1.74043	0.00314618
1.77179	0.0035176
1.80315	0.00391335
1.83451	0.00433324
1.86587	0.0047773
1.89723	0.00524584
1.92858	0.00573974
1.95994	0.00626056
1.9913	0.00681087
2.02266	0.00740401
2.05402	0.00805065
2.08538	0.0087093
2.11674	0.00934027
2.1481	0.00991035
2.17946	0.0103978
2.21082	0.0107975
2.24218	0.011126
2.27353	0.0114253
2.30489	0.0117667
2.33625	0.0122523
2.36761	0.0130146
2.39897	0.0142147
2.43033	0.0160364
2.46169	0.0186782
2.49305	0.0223405
2.50873	0.0248058
