-0.0156795	5.79476e-19
0.0156795	5.79476e-19
0.0470386	-3.28225e-19
0.0783977	-1.41649e-17
0.109757	1.55655e-17
0.141116	-5.79201e-18
0.172475	1.05693e-17
0.203834	-1.1944e-17
0.235193	2.39033e-18
0.266552	3.57122e-11
0.297911	1.63658e-10
0.32927	3.46165e-10
0.36063	5.9238e-10
0.391989	9.58781e-10
0.423348	1.51391e-09
0.454707	2.39125e-09
0.486066	3.75622e-09
0.517425	5.88779e-09
0.548784	9.17611e-09
0.580143	1.42116e-08
0.611502	2.18644e-08
0.642861	3.33884e-08
0.674221	5.06187e-08
0.70558	7.61668e-08
0.736939	1.13753e-07
0.768298	1.68623e-07
0.799657	2.48087e-07
0.831016	3.6228e-07
0.862375	5.25096e-07
0.893734	7.55419e-07
0.925093	1.07871e-06
0.956452	1.52893e-06
0.987811	2.15105e-06
1.01917	3.00397e-06
1.05053	4.16421e-06
1.08189	5.73017e-06
1.11325	7.82726e-06
1.14461	1.06137e-05
1.17597	1.42873e-05
1.20733	1.90927e-05
1.23868	2.53297e-05
1.27004	3.33616e-05
1.3014	4.36245e-05
1.33276	5.66361e-05
1.36412	7.30043e-05
1.39548	9.34349e-05
1.42684	0.000118738
1.4582	0.000149833
1.48956	0.000187748
1.52092	0.000233623
1.55228	0.000288698
1.58363	0.00035431
1.61499	0.000431872
1.64635	0.000522856
1.67771	0.00062877
1.70907	0.000751125
1.74043	0.000891403
1.77179	0.00105102
1.80315	0.0012313
1.83451	0.0014334
1.86587	0.00165835
1.89723	0.00190693
1.92858	0.00217975
1.95994	0.00247716
1.9913	0.00279931
2.02266	0.00311424
2.05402	0.00329606
2.08538	0.0033295
2.11674	0.0032107
2.1481	0.0029475
2.17946	0.00255929
2.21082	0.00207625
2.24218	0.00153812
2.27353	0.000992956
2.30489	0.000495743
2.33625	0.000107438
2.36761	-0.000105423
2.39897	-7.02306e-05
2.43033	0.000293341
2.46169	0.00107627
2.49305	0.00238451
2.50873	0.00340052
