-0.0156795	0.177536
0.0156795	0.177536
0.0470386	0.176589
0.0783977	0.174707
0.109757	0.171915
0.141116	0.168249
0.172475	0.163756
0.203834	0.158496
0.235193	0.152535
0.266552	0.145952
0.297911	0.138831
0.32927	0.131262
0.36063	0.123341
0.391989	0.115165
0.423348	0.106832
0.454707	0.0984379
0.486066	0.0900765
0.517425	0.0818352
0.548784	0.0737947
0.580143	0.0660274
0.611502	0.0585958
0.642861	0.0515523
0.674221	0.0449384
0.70558	0.0387847
0.736939	0.033111
0.768298	0.0279272
0.799657	0.0232338
0.831016	0.0190233
0.862375	0.0152808
0.893734	0.011986
0.925093	0.00911378
0.956452	0.00663588
0.987811	0.0045219
1.01917	0.00274035
1.05053	0.00125951
1.08189	4.82413e-05
1.11325	-0.000923507
1.14461	-0.00168423
1.17597	-0.0022606
1.20733	-0.00267728
1.23868	-0.00295688
1.27004	-0.00311995
1.3014	-0.00318506
1.33276	-0.0031689
1.36412	-0.00308641
1.39548	-0.00295093
1.42684	-0.00277429
1.4582	-0.00256699
1.48956	-0.00233828
1.52092	-0.00209625
1.55228	-0.00184792
1.58363	-0.00159932
1.61499	-0.00135557
1.64635	-0.00112087
1.67771	-0.000898653
1.70907	-0.000691555
1.74043	-0.000501523
1.77179	-0.000329857
1.80315	-0.000177276
1.83451	-4.39874e-05
1.86587	7.02476e-05
1.89723	0.000166042
1.92858	0.000244313
1.95994	0.000306217
1.9913	0.000353085
2.02266	0.000386597
2.05402	0.000408652
2.08538	0.000420183
2.11674	0.000422254
2.1481	0.000416033
2.17946	0.000402777
2.21082	0.000383805
2.24218	0.00036048
2.27353	0.000334199
2.30489	0.000306368
2.33625	0.000278404
2.36761	0.000251712
2.39897	0.000227692
2.43033	0.000207717
2.46169	0.000193132
2.49305	0.000185233
2.50873	0.000185233
