-0.0156795	0.0142053
0.0156795	0.0142053
0.0470386	0.0142769
0.0783977	0.0144233
0.109757	0.0146506
0.141116	0.0149682
0.172475	0.0153882
0.203834	0.0159254
0.235193	0.0165975
0.266552	0.0174239
0.297911	0.0184262
0.32927	0.019627
0.36063	0.0210495
0.391989	0.0227164
0.423348	0.0246494
0.454707	0.0268676
0.486066	0.0293866
0.517425	0.0322172
0.548784	0.0353639
0.580143	0.0388237
0.611502	0.0425853
0.642861	0.0466273
0.674221	0.0509183
0.70558	0.0554159
0.736939	0.0600671
0.768298	0.0648083
0.799657	0.0695663
0.831016	0.0742601
0.862375	0.0788022
0.893734	0.0831013
0.925093	0.0870646
0.956452	0.0906013
0.987811	0.093625
1.01917	0.0960573
1.05053	0.0978303
1.08189	0.0988895
1.11325	0.0991959
1.14461	0.0987278
1.17597	0.0974813
1.20733	0.0954713
1.23868	0.0927305
1.27004	0.0893087
1.3014	0.0852706
1.33276	0.080694
1.36412	0.0756666
1.39548	0.0702834
1.42684	0.0646429
1.4582	0.0588446
1.48956	0.0529855
1.52092	0.0471578
1.55228	0.041446
1.58363	0.0359254
1.61499	0.0306607
1.64635	0.0257048
1.67771	0.0210989
1.70907	0.0168723
1.74043	0.0130429
1.77179	0.00961849
1.80315	0.00659729
1.83451	0.00396967
1.86587	0.00171938
1.89723	-0.00017499
1.92858	-0.00173866
1.95994	-0.00299939
1.9913	-0.00398633
2.02266	-0.00473428
2.05402	-0.00528323
2.08538	-0.00565123
2.11674	-0.00585752
2.1481	-0.00592216
2.17946	-0.00586578
2.21082	-0.00570936
2.24218	-0.00547408
2.27353	-0.00518123
2.30489	-0.00485215
2.33625	-0.0045082
2.36761	-0.00417071
2.39897	-0.00386093
2.43033	-0.00359985
2.46169	-0.00340794
2.49305	-0.00330467
2.50873	-0.00330606
