-0.0156795	0.000396613
0.0156795	0.000396613
0.0470386	0.000399723
0.0783977	0.000405796
0.109757	0.000414533
0.141116	0.000425485
0.172475	0.000438049
0.203834	0.000451468
0.235193	0.000464826
0.266552	0.000477049
0.297911	0.000486912
0.32927	0.000493039
0.36063	0.000493914
0.391989	0.0004879
0.423348	0.000473258
0.454707	0.000448173
0.486066	0.000410793
0.517425	0.000359273
0.548784	0.000291821
0.580143	0.000206759
0.611502	0.000102589
0.642861	-2.19355e-05
0.674221	-0.000167735
0.70558	-0.000335319
0.736939	-0.000524701
0.768298	-0.000735313
0.799657	-0.000965912
0.831016	-0.00121449
0.862375	-0.00147817
0.893734	-0.00175314
0.925093	-0.00203451
0.956452	-0.00231624
0.987811	-0.00259104
1.01917	-0.00285025
1.05053	-0.00308372
1.08189	-0.0032797
1.11325	-0.00342475
1.14461	-0.0035036
1.17597	-0.00349907
1.20733	-0.00339202
1.23868	-0.00316127
1.27004	-0.00278368
1.3014	-0.00223417
1.33276	-0.00148591
1.36412	-0.000510621
1.39548	0.000721046
1.42684	0.00223899
1.4582	0.00407294
1.48956	0.00625168
1.52092	0.008802
1.55228	0.0117476
1.58363	0.015108
1.61499	0.0188971
1.64635	0.023122
1.67771	0.0277816
1.70907	0.032866
1.74043	0.0383549
1.77179	0.0442177
1.80315	0.0504127
1.83451	0.0568877
1.86587	0.0635805
1.89723	0.0704197
1.92858	0.0773271
1.95994	0.0842191
1.9913	0.0910093
2.02266	0.097658
2.05402	0.104241
2.08538	0.110668
2.11674	0.116845
2.1481	0.122683
2.17946	0.128096
2.21082	0.13301
2.24218	0.137367
2.27353	0.141129
2.30489	0.144278
2.33625	0.146824
2.36761	0.1488
2.39897	0.15026
2.43033	0.151271
2.46169	0.151903
2.49305	0.152209
2.50873	0.152209
