-0.0156795	0.000786182
0.0156795	0.000786182
0.0470386	0.000811554
0.0783977	0.000862393
0.109757	0.000938873
0.141116	0.00104124
0.172475	0.00116976
0.203834	0.00132473
0.235193	0.00150641
0.266552	0.00171498
0.297911	0.00195056
0.32927	0.00221311
0.36063	0.00250249
0.391989	0.0028184
0.423348	0.00316047
0.454707	0.00352821
0.486066	0.00392117
0.517425	0.00433898
0.548784	0.00478146
0.580143	0.00524885
0.611502	0.00574189
0.642861	0.00626209
0.674221	0.00681195
0.70558	0.00739516
0.736939	0.00801686
0.768298	0.00868391
0.799657	0.00940505
0.831016	0.0101911
0.862375	0.011055
0.893734	0.0120122
0.925093	0.0130799
0.956452	0.0142778
0.987811	0.015627
1.01917	0.0171499
1.05053	0.0188697
1.08189	0.0208095
1.11325	0.022991
1.14461	0.0254342
1.17597	0.0281553
1.20733	0.0311662
1.23868	0.0344725
1.27004	0.0380726
1.3014	0.0419565
1.33276	0.0461044
1.36412	0.0504864
1.39548	0.0550616
1.42684	0.0597784
1.4582	0.0645746
1.48956	0.0693786
1.52092	0.0741103
1.55228	0.0786835
1.58363	0.0830078
1.61499	0.0869916
1.64635	0.0905447
1.67771	0.0935814
1.70907	0.0960239
1.74043	0.097805
1.77179	0.0988704
1.80315	0.0991816
1.83451	0.0987172
1.86587	0.0974735
1.89723	0.0954656
1.92858	0.0927263
1.95994	0.0893057
1.9913	0.0852684
2.02266	0.0806605
2.05402	0.0754351
2.08538	0.0696576
2.11674	0.0634089
2.1481	0.0567839
2.17946	0.0498904
2.21082	0.042846
2.24218	0.0357766
2.27353	0.0288131
2.30489	0.0220897
2.33625	0.0157416
2.36761	0.00990412
2.39897	0.00471223
2.43033	0.000301605
2.46169	-0.0031893
2.49305	-0.00561603
2.50873	-0.00619375
