-0.0156795	-0.0115797
0.0156795	-0.0115797
0.0470386	-0.0113753
0.0783977	-0.0109624
0.109757	-0.0103326
0.141116	-0.00947382
0.172475	-0.00837066
0.203834	-0.00700498
0.235193	-0.00535668
0.266552	-0.00340468
0.297911	-0.001128
0.32927	0.00149298
0.36063	0.00447511
0.391989	0.00783105
0.423348	0.0115677
0.454707	0.0156849
0.486066	0.0201737
0.517425	0.0250155
0.548784	0.030181
0.580143	0.0356294
0.611502	0.0413085
0.642861	0.0471549
0.674221	0.0530947
0.70558	0.0590449
0.736939	0.0649152
0.768298	0.0706104
0.799657	0.0760328
0.831016	0.0810857
0.862375	0.085676
0.893734	0.0897176
0.925093	0.0931344
0.956452	0.095863
0.987811	0.0978549
1.01917	0.0990785
1.05053	0.09952
1.08189	0.0991838
1.11325	0.0980924
1.14461	0.0962851
1.17597	0.0938166
1.20733	0.0907548
1.23868	0.0871781
1.27004	0.0831724
1.3014	0.0788281
1.33276	0.0742374
1.36412	0.0694906
1.39548	0.0646743
1.42684	0.0598685
1.4582	0.055145
1.48956	0.050566
1.52092	0.0461833
1.55228	0.0420376
1.58363	0.0381589
1.61499	0.0345671
1.64635	0.0312721
1.67771	0.0282757
1.70907	0.0255721
1.74043	0.0231496
1.77179	0.0209919
1.80315	0.0190792
1.83451	0.0173899
1.86587	0.015901
1.89723	0.0145897
1.92858	0.0134338
1.95994	0.0124126
1.9913	0.011507
2.02266	0.0106945
2.05402	0.00994317
2.08538	0.00924353
2.11674	0.00858757
2.1481	0.00796886
2.17946	0.00738274
2.21082	0.00682643
2.24218	0.00629912
2.27353	0.005802
2.30489	0.00533819
2.33625	0.00491276
2.36761	0.00453255
2.39897	0.00420607
2.43033	0.00394333
2.46169	0.00375558
2.49305	0.00365515
2.50873	0.00365515
