-0.0156795	-2.30393e-18
0.0156795	-2.30393e-18
0.0470386	2.73761e-18
0.0783977	-3.65918e-18
0.109757	-7.86047e-19
0.141116	-2.71051e-19
0.172475	3.25261e-18
0.203834	-7.48099e-18
0.235193	5.20417e-18
0.266552	-1.21431e-17
0.297911	8.67362e-18
0.32927	-9.54098e-18
0.36063	-1.04083e-17
0.391989	9.1073e-18
0.423348	-8.67362e-18
0.454707	-8.67362e-18
0.486066	5.20417e-18
0.517425	-1.82146e-17
0.548784	4.33681e-18
0.580143	-1.21431e-17
0.611502	0
0.642861	-1.73472e-17
0.674221	3.57122e-11
0.70558	1.63658e-10
0.736939	3.46165e-10
0.768298	5.9238e-10
0.799657	9.58781e-10
0.831016	1.51391e-09
0.862375	2.39125e-09
0.893734	3.75622e-09
0.925093	5.88779e-09
0.956452	9.17611e-09
0.987811	1.42116e-08
1.01917	2.18644e-08
1.05053	3.33884e-08
1.08189	5.06187e-08
1.11325	7.61668e-08
1.14461	1.13753e-07
1.17597	1.68623e-07
1.20733	2.48087e-07
1.23868	3.6228e-07
1.27004	5.25096e-07
1.3014	7.55419e-07
1.33276	1.07871e-06
1.36412	1.52893e-06
1.39548	2.15105e-06
1.42684	3.00397e-06
1.4582	4.16421e-06
1.48956	5.73017e-06
1.52092	7.82726e-06
1.55228	1.06137e-05
1.58363	1.42873e-05
1.61499	1.90927e-05
1.64635	2.53297e-05
1.67771	3.33616e-05
1.70907	4.36245e-05
1.74043	5.66361e-05
1.77179	7.30043e-05
1.80315	9.34349e-05
1.83451	0.000118738
1.86587	0.000149833
1.89723	0.000187748
1.92858	0.000233623
1.95994	0.000288698
1.9913	0.00035431
2.02266	0.000411917
2.05402	0.000403621
2.08538	0.000347429
2.11674	0.000260206
2.1481	0.000156928
2.17946	5.01778e-05
2.21082	-5.0119e-05
2.24218	-0.000136721
2.27353	-0.000204892
2.30489	-0.000252049
2.33625	-0.000277251
2.36761	-0.00028057
2.39897	-0.000262326
2.43033	-0.000222178
2.46169	-0.000157994
2.49305	-6.43732e-05
2.50873	6.93044e-06
