-0.0156795	0.000337581
0.0156795	0.000337581
0.0470386	0.000352361
0.0783977	0.000382133
0.109757	0.000427314
0.141116	0.000488508
0.172475	0.00056648
0.203834	0.000662132
0.235193	0.000776454
0.266552	0.000910496
0.297911	0.00106531
0.32927	0.00124191
0.36063	0.00144123
0.391989	0.00166408
0.423348	0.0019111
0.454707	0.00218275
0.486066	0.00247931
0.517425	0.00280084
0.548784	0.00314726
0.580143	0.00351835
0.611502	0.00391387
0.642861	0.00433361
0.674221	0.00477755
0.70558	0.00524601
0.736939	0.00573985
0.768298	0.00626064
0.799657	0.00681092
0.831016	0.00739443
0.862375	0.00801636
0.893734	0.00868356
0.925093	0.00940481
0.956452	0.0101909
0.987811	0.0110549
1.01917	0.0120121
1.05053	0.0130799
1.08189	0.0142778
1.11325	0.0156269
1.14461	0.0171499
1.17597	0.0188697
1.20733	0.0208094
1.23868	0.022991
1.27004	0.0254342
1.3014	0.0281553
1.33276	0.0311662
1.36412	0.0344725
1.39548	0.0380726
1.42684	0.0419565
1.4582	0.0461044
1.48956	0.0504864
1.52092	0.0550616
1.55228	0.0597784
1.58363	0.0645746
1.61499	0.0693786
1.64635	0.0741103
1.67771	0.0786835
1.70907	0.0830078
1.74043	0.0869916
1.77179	0.0905447
1.80315	0.0935814
1.83451	0.0960239
1.86587	0.097805
1.89723	0.0988704
1.92858	0.0991816
1.95994	0.0987172
1.9913	0.0974735
2.02266	0.095452
2.05402	0.0926079
2.08538	0.088944
2.11674	0.0844843
2.1481	0.0792763
2.17946	0.0733921
2.21082	0.0669286
2.24218	0.0600083
2.27353	0.0527778
2.30489	0.0454068
2.33625	0.038086
2.36761	0.0310244
2.39897	0.0244461
2.43033	0.0185862
2.46169	0.0136867
2.49305	0.00998973
2.50873	0.0088988
