-0.0156795	0.00228232
0.0156795	0.00228232
0.0470386	0.00232481
0.0783977	0.00240947
0.109757	0.0025357
0.141116	0.0027026
0.172475	0.00290903
0.203834	0.00315362
0.235193	0.00343488
0.266552	0.00375122
0.297911	0.00410109
0.32927	0.00448308
0.36063	0.00489604
0.391989	0.00533928
0.423348	0.00581274
0.454707	0.0063172
0.486066	0.0068545
0.517425	0.00742776
0.548784	0.00804167
0.580143	0.00870264
0.611502	0.00941908
0.642861	0.0102015
0.674221	0.0110628
0.70558	0.0120178
0.736939	0.013084
0.768298	0.0142808
0.799657	0.0156291
0.831016	0.0171514
0.862375	0.0188708
0.893734	0.0208102
0.925093	0.0229915
0.956452	0.0254345
0.987811	0.0281555
1.01917	0.0311663
1.05053	0.0344726
1.08189	0.0380727
1.11325	0.0419565
1.14461	0.0461045
1.17597	0.0504864
1.20733	0.0550617
1.23868	0.0597784
1.27004	0.0645746
1.3014	0.0693786
1.33276	0.0741103
1.36412	0.0786835
1.39548	0.0830078
1.42684	0.0869916
1.4582	0.0905447
1.48956	0.0935814
1.52092	0.0960239
1.55228	0.097805
1.58363	0.0988704
1.61499	0.0991816
1.64635	0.0987172
1.67771	0.0974735
1.70907	0.0954656
1.74043	0.0927263
1.77179	0.0893057
1.80315	0.0852684
1.83451	0.0806925
1.86587	0.0756656
1.89723	0.0702826
1.92858	0.0646423
1.95994	0.0588442
1.9913	0.0529853
2.02266	0.0471167
2.05402	0.041178
2.08538	0.0352489
2.11674	0.0294073
2.1481	0.0237279
2.17946	0.0182797
2.21082	0.0131247
2.24218	0.0083167
2.27353	0.0039004
2.30489	-8.84017e-05
2.33625	-0.00362221
2.36761	-0.00668026
2.39897	-0.00924596
2.43033	-0.0113032
2.46169	-0.0128316
2.49305	-0.0137999
2.50873	-0.013969
