-0.0156795	1.30782e-18
0.0156795	1.30782e-18
0.0470386	-7.23197e-18
0.0783977	1.86313e-17
0.109757	-1.85263e-17
0.141116	-8.30092e-19
0.172475	-3.32715e-18
0.203834	5.04154e-18
0.235193	-6.55942e-18
0.266552	3.95734e-18
0.297911	7.58942e-19
0.32927	6.15285e-18
0.36063	2.98156e-18
0.391989	-5.9089e-18
0.423348	-2.05998e-18
0.454707	3.57122e-11
0.486066	1.63658e-10
0.517425	3.46165e-10
0.548784	5.9238e-10
0.580143	9.58781e-10
0.611502	1.51391e-09
0.642861	2.39125e-09
0.674221	3.75622e-09
0.70558	5.88779e-09
0.736939	9.17611e-09
0.768298	1.42116e-08
0.799657	2.18644e-08
0.831016	3.33884e-08
0.862375	5.06187e-08
0.893734	7.61668e-08
0.925093	1.13753e-07
0.956452	1.68623e-07
0.987811	2.48087e-07
1.01917	3.6228e-07
1.05053	5.25096e-07
1.08189	7.55419e-07
1.11325	1.07871e-06
1.14461	1.52893e-06
1.17597	2.15105e-06
1.20733	3.00397e-06
1.23868	4.16421e-06
1.27004	5.73017e-06
1.3014	7.82726e-06
1.33276	1.06137e-05
1.36412	1.42873e-05
1.39548	1.90927e-05
1.42684	2.53297e-05
1.4582	3.33616e-05
1.48956	4.36245e-05
1.52092	5.66361e-05
1.55228	7.30043e-05
1.58363	9.34349e-05
1.61499	0.000118738
1.64635	0.000149833
1.67771	0.000187748
1.70907	0.000233623
1.74043	0.000288698
1.77179	0.00035431
1.80315	0.000431872
1.83451	0.000522856
1.86587	0.00062877
1.89723	0.000751125
1.92858	0.000891403
1.95994	0.00105102
1.9913	0.0012313
2.02266	0.00139902
2.05402	0.00143928
2.08538	0.00136502
2.11674	0.00119487
2.1481	0.000951459
2.17946	0.000659841
2.21082	0.000345826
2.24218	3.46161e-05
2.27353	-0.000250248
2.30489	-0.000487488
2.33625	-0.000658114
2.36761	-0.000744802
2.39897	-0.000730504
2.43033	-0.000596177
2.46169	-0.0003175
2.49305	0.000139644
2.50873	0.000499756
