-0.0156795	0
0.0156795	0
0.0470386	0
0.0783977	2.77556e-17
0.109757	2.77556e-17
0.141116	2.77556e-17
0.172475	0
0.203834	5.55112e-17
0.235193	-5.55112e-17
0.266552	5.55112e-17
0.297911	-2.77556e-17
0.32927	2.77556e-17
0.36063	-2.77556e-17
0.391989	1.38778e-17
0.423348	-1.38778e-17
0.454707	2.77556e-17
0.486066	-1.38778e-17
0.517425	5.55112e-17
0.548784	-4.16334e-17
0.580143	4.16334e-17
0.611502	0
0.642861	-6.93889e-18
0.674221	2.77556e-17
0.70558	-3.46945e-17
0.736939	2.08167e-17
0.768298	-1.38778e-17
0.799657	-1.73472e-17
0.831016	1.73472e-17
0.862375	-1.38778e-17
0.893734	-6.93889e-18
0.925093	1.73472e-18
0.956452	-1.73472e-18
0.987811	-1.21431e-17
1.01917	0
1.05053	-9.54098e-18
1.08189	3.46945e-18
1.11325	-1.04083e-17
1.14461	5.20417e-18
1.17597	-4.77049e-18
1.20733	4.33681e-19
1.23868	2.1684e-19
1.27004	2.1684e-19
1.3014	1.40946e-18
1.33276	-2.1684e-19
1.36412	3.25261e-19
1.39548	4.33681e-19
1.42684	3.25261e-19
1.4582	3.52366e-19
1.48956	8.13152e-20
1.52092	2.03288e-19
1.55228	2.43945e-19
1.58363	-6.77626e-21
1.61499	1.0842e-19
1.64635	8.80914e-20
1.67771	1.35525e-20
1.70907	3.72694e-20
1.74043	3.55754e-20
1.77179	-8.47033e-22
1.80315	3.57122e-11
1.83451	1.63658e-10
1.86587	3.46165e-10
1.89723	5.9238e-10
1.92858	9.58781e-10
1.95994	1.51391e-09
1.9913	2.39125e-09
2.02266	2.87038e-09
2.05402	1.63464e-09
2.08538	1.91995e-10
2.11674	-8.84981e-10
2.1481	-1.48826e-09
2.17946	-1.70748e-09
2.21082	-1.67822e-09
2.24218	-1.43762e-09
2.27353	-1.1118e-09
2.30489	-8.07101e-10
2.33625	-5.60227e-10
2.36761	-3.75158e-10
2.39897	-2.42849e-10
2.43033	-1.50991e-10
2.46169	-8.69899e-11
2.49305	-3.8535e-11
2.50873	-1.24351e-11
