-0.0156795	0.0122383
0.0156795	0.0122383
0.0470386	0.012321
0.0783977	0.0124853
0.109757	0.0127292
0.141116	0.0130495
0.172475	0.0134425
0.203834	0.0139039
0.235193	0.0144293
0.266552	0.0150143
0.297911	0.0156551
0.32927	0.0163486
0.36063	0.0170929
0.391989	0.0178879
0.423348	0.0187351
0.454707	0.0196383
0.486066	0.0206037
0.517425	0.0216401
0.548784	0.0227589
0.580143	0.0239739
0.611502	0.0253012
0.642861	0.0267589
0.674221	0.0283665
0.70558	0.030144
0.736939	0.0321113
0.768298	0.0342872
0.799657	0.0366879
0.831016	0.039326
0.862375	0.0422094
0.893734	0.0453393
0.925093	0.0487099
0.956452	0.0523064
0.987811	0.0561046
1.01917	0.0600702
1.05053	0.0641586
1.08189	0.0683149
1.11325	0.0724746
1.14461	0.0765649
1.17597	0.0805061
1.20733	0.0842135
1.23868	0.0876003
1.27004	0.0905799
1.3014	0.0930691
1.33276	0.0949912
1.36412	0.0962787
1.39548	0.096876
1.42684	0.0967421
1.4582	0.0958524
1.48956	0.0941995
1.52092	0.0917944
1.55228	0.0886662
1.58363	0.084861
1.61499	0.0804408
1.64635	0.0754812
1.67771	0.0700688
1.70907	0.0642982
1.74043	0.058269
1.77179	0.0520824
1.80315	0.0458382
1.83451	0.0396316
1.86587	0.033551
1.89723	0.0276756
1.92858	0.0220739
1.95994	0.0168026
1.9913	0.0119059
2.02266	0.00738421
2.05402	0.00315861
2.08538	-0.000741157
2.11674	-0.00429388
2.1481	-0.00748708
2.17946	-0.0103169
2.21082	-0.0127877
2.24218	-0.0149111
2.27353	-0.0167053
2.30489	-0.0181932
2.33625	-0.0194012
2.36761	-0.0203571
2.39897	-0.0210883
2.43033	-0.0216191
2.46169	-0.0219682
2.49305	-0.0221449
2.50873	-0.0221449
