-0.0156795	-2.77556e-17
0.0156795	-2.77556e-17
0.0470386	2.08167e-17
0.0783977	-6.93889e-18
0.109757	-6.93889e-18
0.141116	6.93889e-18
0.172475	4.16334e-17
0.203834	-6.93889e-17
0.235193	5.55112e-17
0.266552	-4.16334e-17
0.297911	6.93889e-17
0.32927	-8.32667e-17
0.36063	6.93889e-17
0.391989	-4.16334e-17
0.423348	4.16334e-17
0.454707	-1.38778e-17
0.486066	1.38778e-17
0.517425	0
0.548784	6.93889e-17
0.580143	-4.16334e-17
0.611502	5.55112e-17
0.642861	-2.77556e-17
0.674221	4.16334e-17
0.70558	-1.38778e-17
0.736939	4.16334e-17
0.768298	-1.38778e-17
0.799657	4.16334e-17
0.831016	4.16334e-17
0.862375	2.77556e-17
0.893734	-1.38778e-17
0.925093	2.77556e-17
0.956452	1.38778e-17
0.987811	0
1.01917	6.93889e-18
1.05053	-3.46945e-17
1.08189	0
1.11325	-2.42861e-17
1.14461	-6.93889e-18
1.17597	-3.46945e-18
1.20733	-2.08167e-17
1.23868	-2.08167e-17
1.27004	-3.46945e-18
1.3014	-8.67362e-18
1.33276	-1.56125e-17
1.36412	3.46945e-18
1.39548	-1.56125e-17
1.42684	8.67362e-19
1.4582	3.57122e-11
1.48956	1.63658e-10
1.52092	3.46165e-10
1.55228	5.9238e-10
1.58363	9.58781e-10
1.61499	1.51391e-09
1.64635	2.39125e-09
1.67771	3.75622e-09
1.70907	5.88779e-09
1.74043	9.17611e-09
1.77179	1.42116e-08
1.80315	2.18644e-08
1.83451	3.33884e-08
1.86587	5.06187e-08
1.89723	7.61668e-08
1.92858	1.13753e-07
1.95994	1.68623e-07
1.9913	2.48087e-07
2.02266	3.01036e-07
2.05402	2.14081e-07
2.08538	8.78016e-08
2.11674	-2.72257e-08
2.1481	-1.10769e-07
2.17946	-1.59525e-07
2.21082	-1.78484e-07
2.24218	-1.75658e-07
2.27353	-1.5911e-07
2.30489	-1.35606e-07
2.33625	-1.10057e-07
2.36761	-8.56696e-08
2.39897	-6.41189e-08
2.43033	-4.5977e-08
2.46169	-3.09835e-08
2.49305	-1.7914e-08
2.50873	-1.04594e-08
