-0.0156795	0
0.0156795	0
0.0470386	0
0.0783977	2.77556e-17
0.109757	0
0.141116	0
0.172475	2.77556e-17
0.203834	2.77556e-17
0.235193	0
0.266552	2.77556e-17
0.297911	0
0.32927	-2.77556e-17
0.36063	-1.38778e-17
0.391989	1.38778e-17
0.423348	0
0.454707	0
0.486066	0
0.517425	2.77556e-17
0.548784	-6.93889e-18
0.580143	0
0.611502	0
0.642861	0
0.674221	0
0.70558	-6.93889e-18
0.736939	6.93889e-18
0.768298	0
0.799657	-3.46945e-18
0.831016	-1.73472e-18
0.862375	0
0.893734	-1.73472e-18
0.925093	8.67362e-19
0.956452	8.67362e-19
0.987811	-1.73472e-18
1.01917	-2.60209e-18
1.05053	1.30104e-18
1.08189	2.1684e-19
1.11325	4.33681e-19
1.14461	6.50521e-19
1.17597	-1.0842e-19
1.20733	4.33681e-19
1.23868	0
1.27004	1.0842e-19
1.3014	1.0842e-19
1.33276	1.0842e-19
1.36412	1.0842e-19
1.39548	0
1.42684	5.42101e-20
1.4582	5.42101e-20
1.48956	2.03288e-20
1.52092	2.37169e-20
1.55228	2.71051e-20
1.58363	1.69407e-21
1.61499	-2.5411e-21
1.64635	8.47033e-22
1.67771	3.38813e-21
1.70907	4.23516e-22
1.74043	8.47033e-22
1.77179	-2.11758e-22
1.80315	3.17637e-22
1.83451	1.58819e-22
1.86587	3.17637e-22
1.89723	5.29396e-23
1.92858	2.64698e-23
1.95994	7.27919e-23
1.9913	3.57122e-11
2.02266	8.42385e-11
2.05402	1.23487e-11
2.08538	-1.68553e-11
2.11674	-2.51407e-11
2.1481	-2.41637e-11
2.17946	-1.98491e-11
2.21082	-1.49825e-11
2.24218	-1.07059e-11
2.27353	-7.35264e-12
2.30489	-4.89628e-12
2.33625	-3.17909e-12
2.36761	-2.02011e-12
2.39897	-1.25958e-12
2.43033	-7.72132e-13
2.46169	-4.66022e-13
2.49305	8.88975e-14
2.50873	1.11165e-12
