-0.0156795	0.00565671
0.0156795	0.00565671
0.0470386	0.00572759
0.0783977	0.00586889
0.109757	0.00607965
0.141116	0.00635846
0.172475	0.00670344
0.203834	0.00711222
0.235193	0.007582
0.266552	0.00810959
0.297911	0.00869141
0.32927	0.00932362
0.36063	0.0100022
0.391989	0.0107231
0.423348	0.0114823
0.454707	0.0122763
0.486066	0.0131021
0.517425	0.0139575
0.548784	0.0148413
0.580143	0.0157538
0.611502	0.0166969
0.642861	0.0176745
0.674221	0.0186925
0.70558	0.0197591
0.736939	0.0208853
0.768298	0.022084
0.799657	0.0233707
0.831016	0.0247632
0.862375	0.0262806
0.893734	0.0279435
0.925093	0.029773
0.956452	0.0317897
0.987811	0.0340129
1.01917	0.0364593
1.05053	0.0391421
1.08189	0.0420691
1.11325	0.0452419
1.14461	0.0486546
1.17597	0.0522925
1.20733	0.0561312
1.23868	0.0601362
1.27004	0.0642627
1.3014	0.0684554
1.33276	0.0726494
1.36412	0.0767713
1.39548	0.0807407
1.42684	0.0844722
1.4582	0.0878782
1.48956	0.0908712
1.52092	0.0933669
1.55228	0.0952872
1.58363	0.0965635
1.61499	0.0971389
1.64635	0.0969709
1.67771	0.0960332
1.70907	0.0943171
1.74043	0.0918321
1.77179	0.0886058
1.80315	0.084683
1.83451	0.0801247
1.86587	0.0750054
1.89723	0.0694114
1.92858	0.063437
1.95994	0.0571823
1.9913	0.0507491
2.02266	0.0441931
2.05402	0.037445
2.08538	0.0305939
2.11674	0.0237317
2.1481	0.0169507
2.17946	0.0103418
2.21082	0.00399217
2.24218	-0.00201612
2.27353	-0.00760749
2.30489	-0.0127133
2.33625	-0.0172713
2.36761	-0.0212246
2.39897	-0.0245188
2.43033	-0.0270984
2.46169	-0.0289011
2.49305	-0.0298513
2.50873	-0.0298513
