-0.0156795	0.000310093
0.0156795	0.000310093
0.0470386	0.000270098
0.0783977	0.000190333
0.109757	7.12564e-05
0.141116	-8.64149e-05
0.172475	-0.000281678
0.203834	-0.0005132
0.235193	-0.000779274
0.266552	-0.00107776
0.297911	-0.00140601
0.32927	-0.00176083
0.36063	-0.00213835
0.391989	-0.00253397
0.423348	-0.00294228
0.454707	-0.00335691
0.486066	-0.00377041
0.517425	-0.00417419
0.548784	-0.00455829
0.580143	-0.00491128
0.611502	-0.00522012
0.642861	-0.00546998
0.674221	-0.00564411
0.70558	-0.00572376
0.736939	-0.00568808
0.768298	-0.00551418
0.799657	-0.00517713
0.831016	-0.00465022
0.862375	-0.00390527
0.893734	-0.00291307
0.925093	-0.00164404
0.956452	-6.9004e-05
0.987811	0.0018398
1.01917	0.0041076
1.05053	0.00675587
1.08189	0.0098009
1.11325	0.0132524
1.14461	0.0171123
1.17597	0.021373
1.20733	0.0260167
1.23868	0.0310146
1.27004	0.0363258
1.3014	0.0418979
1.33276	0.0476669
1.36412	0.0535582
1.39548	0.0594882
1.42684	0.0653659
1.4582	0.0710955
1.48956	0.076579
1.52092	0.0817194
1.55228	0.0864238
1.58363	0.0906063
1.61499	0.0941914
1.64635	0.0971166
1.67771	0.0993347
1.70907	0.100815
1.74043	0.101546
1.77179	0.101533
1.80315	0.100799
1.83451	0.0993874
1.86587	0.0973523
1.89723	0.0947631
1.92858	0.091699
1.95994	0.0882462
1.9913	0.0844951
2.02266	0.0805091
2.05402	0.0762715
2.08538	0.0718601
2.11674	0.0673557
2.1481	0.0628403
2.17946	0.0583941
2.21082	0.0540936
2.24218	0.0500095
2.27353	0.0462055
2.30489	0.0427368
2.33625	0.0396504
2.36761	0.0369862
2.39897	0.0347783
2.43033	0.0330591
2.46169	0.0318635
2.49305	0.0312356
2.50873	0.0312356
