-0.0156795	0.192939
0.0156795	0.192939
0.0470386	0.191443
0.0783977	0.188487
0.109757	0.184139
0.141116	0.178497
0.172475	0.17169
0.203834	0.163864
0.235193	0.155187
0.266552	0.145836
0.297911	0.135993
0.32927	0.125841
0.36063	0.115556
0.391989	0.105304
0.423348	0.0952353
0.454707	0.0854832
0.486066	0.0761605
0.517425	0.0673587
0.548784	0.0591474
0.580143	0.051575
0.611502	0.0446699
0.642861	0.0384421
0.674221	0.0328855
0.70558	0.0279803
0.736939	0.0236955
0.768298	0.0199916
0.799657	0.0168231
0.831016	0.0141407
0.862375	0.0118931
0.893734	0.0100294
0.925093	0.00849956
0.956452	0.00725641
0.987811	0.0062559
1.01917	0.00545781
1.05053	0.0048261
1.08189	0.00432896
1.11325	0.00393879
1.14461	0.00363201
1.17597	0.00338881
1.20733	0.00319285
1.23868	0.00303088
1.27004	0.00289236
1.3014	0.00276915
1.33276	0.00265512
1.36412	0.00254581
1.39548	0.00243816
1.42684	0.00233025
1.4582	0.002221
1.48956	0.00211004
1.52092	0.00199747
1.55228	0.00188373
1.58363	0.00176951
1.61499	0.00165559
1.64635	0.00154281
1.67771	0.00143199
1.70907	0.00132388
1.74043	0.00121916
1.77179	0.0011184
1.80315	0.00102204
1.83451	0.00093045
1.86587	0.00084385
1.89723	0.000762388
1.92858	0.000686124
1.95994	0.000615049
1.9913	0.000549101
2.02266	0.000487747
2.05402	0.000429474
2.08538	0.000374321
2.11674	0.000322317
2.1481	0.000273485
2.17946	0.000227851
2.21082	0.000185454
2.24218	0.00014635
2.27353	0.000110619
2.30489	7.83762e-05
2.33625	4.97748e-05
2.36761	2.50169e-05
2.39897	4.36226e-06
2.43033	-1.18601e-05
2.46169	-2.32367e-05
2.49305	-2.92499e-05
2.50873	-2.92499e-05
