-0.0156795	-1.21431e-17
0.0156795	-1.21431e-17
0.0470386	-8.67362e-18
0.0783977	8.67362e-18
0.109757	-1.73472e-17
0.141116	0
0.172475	6.93889e-18
0.203834	-2.08167e-17
0.235193	2.08167e-17
0.266552	-5.55112e-17
0.297911	6.245e-17
0.32927	-2.77556e-17
0.36063	0
0.391989	2.77556e-17
0.423348	4.16334e-17
0.454707	-4.85723e-17
0.486066	6.93889e-17
0.517425	-4.16334e-17
0.548784	5.55112e-17
0.580143	-8.32667e-17
0.611502	6.93889e-17
0.642861	-8.32667e-17
0.674221	5.55112e-17
0.70558	-1.38778e-17
0.736939	0
0.768298	-1.38778e-17
0.799657	4.16334e-17
0.831016	-1.38778e-17
0.862375	2.77556e-17
0.893734	-2.77556e-17
0.925093	2.77556e-17
0.956452	0
0.987811	2.77556e-17
1.01917	-4.16334e-17
1.05053	2.77556e-17
1.08189	1.38778e-17
1.11325	1.38778e-17
1.14461	-1.38778e-17
1.17597	2.77556e-17
1.20733	3.57122e-11
1.23868	1.63658e-10
1.27004	3.46165e-10
1.3014	5.9238e-10
1.33276	9.58781e-10
1.36412	1.51391e-09
1.39548	2.39125e-09
1.42684	3.75622e-09
1.4582	5.88779e-09
1.48956	9.17611e-09
1.52092	1.42116e-08
1.55228	2.18644e-08
1.58363	3.33884e-08
1.61499	5.06187e-08
1.64635	7.61668e-08
1.67771	1.13753e-07
1.70907	1.68623e-07
1.74043	2.48087e-07
1.77179	3.6228e-07
1.80315	5.25096e-07
1.83451	7.55419e-07
1.86587	1.07871e-06
1.89723	1.52893e-06
1.92858	2.15105e-06
1.95994	3.00397e-06
1.9913	4.16421e-06
2.02266	5.02175e-06
2.05402	4.06075e-06
2.08538	2.3561e-06
2.11674	5.6145e-07
2.1481	-9.7015e-07
2.17946	-2.08896e-06
2.21082	-2.7732e-06
2.24218	-3.07339e-06
2.27353	-3.07303e-06
2.30489	-2.86288e-06
2.33625	-2.52546e-06
2.36761	-2.12681e-06
2.39897	-1.71342e-06
2.43033	-1.31119e-06
2.46169	-9.24981e-07
2.49305	-5.35193e-07
2.50873	-2.89496e-07
