-0.0156795	0.00594549
0.0156795	0.00594549
0.0470386	0.00599476
0.0783977	0.00609309
0.109757	0.00624018
0.141116	0.00643565
0.172475	0.00667925
0.203834	0.00697103
0.235193	0.00731159
0.266552	0.00770227
0.297911	0.00814552
0.32927	0.00864511
0.36063	0.00920641
0.391989	0.00983667
0.423348	0.0105452
0.454707	0.0113436
0.486066	0.0122457
0.517425	0.0132676
0.548784	0.0144276
0.580143	0.0157457
0.611502	0.0172433
0.642861	0.0189427
0.674221	0.0208661
0.70558	0.0230346
0.736939	0.0254675
0.768298	0.0281806
0.799657	0.0311853
0.831016	0.0344868
0.862375	0.0380832
0.893734	0.0419643
0.925093	0.0461102
0.956452	0.0504906
0.987811	0.0550646
1.01917	0.0597806
1.05053	0.0645762
1.08189	0.0693796
1.11325	0.074111
1.14461	0.078684
1.17597	0.0830082
1.20733	0.0869919
1.23868	0.0905448
1.27004	0.0935815
1.3014	0.096024
1.33276	0.097805
1.36412	0.0988704
1.39548	0.0991817
1.42684	0.0987172
1.4582	0.0974735
1.48956	0.0954656
1.52092	0.0927263
1.55228	0.0893057
1.58363	0.0852684
1.61499	0.0806925
1.64635	0.0756656
1.67771	0.0702826
1.70907	0.0646423
1.74043	0.0588442
1.77179	0.0529853
1.80315	0.0471576
1.83451	0.0414459
1.86587	0.0359254
1.89723	0.0306607
1.92858	0.0257048
1.95994	0.0210989
1.9913	0.0168723
2.02266	0.013016
2.05402	0.0094551
2.08538	0.00620763
2.11674	0.00328402
2.1481	0.000687192
2.17946	-0.00158706
2.21082	-0.00354942
2.24218	-0.00521625
2.27353	-0.00660853
2.30489	-0.00775072
2.33625	-0.00866945
2.36761	-0.0093921
2.39897	-0.0099453
2.43033	-0.0103532
2.46169	-0.0106353
2.49305	-0.0108044
2.50873	-0.0108315
