-0.0156795	0.000159895
0.0156795	0.000159895
0.0470386	0.000165944
0.0783977	0.000178025
0.109757	0.000196102
0.141116	0.000220124
0.172475	0.000250024
0.203834	0.000285716
0.235193	0.000327102
0.266552	0.000374066
0.297911	0.000426484
0.32927	0.000484219
0.36063	0.000547128
0.391989	0.000615063
0.423348	0.000687879
0.454707	0.000765438
0.486066	0.000847613
0.517425	0.000934304
0.548784	0.00102544
0.580143	0.00112098
0.611502	0.00122095
0.642861	0.00132542
0.674221	0.00143457
0.70558	0.00154861
0.736939	0.00166788
0.768298	0.00179281
0.799657	0.00192394
0.831016	0.0020619
0.862375	0.00220745
0.893734	0.00236142
0.925093	0.00252477
0.956452	0.0026985
0.987811	0.00288372
1.01917	0.00308157
1.05053	0.00329326
1.08189	0.00352003
1.11325	0.00376319
1.14461	0.00402417
1.17597	0.00430449
1.20733	0.00460593
1.23868	0.00493059
1.27004	0.00528106
1.3014	0.00566061
1.33276	0.00607346
1.36412	0.00652503
1.39548	0.00702231
1.42684	0.00757427
1.4582	0.00819222
1.48956	0.00889023
1.52092	0.00968564
1.55228	0.0105994
1.58363	0.0116563
1.61499	0.0128854
1.64635	0.01432
1.67771	0.0159976
1.70907	0.0179597
1.74043	0.0202509
1.77179	0.0229185
1.80315	0.026011
1.83451	0.0295766
1.86587	0.0336616
1.89723	0.0383081
1.92858	0.0435517
1.95994	0.0494188
1.9913	0.0559242
2.02266	0.0631185
2.05402	0.0711944
2.08538	0.080172
2.11674	0.0900476
2.1481	0.100787
2.17946	0.112318
2.21082	0.124523
2.24218	0.137234
2.27353	0.150223
2.30489	0.163198
2.33625	0.175803
2.36761	0.187617
2.39897	0.198159
2.43033	0.206902
2.46169	0.213286
2.49305	0.216747
2.50873	0.216747
