-0.0156795	0
0.0156795	0
0.0470386	-2.77556e-17
0.0783977	2.77556e-17
0.109757	-2.77556e-17
0.141116	0
0.172475	0
0.203834	2.77556e-17
0.235193	0
0.266552	0
0.297911	0
0.32927	-2.77556e-17
0.36063	2.77556e-17
0.391989	1.38778e-17
0.423348	1.38778e-17
0.454707	-2.77556e-17
0.486066	0
0.517425	4.16334e-17
0.548784	-1.38778e-17
0.580143	2.77556e-17
0.611502	-6.93889e-18
0.642861	6.93889e-18
0.674221	-6.93889e-18
0.70558	-2.08167e-17
0.736939	1.04083e-17
0.768298	0
0.799657	-1.73472e-17
0.831016	1.04083e-17
0.862375	-1.73472e-18
0.893734	-1.04083e-17
0.925093	1.04083e-17
0.956452	-1.21431e-17
0.987811	6.07153e-18
1.01917	-1.21431e-17
1.05053	5.20417e-18
1.08189	-5.63785e-18
1.11325	8.67362e-19
1.14461	2.81893e-18
1.17597	0
1.20733	1.30104e-18
1.23868	-1.0842e-19
1.27004	1.0842e-19
1.3014	4.87891e-19
1.33276	3.25261e-19
1.36412	2.98156e-19
1.39548	8.13152e-20
1.42684	1.89735e-19
1.4582	2.30393e-19
1.48956	0
1.52092	1.01644e-19
1.55228	8.80914e-20
1.58363	1.35525e-20
1.61499	3.55754e-20
1.64635	3.72694e-20
1.67771	-8.47033e-22
1.70907	8.47033e-21
1.74043	3.38813e-21
1.77179	2.96462e-21
1.80315	1.90582e-21
1.83451	-5.29396e-22
1.86587	3.17637e-22
1.89723	3.57122e-11
1.92858	1.63658e-10
1.95994	3.46165e-10
1.9913	5.9238e-10
2.02266	7.19638e-10
2.05402	3.81418e-10
2.08538	3.59267e-12
2.11674	-2.9518e-10
2.1481	-4.28259e-10
2.17946	-4.08723e-10
2.21082	-3.34614e-10
2.24218	-2.52014e-10
2.27353	-1.79748e-10
2.30489	-1.2323e-10
2.33625	-8.19089e-11
2.36761	-5.30743e-11
2.39897	-3.35871e-11
2.43033	-2.03461e-11
2.46169	-1.06302e-11
2.49305	-2.79837e-12
2.50873	1.94775e-12
