-0.0156795	-8.23994e-18
0.0156795	-8.23994e-18
0.0470386	9.54098e-18
0.0783977	-1.30104e-17
0.109757	1.73472e-17
0.141116	-9.97466e-18
0.172475	5.20417e-18
0.203834	6.93889e-18
0.235193	-6.07153e-18
0.266552	6.93889e-18
0.297911	0
0.32927	1.38778e-17
0.36063	-3.46945e-18
0.391989	6.93889e-18
0.423348	2.42861e-17
0.454707	-1.38778e-17
0.486066	4.85723e-17
0.517425	-4.51028e-17
0.548784	5.55112e-17
0.580143	-6.93889e-18
0.611502	6.93889e-18
0.642861	4.16334e-17
0.674221	3.46945e-17
0.70558	-2.77556e-17
0.736939	6.93889e-17
0.768298	-1.38778e-17
0.799657	8.32667e-17
0.831016	-5.55112e-17
0.862375	8.32667e-17
0.893734	-5.55112e-17
0.925093	6.93889e-17
0.956452	3.57122e-11
0.987811	1.63658e-10
1.01917	3.46165e-10
1.05053	5.9238e-10
1.08189	9.58781e-10
1.11325	1.51391e-09
1.14461	2.39125e-09
1.17597	3.75622e-09
1.20733	5.88779e-09
1.23868	9.17611e-09
1.27004	1.42116e-08
1.3014	2.18644e-08
1.33276	3.33884e-08
1.36412	5.06187e-08
1.39548	7.61668e-08
1.42684	1.13753e-07
1.4582	1.68623e-07
1.48956	2.48087e-07
1.52092	3.6228e-07
1.55228	5.25096e-07
1.58363	7.55419e-07
1.61499	1.07871e-06
1.64635	1.52893e-06
1.67771	2.15105e-06
1.70907	3.00397e-06
1.74043	4.16421e-06
1.77179	5.73017e-06
1.80315	7.82726e-06
1.83451	1.06137e-05
1.86587	1.42873e-05
1.89723	1.90927e-05
1.92858	2.53297e-05
1.95994	3.33616e-05
1.9913	4.36245e-05
2.02266	5.19076e-05
2.05402	4.65512e-05
2.08538	3.37183e-05
2.11674	1.7927e-05
2.1481	2.27301e-06
2.17946	-1.13216e-05
2.21082	-2.18564e-05
2.24218	-2.90121e-05
2.27353	-3.29351e-05
2.30489	-3.40516e-05
2.33625	-3.29171e-05
2.36761	-3.00959e-05
2.39897	-2.60667e-05
2.43033	-2.1143e-05
2.46169	-1.5391e-05
2.49305	-8.51871e-06
2.50873	-3.73219e-06
