-0.0156795	0.00075443
0.0156795	0.00075443
0.0470386	0.000763993
0.0783977	0.00078335
0.109757	0.000812962
0.141116	0.000853525
0.172475	0.000905967
0.203834	0.000971454
0.235193	0.00105138
0.266552	0.00114739
0.297911	0.00126132
0.32927	0.00139524
0.36063	0.00155138
0.391989	0.00173214
0.423348	0.00194005
0.454707	0.00217767
0.486066	0.00244758
0.517425	0.0027523
0.548784	0.00309422
0.580143	0.0034755
0.611502	0.00389798
0.642861	0.00436312
0.674221	0.00487193
0.70558	0.00542485
0.736939	0.00602175
0.768298	0.00666184
0.799657	0.00734373
0.831016	0.00806537
0.862375	0.00882415
0.893734	0.00961697
0.925093	0.0104404
0.956452	0.0112908
0.987811	0.0121645
1.01917	0.0130582
1.05053	0.013969
1.08189	0.0148949
1.11325	0.0158351
1.14461	0.0167901
1.17597	0.0177622
1.20733	0.0187558
1.23868	0.0197774
1.27004	0.0208361
1.3014	0.0219433
1.33276	0.0231129
1.36412	0.0243612
1.39548	0.0257063
1.42684	0.0271679
1.4582	0.0287668
1.48956	0.0305235
1.52092	0.032458
1.55228	0.0345885
1.58363	0.0369298
1.61499	0.0394927
1.64635	0.0422825
1.67771	0.0452978
1.70907	0.0485298
1.74043	0.051961
1.77179	0.0555654
1.80315	0.0593078
1.83451	0.0631444
1.86587	0.0670235
1.89723	0.0708868
1.92858	0.0746711
1.95994	0.0783104
1.9913	0.0817387
2.02266	0.0849144
2.05402	0.0878469
2.08538	0.0904639
2.11674	0.0926967
2.1481	0.0944845
2.17946	0.0957798
2.21082	0.0965529
2.24218	0.0967983
2.27353	0.0965386
2.30489	0.0958286
2.33625	0.0947575
2.36761	0.0934482
2.39897	0.0920534
2.43033	0.0907476
2.46169	0.0897141
2.49305	0.0891269
2.50873	0.0891269
