-0.0156795	0.0035123
0.0156795	0.0035123
0.0470386	0.0035631
0.0783977	0.00366479
0.109757	0.00381752
0.141116	0.00402149
0.172475	0.00427686
0.203834	0.00458371
0.235193	0.00494199
0.266552	0.00535139
0.297911	0.00581133
0.32927	0.00632088
0.36063	0.00687871
0.391989	0.0074831
0.423348	0.00813192
0.454707	0.0088227
0.486066	0.00955271
0.517425	0.0103191
0.548784	0.0111189
0.580143	0.0119495
0.611502	0.0128087
0.642861	0.013695
0.674221	0.0146078
0.70558	0.0155478
0.736939	0.0165175
0.768298	0.0175208
0.799657	0.018564
0.831016	0.0196556
0.862375	0.0208063
0.893734	0.0220294
0.925093	0.0233404
0.956452	0.0247569
0.987811	0.0262981
1.01917	0.0279843
1.05053	0.0298366
1.08189	0.0318754
1.11325	0.0341197
1.14461	0.036586
1.17597	0.0392871
1.20733	0.0422305
1.23868	0.0454172
1.27004	0.0488409
1.3014	0.0524861
1.33276	0.056328
1.36412	0.0603312
1.39548	0.06445
1.42684	0.0686283
1.4582	0.0728003
1.48956	0.0768915
1.52092	0.0808205
1.55228	0.0845012
1.58363	0.0878446
1.61499	0.0907626
1.64635	0.0931701
1.67771	0.0949886
1.70907	0.0961488
1.74043	0.0965939
1.77179	0.0962816
1.80315	0.0951862
1.83451	0.0933001
1.86587	0.0906341
1.89723	0.0872177
1.92858	0.0830984
1.95994	0.07834
1.9913	0.0730207
2.02266	0.06719
2.05402	0.0607837
2.08538	0.0538806
2.11674	0.0465752
2.1481	0.0389759
2.17946	0.0312037
2.21082	0.0233898
2.24218	0.0156731
2.27353	0.00819806
2.30489	0.00111263
2.33625	-0.00543336
2.36761	-0.0112889
2.39897	-0.0163013
2.43033	-0.020315
2.46169	-0.0231679
2.49305	-0.024688
2.50873	-0.024688
