-0.0156795	0.000226404
0.0156795	0.000226404
0.0470386	0.000232564
0.0783977	0.000244905
0.109757	0.000263476
0.141116	0.000288351
0.172475	0.000319636
0.203834	0.000357478
0.235193	0.00040207
0.266552	0.00045366
0.297911	0.000512563
0.32927	0.000579169
0.36063	0.000653957
0.391989	0.000737501
0.423348	0.000830481
0.454707	0.000933692
0.486066	0.00104804
0.517425	0.00117456
0.548784	0.00131437
0.580143	0.00146873
0.611502	0.00163895
0.642861	0.00182641
0.674221	0.00203251
0.70558	0.00225864
0.736939	0.00250612
0.768298	0.00277616
0.799657	0.00306978
0.831016	0.00338779
0.862375	0.00373068
0.893734	0.0040986
0.925093	0.00449129
0.956452	0.00490807
0.987811	0.00534778
1.01917	0.00580885
1.05053	0.00628925
1.08189	0.00678661
1.11325	0.00729828
1.14461	0.00782148
1.17597	0.00835345
1.20733	0.00889169
1.23868	0.00943417
1.27004	0.00997964
1.3014	0.0105279
1.33276	0.0110803
1.36412	0.01164
1.39548	0.0122122
1.42684	0.0128048
1.4582	0.0134289
1.48956	0.0140986
1.52092	0.014832
1.55228	0.0156509
1.58363	0.0165812
1.61499	0.0176532
1.64635	0.018901
1.67771	0.0203625
1.70907	0.022079
1.74043	0.0240944
1.77179	0.0264541
1.80315	0.0292042
1.83451	0.0323896
1.86587	0.0360526
1.89723	0.0402307
1.92858	0.0449548
1.95994	0.0502469
1.9913	0.0561174
2.02266	0.0626092
2.05402	0.0698927
2.08538	0.0779821
2.11674	0.0868701
2.1481	0.0965217
2.17946	0.106869
2.21082	0.117803
2.24218	0.12917
2.27353	0.140766
2.30489	0.152332
2.33625	0.16355
2.36761	0.17405
2.39897	0.183408
2.43033	0.191161
2.46169	0.196818
2.49305	0.199883
2.50873	0.199883
