-0.0156795	0
0.0156795	0
0.0470386	0
0.0783977	0
0.109757	2.77556e-17
0.141116	0
0.172475	0
0.203834	0
0.235193	2.77556e-17
0.266552	-5.55112e-17
0.297911	0
0.32927	-2.77556e-17
0.36063	4.16334e-17
0.391989	-4.16334e-17
0.423348	2.77556e-17
0.454707	2.77556e-17
0.486066	2.77556e-17
0.517425	-1.38778e-17
0.548784	4.16334e-17
0.580143	1.38778e-17
0.611502	-1.38778e-17
0.642861	6.93889e-18
0.674221	-1.38778e-17
0.70558	-6.93889e-18
0.736939	-1.38778e-17
0.768298	0
0.799657	-3.46945e-18
0.831016	-3.46945e-18
0.862375	3.46945e-18
0.893734	-5.20417e-18
0.925093	0
0.956452	-1.38778e-17
0.987811	5.20417e-18
1.01917	-1.82146e-17
1.05053	3.46945e-18
1.08189	-1.04083e-17
1.11325	8.67362e-19
1.14461	-4.77049e-18
1.17597	4.33681e-19
1.20733	0
1.23868	-1.95156e-18
1.27004	1.40946e-18
1.3014	-2.1684e-19
1.33276	-6.50521e-19
1.36412	4.87891e-19
1.39548	3.79471e-19
1.42684	-2.71051e-20
1.4582	5.42101e-20
1.48956	2.1684e-19
1.52092	1.35525e-20
1.55228	0
1.58363	1.0842e-19
1.61499	-1.35525e-20
1.64635	1.35525e-20
1.67771	3.55754e-20
1.70907	1.69407e-21
1.74043	-8.47033e-22
1.77179	7.6233e-21
1.80315	-2.11758e-21
1.83451	3.57122e-11
1.86587	1.63658e-10
1.89723	3.46165e-10
1.92858	5.9238e-10
1.95994	9.58781e-10
1.9913	1.51391e-09
2.02266	1.8166e-09
2.05402	1.00973e-09
2.08538	9.17679e-11
2.11674	-5.90806e-10
2.1481	-9.69295e-10
2.17946	-1.12181e-09
2.21082	-1.04966e-09
2.24218	-8.5098e-10
2.27353	-6.36929e-10
2.30489	-4.52168e-10
2.33625	-3.08754e-10
2.36761	-2.04241e-10
2.39897	-1.30837e-10
2.43033	-8.01846e-11
2.46169	-4.50747e-11
2.49305	-1.83238e-11
2.50873	-3.44628e-12
