-0.0156795	-7.48708e-18
0.0156795	-7.48708e-18
0.0470386	3.57122e-11
0.0783977	1.63658e-10
0.109757	3.46165e-10
0.141116	5.9238e-10
0.172475	9.58781e-10
0.203834	1.51391e-09
0.235193	2.39125e-09
0.266552	3.75622e-09
0.297911	5.88779e-09
0.32927	9.17611e-09
0.36063	1.42116e-08
0.391989	2.18644e-08
0.423348	3.33884e-08
0.454707	5.06187e-08
0.486066	7.61668e-08
0.517425	1.13753e-07
0.548784	1.68623e-07
0.580143	2.48087e-07
0.611502	3.6228e-07
0.642861	5.25096e-07
0.674221	7.55419e-07
0.70558	1.07871e-06
0.736939	1.52893e-06
0.768298	2.15105e-06
0.799657	3.00397e-06
0.831016	4.16421e-06
0.862375	5.73017e-06
0.893734	7.82726e-06
0.925093	1.06137e-05
0.956452	1.42873e-05
0.987811	1.90927e-05
1.01917	2.53297e-05
1.05053	3.33616e-05
1.08189	4.36245e-05
1.11325	5.66361e-05
1.14461	7.30043e-05
1.17597	9.34349e-05
1.20733	0.000118738
1.23868	0.000149833
1.27004	0.000187748
1.3014	0.000233623
1.33276	0.000288698
1.36412	0.00035431
1.39548	0.000431872
1.42684	0.000522856
1.4582	0.00062877
1.48956	0.000751125
1.52092	0.000891403
1.55228	0.00105102
1.58363	0.0012313
1.61499	0.0014334
1.64635	0.00165835
1.67771	0.00190693
1.70907	0.00217975
1.74043	0.00247716
1.77179	0.00279931
1.80315	0.00314618
1.83451	0.0035176
1.86587	0.00391335
1.89723	0.00433324
1.92858	0.0047773
1.95994	0.00524584
1.9913	0.00573974
2.02266	0.00625872
2.05402	0.00676943
2.08538	0.00722818
2.11674	0.00759689
2.1481	0.00784744
2.17946	0.00796602
2.21082	0.00795726
2.24218	0.00784773
2.27353	0.00768886
2.30489	0.00755872
2.33625	0.00756284
2.36761	0.00783359
2.39897	0.00852826
2.43033	0.00982538
2.46169	0.0119192
2.49305	0.0150116
2.50873	0.0171968
