-0.0156795	2.4901e-05
0.0156795	2.4901e-05
0.0470386	2.692e-05
0.0783977	3.10598e-05
0.109757	3.75258e-05
0.141116	4.66285e-05
0.172475	5.87872e-05
0.203834	7.45332e-05
0.235193	9.45136e-05
0.266552	0.000119493
0.297911	0.000150358
0.32927	0.000188111
0.36063	0.000233871
0.391989	0.000288867
0.423348	0.000354424
0.454707	0.000431948
0.486066	0.000522907
0.517425	0.000628803
0.548784	0.000751147
0.580143	0.000891417
0.611502	0.00105103
0.642861	0.0012313
0.674221	0.00143341
0.70558	0.00165835
0.736939	0.00190694
0.768298	0.00217975
0.799657	0.00247716
0.831016	0.00279931
0.862375	0.00314618
0.893734	0.0035176
0.925093	0.00391335
0.956452	0.00433324
0.987811	0.0047773
1.01917	0.00524584
1.05053	0.00573974
1.08189	0.00626056
1.11325	0.00681087
1.14461	0.0073944
1.17597	0.00801634
1.20733	0.00868355
1.23868	0.0094048
1.27004	0.0101909
1.3014	0.0110549
1.33276	0.0120121
1.36412	0.0130799
1.39548	0.0142778
1.42684	0.0156269
1.4582	0.0171499
1.48956	0.0188697
1.52092	0.0208094
1.55228	0.022991
1.58363	0.0254342
1.61499	0.0281553
1.64635	0.0311662
1.67771	0.0344725
1.70907	0.0380726
1.74043	0.0419565
1.77179	0.0461044
1.80315	0.0504864
1.83451	0.0550616
1.86587	0.0597784
1.89723	0.0645746
1.92858	0.0693786
1.95994	0.0741103
1.9913	0.0786835
2.02266	0.0830441
2.05402	0.0872265
2.08538	0.0911325
2.11674	0.0946596
2.1481	0.0977046
2.17946	0.100168
2.21082	0.10196
2.24218	0.103005
2.27353	0.103245
2.30489	0.102648
2.33625	0.101211
2.36761	0.0989566
2.39897	0.0959385
2.43033	0.0922315
2.46169	0.0879245
2.49305	0.0831064
2.50873	0.0804941
