-0.0156795	6.10367e-07
0.0156795	6.10367e-07
0.0470386	6.93719e-07
0.0783977	8.69171e-07
0.109757	1.15487e-06
0.141116	1.57955e-06
0.172475	2.18444e-06
0.203834	3.02584e-06
0.235193	4.17842e-06
0.266552	5.73935e-06
0.297911	7.83315e-06
0.32927	1.06175e-05
0.36063	1.42897e-05
0.391989	1.90942e-05
0.423348	2.53306e-05
0.454707	3.33622e-05
0.486066	4.36249e-05
0.517425	5.66363e-05
0.548784	7.30043e-05
0.580143	9.34349e-05
0.611502	0.000118738
0.642861	0.000149833
0.674221	0.000187748
0.70558	0.000233623
0.736939	0.000288698
0.768298	0.00035431
0.799657	0.000431872
0.831016	0.000522856
0.862375	0.00062877
0.893734	0.000751125
0.925093	0.000891403
0.956452	0.00105102
0.987811	0.0012313
1.01917	0.0014334
1.05053	0.00165835
1.08189	0.00190693
1.11325	0.00217975
1.14461	0.00247716
1.17597	0.00279931
1.20733	0.00314618
1.23868	0.0035176
1.27004	0.00391335
1.3014	0.00433324
1.33276	0.0047773
1.36412	0.00524584
1.39548	0.00573974
1.42684	0.00626056
1.4582	0.00681087
1.48956	0.0073944
1.52092	0.00801634
1.55228	0.00868355
1.58363	0.0094048
1.61499	0.0101909
1.64635	0.0110549
1.67771	0.0120121
1.70907	0.0130799
1.74043	0.0142778
1.77179	0.0156269
1.80315	0.0171499
1.83451	0.0188697
1.86587	0.0208094
1.89723	0.022991
1.92858	0.0254342
1.95994	0.0281553
1.9913	0.0311662
2.02266	0.0345235
2.05402	0.0384382
2.08538	0.0429557
2.11674	0.048109
2.1481	0.0539115
2.17946	0.0603499
2.21082	0.0673757
2.24218	0.0748969
2.27353	0.0827698
2.30489	0.090792
2.33625	0.0986972
2.36761	0.106154
2.39897	0.112766
2.43033	0.118083
2.46169	0.121616
2.49305	0.122857
2.50873	0.121989
