-0.0156795	0.000473543
0.0156795	0.000473543
0.0470386	0.000437161
0.0783977	0.000364514
0.109757	0.000255852
0.141116	0.00011158
0.172475	-6.77115e-05
0.203834	-0.000281194
0.235193	-0.000527753
0.266552	-0.000805925
0.297911	-0.00111383
0.32927	-0.0014491
0.36063	-0.00180878
0.391989	-0.00218929
0.423348	-0.00258626
0.454707	-0.00299451
0.486066	-0.00340788
0.517425	-0.00381912
0.548784	-0.00421978
0.580143	-0.00460007
0.611502	-0.0049487
0.642861	-0.00525272
0.674221	-0.0054974
0.70558	-0.00566608
0.736939	-0.00574006
0.768298	-0.00569858
0.799657	-0.00551874
0.831016	-0.00517569
0.862375	-0.00464274
0.893734	-0.00389171
0.925093	-0.0028934
0.956452	-0.00161824
0.987811	-3.70525e-05
1.01917	0.00187796
1.05053	0.00415208
1.08189	0.0068068
1.11325	0.0098585
1.14461	0.013317
1.17597	0.0171842
1.20733	0.0214528
1.23868	0.0261053
1.27004	0.0311127
1.3014	0.0364346
1.33276	0.0420189
1.36412	0.0478017
1.39548	0.0537088
1.42684	0.0596571
1.4582	0.0655558
1.48956	0.0713096
1.52092	0.0768209
1.55228	0.0819931
1.58363	0.0867335
1.61499	0.0909567
1.64635	0.0945876
1.67771	0.0975636
1.70907	0.0998377
1.74043	0.101379
1.77179	0.102176
1.80315	0.102234
1.83451	0.101576
1.86587	0.100242
1.89723	0.0982888
1.92858	0.0957831
1.95994	0.0928032
1.9913	0.0894345
2.02266	0.0857403
2.05402	0.0817085
2.08538	0.0774151
2.11674	0.0729421
2.1481	0.068375
2.17946	0.0638011
2.21082	0.059306
2.24218	0.0549725
2.27353	0.050878
2.30489	0.0470935
2.33625	0.043683
2.36761	0.0407041
2.39897	0.0382094
2.43033	0.0362492
2.46169	0.0348765
2.49305	0.0341521
2.50873	0.0341521
