-0.0156795	0.000819572
0.0156795	0.000819572
0.0470386	0.000801352
0.0783977	0.000764696
0.109757	0.000709182
0.141116	0.000634208
0.172475	0.00053903
0.203834	0.000422805
0.235193	0.000284645
0.266552	0.000123688
0.297911	-6.08413e-05
0.32927	-0.000269549
0.36063	-0.000502799
0.391989	-0.000760628
0.423348	-0.00104267
0.454707	-0.00134805
0.486066	-0.00167535
0.517425	-0.00202247
0.548784	-0.00238657
0.580143	-0.00276397
0.611502	-0.00315006
0.642861	-0.00353918
0.674221	-0.00392453
0.70558	-0.00429801
0.736939	-0.00465013
0.768298	-0.00496985
0.799657	-0.00524439
0.831016	-0.00545917
0.862375	-0.00559761
0.893734	-0.00564105
0.925093	-0.00556868
0.956452	-0.00535757
0.987811	-0.00498267
1.01917	-0.0044171
1.05053	-0.00363238
1.08189	-0.00259891
1.11325	-0.00128662
1.14461	0.00033428
1.17597	0.00229233
1.20733	0.00461367
1.23868	0.00732084
1.27004	0.0104314
1.3014	0.0139564
1.33276	0.0178992
1.36412	0.0222542
1.39548	0.0270054
1.42684	0.0321257
1.4582	0.0375765
1.48956	0.0433071
1.52092	0.0492557
1.55228	0.0553495
1.58363	0.0615064
1.61499	0.0676369
1.64635	0.073646
1.67771	0.0794364
1.70907	0.0849109
1.74043	0.0899758
1.77179	0.094544
1.80315	0.098538
1.83451	0.101892
1.86587	0.104556
1.89723	0.106495
1.92858	0.107692
1.95994	0.108149
1.9913	0.107884
2.02266	0.106927
2.05402	0.105279
2.08538	0.102967
2.11674	0.100037
2.1481	0.0965515
2.17946	0.0925933
2.21082	0.0882623
2.24218	0.0836748
2.27353	0.0789614
2.30489	0.0742651
2.33625	0.0697388
2.36761	0.0655434
2.39897	0.0618453
2.43033	0.0588145
2.46169	0.0566231
2.49305	0.055443
2.50873	0.055443
