-0.0156795	0.197899
0.0156795	0.197899
0.0470386	0.196344
0.0783977	0.193271
0.109757	0.18875
0.141116	0.182887
0.172475	0.175813
0.203834	0.167684
0.235193	0.158673
0.266552	0.148966
0.297911	0.138753
0.32927	0.128223
0.36063	0.11756
0.391989	0.106936
0.423348	0.0965075
0.454707	0.0864118
0.486066	0.0767651
0.517425	0.0676613
0.548784	0.0591715
0.580143	0.0513447
0.611502	0.0442091
0.642861	0.0377738
0.674221	0.0320314
0.70558	0.0269607
0.736939	0.0225288
0.768298	0.0186947
0.799657	0.0154112
0.831016	0.0126275
0.862375	0.0102914
0.893734	0.00835082
0.925093	0.00675534
0.956452	0.00545735
0.987811	0.00441271
1.01917	0.00358133
1.05053	0.00292735
1.08189	0.00241923
1.11325	0.00202959
1.14461	0.00173504
1.17597	0.0015158
1.20733	0.00135541
1.23868	0.00124026
1.27004	0.00115928
1.3014	0.00110356
1.33276	0.00106597
1.36412	0.00104091
1.39548	0.001024
1.42684	0.00101187
1.4582	0.00100197
1.48956	0.000992397
1.52092	0.000981755
1.55228	0.000969077
1.58363	0.000953715
1.61499	0.000935283
1.64635	0.0009136
1.67771	0.000888646
1.70907	0.00086053
1.74043	0.000829458
1.77179	0.000795711
1.80315	0.000759627
1.83451	0.000721581
1.86587	0.000681973
1.89723	0.000641217
1.92858	0.000599726
1.95994	0.00055791
1.9913	0.000516163
2.02266	0.000474571
2.05402	0.000432455
2.08538	0.000390145
2.11674	0.000347985
2.1481	0.000306333
2.17946	0.000265559
2.21082	0.000226048
2.24218	0.0001882
2.27353	0.000152434
2.30489	0.00011919
2.33625	8.89363e-05
2.36761	6.21739e-05
2.39897	3.94443e-05
2.43033	2.13389e-05
2.46169	8.51052e-06
2.49305	1.68682e-06
2.50873	1.68682e-06
