-0.0156795	5.20417e-18
0.0156795	5.20417e-18
0.0470386	-1.73472e-17
0.0783977	2.25514e-17
0.109757	-1.56125e-17
0.141116	2.08167e-17
0.172475	-6.93889e-18
0.203834	-3.46945e-18
0.235193	2.42861e-17
0.266552	-1.73472e-17
0.297911	5.20417e-17
0.32927	-5.55112e-17
0.36063	6.93889e-17
0.391989	-6.93889e-18
0.423348	1.38778e-17
0.454707	3.46945e-17
0.486066	4.85723e-17
0.517425	-4.85723e-17
0.548784	6.93889e-17
0.580143	-2.77556e-17
0.611502	8.32667e-17
0.642861	-6.93889e-17
0.674221	6.93889e-17
0.70558	-4.16334e-17
0.736939	5.55112e-17
0.768298	0
0.799657	0
0.831016	-1.38778e-17
0.862375	5.55112e-17
0.893734	-2.77556e-17
0.925093	4.16334e-17
0.956452	-2.77556e-17
0.987811	2.77556e-17
1.01917	-2.77556e-17
1.05053	2.77556e-17
1.08189	-5.55112e-17
1.11325	0
1.14461	3.57122e-11
1.17597	1.63658e-10
1.20733	3.46165e-10
1.23868	5.9238e-10
1.27004	9.58781e-10
1.3014	1.51391e-09
1.33276	2.39125e-09
1.36412	3.75622e-09
1.39548	5.88779e-09
1.42684	9.17611e-09
1.4582	1.42116e-08
1.48956	2.18644e-08
1.52092	3.33884e-08
1.55228	5.06187e-08
1.58363	7.61668e-08
1.61499	1.13753e-07
1.64635	1.68623e-07
1.67771	2.48087e-07
1.70907	3.6228e-07
1.74043	5.25096e-07
1.77179	7.55419e-07
1.80315	1.07871e-06
1.83451	1.52893e-06
1.86587	2.15105e-06
1.89723	3.00397e-06
1.92858	4.16421e-06
1.95994	5.73017e-06
1.9913	7.82726e-06
2.02266	9.41384e-06
2.05402	7.8294e-06
2.08538	4.84181e-06
2.11674	1.57716e-06
2.1481	-1.31669e-06
2.17946	-3.53103e-06
2.21082	-4.98293e-06
2.24218	-5.72679e-06
2.27353	-5.88859e-06
2.30489	-5.61973e-06
2.33625	-5.06684e-06
2.36761	-4.35384e-06
2.39897	-3.57226e-06
2.43033	-2.77628e-06
2.46169	-1.97815e-06
2.49305	-1.13963e-06
2.50873	-5.97219e-07
