-0.0156795	-0.00191365
0.0156795	-0.00191365
0.0470386	-0.00128001
0.0783977	-1.66673e-05
0.109757	0.00186823
0.141116	0.00436174
0.172475	0.00744534
0.203834	0.0110941
0.235193	0.0152754
0.266552	0.0199486
0.297911	0.0250635
0.32927	0.0305606
0.36063	0.0363701
0.391989	0.0424129
0.423348	0.048601
0.454707	0.0548386
0.486066	0.0610243
0.517425	0.0670529
0.548784	0.0728182
0.580143	0.0782158
0.611502	0.0831463
0.642861	0.0875182
0.674221	0.0912512
0.70558	0.0942782
0.736939	0.0965483
0.768298	0.0980279
0.799657	0.098702
0.831016	0.0985744
0.862375	0.0976675
0.893734	0.0960212
0.925093	0.0936908
0.956452	0.0907454
0.987811	0.0872645
1.01917	0.0833356
1.05053	0.0790507
1.08189	0.0745035
1.11325	0.0697862
1.14461	0.0649866
1.17597	0.0601865
1.20733	0.0554591
1.23868	0.0508678
1.27004	0.0464658
1.3014	0.0422948
1.33276	0.038386
1.36412	0.0347599
1.39548	0.0314273
1.42684	0.0283905
1.4582	0.0256443
1.48956	0.0231775
1.52092	0.020974
1.55228	0.0190144
1.58363	0.017277
1.61499	0.015739
1.64635	0.0143775
1.67771	0.01317
1.70907	0.0120955
1.74043	0.0111345
1.77179	0.0102697
1.80315	0.00948586
1.83451	0.00876987
1.86587	0.00811096
1.89723	0.00750039
1.92858	0.00693129
1.95994	0.0063985
1.9913	0.00589832
2.02266	0.00542495
2.05402	0.0049659
2.08538	0.0045213
2.11674	0.00409196
2.1481	0.00367925
2.17946	0.00328498
2.21082	0.00291135
2.24218	0.00256079
2.27353	0.00223595
2.30489	0.0019396
2.33625	0.00167463
2.36761	0.00144406
2.39897	0.00125113
2.43033	0.00109939
2.46169	0.000992936
2.49305	0.000936675
2.50873	0.000936675
