-0.0156795	0.01105
0.0156795	0.01105
0.0470386	0.011134
0.0783977	0.0113011
0.109757	0.0115488
0.141116	0.0118742
0.172475	0.0122731
0.203834	0.0127412
0.235193	0.0132735
0.266552	0.0138651
0.297911	0.0145113
0.32927	0.0152081
0.36063	0.0159524
0.391989	0.0167424
0.423348	0.0175782
0.454707	0.0184614
0.486066	0.0193964
0.517425	0.0203896
0.548784	0.0214502
0.580143	0.02259
0.611502	0.0238233
0.642861	0.0251665
0.674221	0.026638
0.70558	0.0282577
0.736939	0.0300459
0.768298	0.0320228
0.799657	0.0342073
0.831016	0.0366159
0.862375	0.0392615
0.893734	0.0421518
0.925093	0.0452884
0.956452	0.0486654
0.987811	0.0522682
1.01917	0.0560726
1.05053	0.0600444
1.08189	0.0641389
1.11325	0.0683013
1.14461	0.0724671
1.17597	0.0765635
1.20733	0.0805107
1.23868	0.084224
1.27004	0.0876166
1.3014	0.0906019
1.33276	0.0930966
1.36412	0.0950238
1.39548	0.0963161
1.42684	0.0969178
1.4582	0.0967877
1.48956	0.0959011
1.52092	0.0942504
1.55228	0.0918466
1.58363	0.0887185
1.61499	0.0849119
1.64635	0.0804888
1.67771	0.0755243
1.70907	0.0701048
1.74043	0.0643248
1.77179	0.0582835
1.80315	0.0520819
1.83451	0.0458195
1.86587	0.0395913
1.89723	0.0334855
1.92858	0.0275812
1.95994	0.0219469
1.9913	0.0166392
2.02266	0.0116678
2.05402	0.00695372
2.08538	0.00253698
2.11674	-0.00155068
2.1481	-0.00528621
2.17946	-0.00865547
2.21082	-0.011653
2.24218	-0.0142814
2.27353	-0.0165505
2.30489	-0.0184759
2.33625	-0.0200774
2.36761	-0.0213766
2.39897	-0.0223954
2.43033	-0.0231523
2.46169	-0.0236599
2.49305	-0.0239203
2.50873	-0.0239203
