-0.0156795	-4.33681e-19
0.0156795	-4.33681e-19
0.0470386	-1.0842e-18
0.0783977	1.30104e-18
0.109757	-6.07153e-18
0.141116	1.12757e-17
0.172475	-1.34441e-17
0.203834	1.64799e-17
0.235193	-6.93889e-18
0.266552	-1.73472e-18
0.297911	6.93889e-18
0.32927	-6.07153e-18
0.36063	1.21431e-17
0.391989	-3.46945e-18
0.423348	1.73472e-17
0.454707	-8.67362e-18
0.486066	2.42861e-17
0.517425	6.93889e-18
0.548784	-1.04083e-17
0.580143	3.46945e-17
0.611502	-2.77556e-17
0.642861	6.245e-17
0.674221	-1.38778e-17
0.70558	2.08167e-17
0.736939	4.16334e-17
0.768298	4.85723e-17
0.799657	-4.85723e-17
0.831016	8.32667e-17
0.862375	3.57122e-11
0.893734	1.63658e-10
0.925093	3.46165e-10
0.956452	5.9238e-10
0.987811	9.58781e-10
1.01917	1.51391e-09
1.05053	2.39125e-09
1.08189	3.75622e-09
1.11325	5.88779e-09
1.14461	9.17611e-09
1.17597	1.42116e-08
1.20733	2.18644e-08
1.23868	3.33884e-08
1.27004	5.06187e-08
1.3014	7.61668e-08
1.33276	1.13753e-07
1.36412	1.68623e-07
1.39548	2.48087e-07
1.42684	3.6228e-07
1.4582	5.25096e-07
1.48956	7.55419e-07
1.52092	1.07871e-06
1.55228	1.52893e-06
1.58363	2.15105e-06
1.61499	3.00397e-06
1.64635	4.16421e-06
1.67771	5.73017e-06
1.70907	7.82726e-06
1.74043	1.06137e-05
1.77179	1.42873e-05
1.80315	1.90927e-05
1.83451	2.53297e-05
1.86587	3.33616e-05
1.89723	4.36245e-05
1.92858	5.66361e-05
1.95994	7.30043e-05
1.9913	9.34349e-05
2.02266	0.00011042
2.05402	0.000102324
2.08538	7.90693e-05
2.11674	4.84853e-05
2.1481	1.64047e-05
2.17946	-1.31444e-05
2.21082	-3.7682e-05
2.24218	-5.59838e-05
2.27353	-6.77777e-05
2.30489	-7.34502e-05
2.33625	-7.37734e-05
2.36761	-6.96612e-05
2.39897	-6.19481e-05
2.43033	-5.11783e-05
2.46169	-3.73738e-05
2.49305	-1.97323e-05
2.50873	-7.02508e-06
