-0.0156795	0.184126
0.0156795	0.184126
0.0470386	0.183016
0.0783977	0.180813
0.109757	0.177554
0.141116	0.173292
0.172475	0.168096
0.203834	0.162048
0.235193	0.155244
0.266552	0.147788
0.297911	0.139792
0.32927	0.131373
0.36063	0.122649
0.391989	0.113738
0.423348	0.104755
0.454707	0.0958085
0.486066	0.0869995
0.517425	0.0784194
0.548784	0.0701486
0.580143	0.0622554
0.611502	0.0547951
0.642861	0.0478105
0.674221	0.0413317
0.70558	0.0353766
0.736939	0.0299521
0.768298	0.025055
0.799657	0.0206734
0.831016	0.0167882
0.862375	0.0133745
0.893734	0.0104029
0.925093	0.00784135
0.956452	0.00565574
0.987811	0.00381148
1.01917	0.00227423
1.05053	0.00101068
1.08189	-1.09081e-05
1.11325	-0.000820279
1.14461	-0.00144496
1.17597	-0.00191012
1.20733	-0.0022386
1.23868	-0.00245093
1.27004	-0.0025655
1.3014	-0.00259868
1.33276	-0.00256501
1.36412	-0.0024774
1.39548	-0.00234724
1.42684	-0.00218461
1.4582	-0.00199839
1.48956	-0.00179635
1.52092	-0.00158529
1.55228	-0.00137106
1.58363	-0.00115867
1.61499	-0.000952327
1.64635	-0.00075548
1.67771	-0.000570868
1.70907	-0.000400573
1.74043	-0.000246067
1.77179	-0.000108266
1.80315	1.24104e-05
1.83451	0.000115981
1.86587	0.00020284
1.89723	0.000273692
1.92858	0.000329491
1.95994	0.00037138
1.9913	0.000400632
2.02266	0.000418731
2.05402	0.000427145
2.08538	0.000426773
2.11674	0.000418612
2.1481	0.000403746
2.17946	0.000383322
2.21082	0.000358531
2.24218	0.000330601
2.27353	0.000300778
2.30489	0.000270316
2.33625	0.000240476
2.36761	0.000212515
2.39897	0.000187688
2.43033	0.000167242
2.46169	0.000152412
2.49305	0.000144411
2.50873	0.000144411
