-0.0156795	2.47269e-09
0.0156795	2.47269e-09
0.0470386	2.98363e-09
0.0783977	4.10238e-09
0.109757	6.05145e-09
0.141116	9.21182e-09
0.172475	1.42116e-08
0.203834	2.18644e-08
0.235193	3.33884e-08
0.266552	5.06187e-08
0.297911	7.61668e-08
0.32927	1.13753e-07
0.36063	1.68623e-07
0.391989	2.48087e-07
0.423348	3.6228e-07
0.454707	5.25096e-07
0.486066	7.55419e-07
0.517425	1.07871e-06
0.548784	1.52893e-06
0.580143	2.15105e-06
0.611502	3.00397e-06
0.642861	4.16421e-06
0.674221	5.73017e-06
0.70558	7.82726e-06
0.736939	1.06137e-05
0.768298	1.42873e-05
0.799657	1.90927e-05
0.831016	2.53297e-05
0.862375	3.33616e-05
0.893734	4.36245e-05
0.925093	5.66361e-05
0.956452	7.30043e-05
0.987811	9.34349e-05
1.01917	0.000118738
1.05053	0.000149833
1.08189	0.000187748
1.11325	0.000233623
1.14461	0.000288698
1.17597	0.00035431
1.20733	0.000431872
1.23868	0.000522856
1.27004	0.00062877
1.3014	0.000751125
1.33276	0.000891403
1.36412	0.00105102
1.39548	0.0012313
1.42684	0.0014334
1.4582	0.00165835
1.48956	0.00190693
1.52092	0.00217975
1.55228	0.00247716
1.58363	0.00279931
1.61499	0.00314618
1.64635	0.0035176
1.67771	0.00391335
1.70907	0.00433324
1.74043	0.0047773
1.77179	0.00524584
1.80315	0.00573974
1.83451	0.00626056
1.86587	0.00681087
1.89723	0.0073944
1.92858	0.00801634
1.95994	0.00868355
1.9913	0.0094048
2.02266	0.0102215
2.05402	0.0112372
2.08538	0.0124334
2.11674	0.0137864
2.1481	0.0152702
2.17946	0.0168605
2.21082	0.0185395
2.24218	0.0203011
2.27353	0.0221557
2.30489	0.0241351
2.33625	0.0262946
2.36761	0.0287145
2.39897	0.0314974
2.43033	0.0347615
2.46169	0.0386296
2.49305	0.0432124
2.50873	0.0458959
