-0.0156795	-1.73472e-18
0.0156795	-1.73472e-18
0.0470386	-9.75782e-18
0.0783977	9.97466e-18
0.109757	-1.47451e-17
0.141116	1.56125e-17
0.172475	-6.93889e-18
0.203834	8.67362e-19
0.235193	8.67362e-19
0.266552	-8.67362e-18
0.297911	1.12757e-17
0.32927	-1.73472e-17
0.36063	8.67362e-18
0.391989	1.73472e-18
0.423348	-1.38778e-17
0.454707	1.73472e-17
0.486066	-6.93889e-18
0.517425	2.08167e-17
0.548784	-3.81639e-17
0.580143	3.46945e-17
0.611502	-1.38778e-17
0.642861	-6.93889e-18
0.674221	2.77556e-17
0.70558	3.46945e-17
0.736939	-4.85723e-17
0.768298	5.55112e-17
0.799657	-1.38778e-17
0.831016	6.93889e-17
0.862375	-9.71445e-17
0.893734	8.32667e-17
0.925093	3.57121e-11
0.956452	1.63658e-10
0.987811	3.46165e-10
1.01917	5.9238e-10
1.05053	9.58781e-10
1.08189	1.51391e-09
1.11325	2.39125e-09
1.14461	3.75622e-09
1.17597	5.88779e-09
1.20733	9.17611e-09
1.23868	1.42116e-08
1.27004	2.18644e-08
1.3014	3.33884e-08
1.33276	5.06187e-08
1.36412	7.61668e-08
1.39548	1.13753e-07
1.42684	1.68623e-07
1.4582	2.48087e-07
1.48956	3.6228e-07
1.52092	5.25096e-07
1.55228	7.55419e-07
1.58363	1.07871e-06
1.61499	1.52893e-06
1.64635	2.15105e-06
1.67771	3.00397e-06
1.70907	4.16421e-06
1.74043	5.73017e-06
1.77179	7.82726e-06
1.80315	1.06137e-05
1.83451	1.42873e-05
1.86587	1.90927e-05
1.89723	2.53297e-05
1.92858	3.33616e-05
1.95994	4.36245e-05
1.9913	5.66361e-05
2.02266	6.72438e-05
2.05402	6.09891e-05
2.08538	4.51802e-05
2.11674	2.53051e-05
2.1481	5.231e-06
2.17946	-1.25515e-05
2.21082	-2.66637e-05
2.24218	-3.65747e-05
2.27353	-4.23538e-05
2.30489	-4.44503e-05
2.33625	-4.35067e-05
2.36761	-4.02032e-05
2.39897	-3.51308e-05
2.43033	-2.86783e-05
2.46169	-2.09139e-05
2.49305	-1.14281e-05
2.50873	-4.74462e-06
