-0.0156795	0.0327768
0.0156795	0.0327768
0.0470386	0.0331475
0.0783977	0.0338893
0.109757	0.0350031
0.141116	0.0364891
0.172475	0.0383462
0.203834	0.040571
0.235193	0.043156
0.266552	0.0460889
0.297911	0.0493509
0.32927	0.0529153
0.36063	0.056747
0.391989	0.0608014
0.423348	0.0650243
0.454707	0.0693519
0.486066	0.0737118
0.517425	0.0780236
0.548784	0.0822011
0.580143	0.086154
0.611502	0.0897909
0.642861	0.0930218
0.674221	0.0957612
0.70558	0.0979309
0.736939	0.0994633
0.768298	0.100304
0.799657	0.100413
0.831016	0.0997682
0.862375	0.0983649
0.893734	0.0962167
0.925093	0.0933551
0.956452	0.0898285
0.987811	0.0857003
1.01917	0.0810468
1.05053	0.0759543
1.08189	0.0705162
1.11325	0.0648301
1.14461	0.058994
1.17597	0.053104
1.20733	0.0472511
1.23868	0.0415189
1.27004	0.035982
1.3014	0.0307043
1.33276	0.0257381
1.36412	0.0211242
1.39548	0.0168913
1.42684	0.0130572
1.4582	0.0096291
1.48956	0.00660511
1.52092	0.0039754
1.55228	0.00172354
1.58363	-0.000171987
1.61499	-0.00173651
1.64635	-0.00299786
1.67771	-0.00398525
1.70907	-0.0047283
1.74043	-0.00525623
1.77179	-0.00559722
1.80315	-0.00577795
1.83451	-0.0058233
1.86587	-0.00575608
1.89723	-0.00559703
1.92858	-0.00536476
1.95994	-0.0050758
1.9913	-0.00474474
2.02266	-0.00438178
2.05402	-0.00398802
2.08538	-0.00357199
2.11674	-0.00314179
2.1481	-0.00270512
2.17946	-0.00226929
2.21082	-0.00184128
2.24218	-0.00142773
2.27353	-0.00103502
2.30489	-0.000669297
2.33625	-0.000336569
2.36761	-4.27756e-05
2.39897	0.000206061
2.43033	0.000403665
2.46169	0.000543279
2.49305	0.000617375
2.50873	0.000617351
