-0.0156795	0.0209884
0.0156795	0.0209884
0.0470386	0.0210457
0.0783977	0.0211609
0.109757	0.021335
0.141116	0.02157
0.172475	0.0218685
0.203834	0.0222344
0.235193	0.0226728
0.266552	0.0231903
0.297911	0.0237952
0.32927	0.0244975
0.36063	0.0253094
0.391989	0.0262448
0.423348	0.0273194
0.454707	0.0285501
0.486066	0.0299552
0.517425	0.0315532
0.548784	0.0333619
0.580143	0.0353983
0.611502	0.0376765
0.642861	0.0402073
0.674221	0.0429963
0.70558	0.0460433
0.736939	0.0493404
0.768298	0.0528713
0.799657	0.0566106
0.831016	0.0605227
0.862375	0.0645619
0.893734	0.0686723
0.925093	0.0727888
0.956452	0.0768378
0.987811	0.0807392
1.01917	0.084408
1.05053	0.0877569
1.08189	0.0906993
1.11325	0.0931519
1.14461	0.0950377
1.17597	0.0962895
1.20733	0.0968517
1.23868	0.0966836
1.27004	0.0957605
1.3014	0.0940757
1.33276	0.0916403
1.36412	0.0884839
1.39548	0.0846532
1.42684	0.0802108
1.4582	0.075233
1.48956	0.0698071
1.52092	0.0640288
1.55228	0.0579987
1.58363	0.051819
1.61499	0.0455907
1.64635	0.0394105
1.67771	0.0333679
1.70907	0.0275435
1.74043	0.0220073
1.77179	0.0168172
1.80315	0.0120186
1.83451	0.00764471
1.86587	0.00371616
1.89723	0.000242318
1.92858	-0.00277786
1.95994	-0.00535453
1.9913	-0.00750554
2.02266	-0.00926726
2.05402	-0.010699
2.08538	-0.0118146
2.11674	-0.0126329
2.1481	-0.0131774
2.17946	-0.0134759
2.21082	-0.0135595
2.24218	-0.0134621
2.27353	-0.0132202
2.30489	-0.0128722
2.33625	-0.0124574
2.36761	-0.0120162
2.39897	-0.011589
2.43033	-0.0112153
2.46169	-0.0109332
2.49305	-0.0107774
2.50873	-0.0107774
