-0.0156795	0.0484252
0.0156795	0.0484252
0.0470386	0.0489647
0.0783977	0.0500359
0.109757	0.0516223
0.141116	0.0536995
0.172475	0.0562343
0.203834	0.0591843
0.235193	0.0624985
0.266552	0.0661166
0.297911	0.0699693
0.32927	0.0739794
0.36063	0.0780621
0.391989	0.0821266
0.423348	0.0860779
0.454707	0.0898187
0.486066	0.0932522
0.517425	0.0962844
0.548784	0.0988273
0.580143	0.100801
0.611502	0.102138
0.642861	0.102784
0.674221	0.102699
0.70558	0.101863
0.736939	0.100273
0.768298	0.0979427
0.799657	0.0949061
0.831016	0.0912126
0.862375	0.0869268
0.893734	0.0821259
0.925093	0.0768969
0.956452	0.0713336
0.987811	0.0655337
1.01917	0.0595953
1.05053	0.0536141
1.08189	0.0476805
1.11325	0.0418778
1.14461	0.0362797
1.17597	0.0309494
1.20733	0.0259384
1.23868	0.0212866
1.27004	0.0170221
1.3014	0.0131617
1.33276	0.00971192
1.36412	0.00667029
1.39548	0.0040263
1.42684	0.001763
1.4582	-0.000141629
1.48956	-0.00171333
1.52092	-0.0029803
1.55228	-0.00397205
1.58363	-0.00471844
1.61499	-0.00524892
1.64635	-0.00559185
1.67771	-0.00577404
1.70907	-0.00582046
1.74043	-0.00575404
1.77179	-0.00559558
1.80315	-0.00536373
1.83451	-0.00507508
1.86587	-0.00474424
1.89723	-0.00438397
1.92858	-0.00400534
1.95994	-0.00361785
1.9913	-0.00322957
2.02266	-0.00284461
2.05402	-0.00245921
2.08538	-0.00207844
2.11674	-0.00170693
2.1481	-0.00134884
2.17946	-0.00100792
2.21082	-0.000687454
2.24218	-0.000390268
2.27353	-0.000118775
2.30489	0.000125003
2.33625	0.000339365
2.36761	0.000522825
2.39897	0.000673962
2.43033	0.000791205
2.46169	0.000872561
2.49305	0.000915246
2.50873	0.000915242
