-0.0156795	2.60764e-06
0.0156795	2.60764e-06
0.0470386	2.90647e-06
0.0783977	3.52907e-06
0.109757	4.52649e-06
0.141116	5.97826e-06
0.172475	7.99589e-06
0.203834	1.07275e-05
0.235193	1.43635e-05
0.266552	1.91433e-05
0.297911	2.53631e-05
0.32927	3.33835e-05
0.36063	4.36387e-05
0.391989	5.66453e-05
0.423348	7.30102e-05
0.454707	9.34386e-05
0.486066	0.00011874
0.517425	0.000149834
0.548784	0.000187749
0.580143	0.000233624
0.611502	0.000288699
0.642861	0.00035431
0.674221	0.000431872
0.70558	0.000522856
0.736939	0.00062877
0.768298	0.000751125
0.799657	0.000891403
0.831016	0.00105102
0.862375	0.0012313
0.893734	0.0014334
0.925093	0.00165835
0.956452	0.00190693
0.987811	0.00217975
1.01917	0.00247716
1.05053	0.00279931
1.08189	0.00314618
1.11325	0.0035176
1.14461	0.00391335
1.17597	0.00433324
1.20733	0.0047773
1.23868	0.00524584
1.27004	0.00573974
1.3014	0.00626056
1.33276	0.00681087
1.36412	0.0073944
1.39548	0.00801634
1.42684	0.00868355
1.4582	0.0094048
1.48956	0.0101909
1.52092	0.0110549
1.55228	0.0120121
1.58363	0.0130799
1.61499	0.0142778
1.64635	0.0156269
1.67771	0.0171499
1.70907	0.0188697
1.74043	0.0208094
1.77179	0.022991
1.80315	0.0254342
1.83451	0.0281553
1.86587	0.0311662
1.89723	0.0344725
1.92858	0.0380726
1.95994	0.0419565
1.9913	0.0461044
2.02266	0.0505354
2.05402	0.0554091
2.08538	0.0607215
2.11674	0.0664539
2.1481	0.0725684
2.17946	0.0790038
2.21082	0.0856709
2.24218	0.0924473
2.27353	0.0991735
2.30489	0.105649
2.33625	0.111629
2.36761	0.116828
2.39897	0.120918
2.43033	0.123539
2.46169	0.124305
2.49305	0.122829
2.50873	0.120721
