-0.0156795	3.6076e-08
0.0156795	3.6076e-08
0.0470386	4.25646e-08
0.0783977	5.65065e-08
0.109757	7.9923e-08
0.141116	1.16144e-07
0.172475	1.70137e-07
0.203834	2.49046e-07
0.235193	3.62872e-07
0.266552	5.25442e-07
0.297911	7.55582e-07
0.32927	1.07874e-06
0.36063	1.52893e-06
0.391989	2.15105e-06
0.423348	3.00397e-06
0.454707	4.16421e-06
0.486066	5.73017e-06
0.517425	7.82726e-06
0.548784	1.06137e-05
0.580143	1.42873e-05
0.611502	1.90927e-05
0.642861	2.53297e-05
0.674221	3.33616e-05
0.70558	4.36245e-05
0.736939	5.66361e-05
0.768298	7.30043e-05
0.799657	9.34349e-05
0.831016	0.000118738
0.862375	0.000149833
0.893734	0.000187748
0.925093	0.000233623
0.956452	0.000288698
0.987811	0.00035431
1.01917	0.000431872
1.05053	0.000522856
1.08189	0.00062877
1.11325	0.000751125
1.14461	0.000891403
1.17597	0.00105102
1.20733	0.0012313
1.23868	0.0014334
1.27004	0.00165835
1.3014	0.00190693
1.33276	0.00217975
1.36412	0.00247716
1.39548	0.00279931
1.42684	0.00314618
1.4582	0.0035176
1.48956	0.00391335
1.52092	0.00433324
1.55228	0.0047773
1.58363	0.00524584
1.61499	0.00573974
1.64635	0.00626056
1.67771	0.00681087
1.70907	0.0073944
1.74043	0.00801634
1.77179	0.00868355
1.80315	0.0094048
1.83451	0.0101909
1.86587	0.0110549
1.89723	0.0120121
1.92858	0.0130799
1.95994	0.0142778
1.9913	0.0156269
2.02266	0.0171984
2.05402	0.0191978
2.08538	0.0216644
2.11674	0.0246272
2.1481	0.0281023
2.17946	0.0320902
2.21082	0.0365732
2.24218	0.0415135
2.27353	0.0468521
2.30489	0.0525074
2.33625	0.0583743
2.36761	0.0643246
2.39897	0.0702054
2.43033	0.0758394
2.46169	0.0810232
2.49305	0.0855258
2.50873	0.0872352
