-0.0156795	0.000167381
0.0156795	0.000167381
0.0470386	0.00017346
0.0783977	0.000185611
0.109757	0.000203817
0.141116	0.000228053
0.172475	0.000258292
0.203834	0.000294501
0.235193	0.000336647
0.266552	0.000384698
0.297911	0.000438629
0.32927	0.000498427
0.36063	0.000564093
0.391989	0.00063565
0.423348	0.000713148
0.454707	0.000796673
0.486066	0.00088635
0.517425	0.000982351
0.548784	0.0010849
0.580143	0.00119429
0.611502	0.00131087
0.642861	0.00143505
0.674221	0.00156731
0.70558	0.0017082
0.736939	0.00185833
0.768298	0.00201835
0.799657	0.00218897
0.831016	0.0023709
0.862375	0.00256487
0.893734	0.00277159
0.925093	0.00299176
0.956452	0.00322599
0.987811	0.00347483
1.01917	0.00373875
1.05053	0.00401811
1.08189	0.0043132
1.11325	0.00462425
1.14461	0.00495149
1.17597	0.00529518
1.20733	0.00565579
1.23868	0.00603406
1.27004	0.00643126
1.3014	0.00684936
1.33276	0.00729134
1.36412	0.00776149
1.39548	0.00826578
1.42684	0.00881226
1.4582	0.00941151
1.48956	0.010077
1.52092	0.0108257
1.55228	0.0116783
1.58363	0.0126595
1.61499	0.0137985
1.64635	0.0151291
1.67771	0.0166893
1.70907	0.0185213
1.74043	0.0206709
1.77179	0.0231866
1.80315	0.0261185
1.83451	0.0295169
1.86587	0.0334302
1.89723	0.0379029
1.92858	0.0429732
1.95994	0.0486704
1.9913	0.0550123
2.02266	0.0620512
2.05402	0.0699794
2.08538	0.0788203
2.11674	0.0885737
2.1481	0.0992085
2.17946	0.110656
2.21082	0.1228
2.24218	0.135474
2.27353	0.14845
2.30489	0.161435
2.33625	0.174069
2.36761	0.185926
2.39897	0.196519
2.43033	0.205312
2.46169	0.211736
2.49305	0.215221
2.50873	0.215221
