-0.0156795	-3.38813e-19
0.0156795	-3.38813e-19
0.0470386	-2.31071e-18
0.0783977	-3.60497e-18
0.109757	6.04443e-18
0.141116	-1.19804e-17
0.172475	1.85534e-17
0.203834	-1.46367e-17
0.235193	6.17995e-18
0.266552	-6.01732e-18
0.297911	6.28837e-18
0.32927	-6.28837e-18
0.36063	2.27682e-18
0.391989	-1.6263e-18
0.423348	-3.90313e-18
0.454707	1.38778e-17
0.486066	-1.86483e-17
0.517425	1.34441e-17
0.548784	3.57122e-11
0.580143	1.63658e-10
0.611502	3.46165e-10
0.642861	5.9238e-10
0.674221	9.58781e-10
0.70558	1.51391e-09
0.736939	2.39125e-09
0.768298	3.75622e-09
0.799657	5.88779e-09
0.831016	9.17611e-09
0.862375	1.42116e-08
0.893734	2.18644e-08
0.925093	3.33884e-08
0.956452	5.06187e-08
0.987811	7.61668e-08
1.01917	1.13753e-07
1.05053	1.68623e-07
1.08189	2.48087e-07
1.11325	3.6228e-07
1.14461	5.25096e-07
1.17597	7.55419e-07
1.20733	1.07871e-06
1.23868	1.52893e-06
1.27004	2.15105e-06
1.3014	3.00397e-06
1.33276	4.16421e-06
1.36412	5.73017e-06
1.39548	7.82726e-06
1.42684	1.06137e-05
1.4582	1.42873e-05
1.48956	1.90927e-05
1.52092	2.53297e-05
1.55228	3.33616e-05
1.58363	4.36245e-05
1.61499	5.66361e-05
1.64635	7.30043e-05
1.67771	9.34349e-05
1.70907	0.000118738
1.74043	0.000149833
1.77179	0.000187748
1.80315	0.000233623
1.83451	0.000288698
1.86587	0.00035431
1.89723	0.000431872
1.92858	0.000522856
1.95994	0.00062877
1.9913	0.000751125
2.02266	0.000862226
2.05402	0.000870576
2.08538	0.000794742
2.11674	0.000655348
2.1481	0.000473615
2.17946	0.000270053
2.21082	6.34048e-05
2.24218	-0.000130112
2.27353	-0.000297212
2.30489	-0.000427572
2.33625	-0.000513463
2.36761	-0.000548969
2.39897	-0.00052877
2.43033	-0.000446416
2.46169	-0.000292007
2.49305	-4.90723e-05
2.50873	0.000140556
