-0.0156795	0.0109856
0.0156795	0.0109856
0.0470386	0.0110379
0.0783977	0.0111441
0.109757	0.0113077
0.141116	0.0115339
0.172475	0.0118297
0.203834	0.0122041
0.235193	0.0126681
0.266552	0.0132347
0.297911	0.013919
0.32927	0.0147382
0.36063	0.0157112
0.391989	0.0168582
0.423348	0.0182009
0.454707	0.0197611
0.486066	0.0215606
0.517425	0.0236198
0.548784	0.025957
0.580143	0.0285872
0.611502	0.0315205
0.642861	0.0347612
0.674221	0.0383062
0.70558	0.0421442
0.736939	0.0462543
0.768298	0.0506052
0.799657	0.0551551
0.831016	0.0598514
0.862375	0.0646313
0.893734	0.0694222
0.925093	0.0741436
0.956452	0.0787088
0.987811	0.0830269
1.01917	0.0870059
1.05053	0.0905553
1.08189	0.0935892
1.11325	0.0960297
1.14461	0.0978091
1.17597	0.0988734
1.20733	0.0991838
1.23868	0.0987187
1.27004	0.0974746
1.3014	0.0954663
1.33276	0.0927269
1.36412	0.089306
1.39548	0.0852687
1.42684	0.0806926
1.4582	0.0756657
1.48956	0.0702827
1.52092	0.0646424
1.55228	0.0588442
1.58363	0.0529853
1.61499	0.0471577
1.64635	0.0414459
1.67771	0.0359254
1.70907	0.0306607
1.74043	0.0257048
1.77179	0.0210989
1.80315	0.0168723
1.83451	0.0130429
1.86587	0.00961849
1.89723	0.00659729
1.92858	0.00396967
1.95994	0.00171938
1.9913	-0.000174991
2.02266	-0.00174966
2.05402	-0.00306085
2.08538	-0.00412339
2.11674	-0.00495523
2.1481	-0.00557689
2.17946	-0.00601095
2.21082	-0.00628153
2.24218	-0.00641382
2.27353	-0.00643366
2.30489	-0.00636715
2.33625	-0.00624037
2.36761	-0.00607901
2.39897	-0.00590809
2.43033	-0.00575151
2.46169	-0.00563151
2.49305	-0.00556789
2.50873	-0.00557193
