-0.0156795	0.000742779
0.0156795	0.000742779
0.0470386	0.000735767
0.0783977	0.000721477
0.109757	0.00069938
0.141116	0.000668704
0.172475	0.000628448
0.203834	0.000577411
0.235193	0.000514228
0.266552	0.000437406
0.297911	0.000345374
0.32927	0.000236536
0.36063	0.000109329
0.391989	-3.77153e-05
0.423348	-0.000205899
0.454707	-0.000396291
0.486066	-0.000609647
0.517425	-0.000846343
0.548784	-0.00110629
0.580143	-0.00138886
0.611502	-0.00169281
0.642861	-0.00201619
0.674221	-0.00235627
0.70558	-0.00270944
0.736939	-0.0030711
0.768298	-0.0034356
0.799657	-0.00379607
0.831016	-0.00414432
0.862375	-0.00447068
0.893734	-0.00476388
0.925093	-0.00501086
0.956452	-0.00519663
0.987811	-0.00530416
1.01917	-0.00531419
1.05053	-0.00520525
1.08189	-0.00495357
1.11325	-0.0045332
1.14461	-0.00391619
1.17597	-0.00307289
1.20733	-0.00197242
1.23868	-0.000583328
1.27004	0.00112562
1.3014	0.00318444
1.33276	0.00562075
1.36412	0.0084585
1.39548	0.0117165
1.42684	0.0154071
1.4582	0.0195344
1.48956	0.0240934
1.52092	0.0290682
1.55228	0.0344315
1.58363	0.0401438
1.61499	0.0461533
1.64635	0.052396
1.67771	0.0587969
1.70907	0.0652709
1.74043	0.071725
1.77179	0.0780606
1.80315	0.0841763
1.83451	0.0899711
1.86587	0.0953475
1.89723	0.100215
1.92858	0.104493
1.95994	0.108116
1.9913	0.11103
2.02266	0.11322
2.05402	0.114695
2.08538	0.115415
2.11674	0.115358
2.1481	0.114524
2.17946	0.112941
2.21082	0.110667
2.24218	0.107788
2.27353	0.104423
2.30489	0.100724
2.33625	0.0968701
2.36761	0.0930687
2.39897	0.089548
2.43033	0.0865504
2.46169	0.0843225
2.49305	0.0831021
2.50873	0.0831021
