-0.0156795	0.0148606
0.0156795	0.0148606
0.0470386	0.0149374
0.0783977	0.0150902
0.109757	0.0153174
0.141116	0.0156167
0.172475	0.0159855
0.203834	0.016421
0.235193	0.0169204
0.266552	0.0174819
0.297911	0.018104
0.32927	0.018787
0.36063	0.0195325
0.391989	0.0203441
0.423348	0.0212278
0.454707	0.0221917
0.486066	0.0232466
0.517425	0.0244057
0.548784	0.0256842
0.580143	0.0270994
0.611502	0.0286701
0.642861	0.0304155
0.674221	0.0323549
0.70558	0.0345062
0.736939	0.0368852
0.768298	0.039504
0.799657	0.0423698
0.831016	0.0454838
0.862375	0.0488394
0.893734	0.0524219
0.925093	0.0562066
0.956452	0.0601593
0.987811	0.064235
1.01917	0.0683788
1.05053	0.0725262
1.08189	0.0766043
1.11325	0.0805332
1.14461	0.0842285
1.17597	0.0876032
1.20733	0.0905708
1.23868	0.0930483
1.27004	0.0949588
1.3014	0.0962349
1.33276	0.0968214
1.36412	0.0966773
1.39548	0.095778
1.42684	0.0941165
1.4582	0.0917039
1.48956	0.0885696
1.52092	0.0847601
1.55228	0.0803375
1.58363	0.075378
1.61499	0.0699685
1.64635	0.0642041
1.67771	0.0581849
1.70907	0.0520127
1.74043	0.0457875
1.77179	0.0396054
1.80315	0.0335552
1.83451	0.0277164
1.86587	0.0221582
1.89723	0.0169373
1.92858	0.0120985
1.95994	0.00767364
1.9913	0.00368256
2.02266	0.000108795
2.05402	-0.00312349
2.08538	-0.00600326
2.11674	-0.0085276
2.1481	-0.0107015
2.17946	-0.0125372
2.21082	-0.0140538
2.24218	-0.0152761
2.27353	-0.0162334
2.30489	-0.0169587
2.33625	-0.017487
2.36761	-0.0178539
2.39897	-0.0180944
2.43033	-0.018241
2.46169	-0.0183213
2.49305	-0.0183563
2.50873	-0.0183563
