-0.0156795	0.0725451
0.0156795	0.0725451
0.0470386	0.0731227
0.0783977	0.0742597
0.109757	0.0759206
0.141116	0.0780526
0.172475	0.0805879
0.203834	0.0834444
0.235193	0.0865284
0.266552	0.0897372
0.297911	0.0929612
0.32927	0.0960877
0.36063	0.0990037
0.391989	0.1016
0.423348	0.103772
0.454707	0.105429
0.486066	0.106489
0.517425	0.106887
0.548784	0.106576
0.580143	0.105528
0.611502	0.103734
0.642861	0.101205
0.674221	0.0979722
0.70558	0.094083
0.736939	0.0896017
0.768298	0.0846058
0.799657	0.0791832
0.831016	0.0734288
0.862375	0.0674416
0.893734	0.0613214
0.925093	0.055165
0.956452	0.0490646
0.987811	0.0431043
1.01917	0.0373588
1.05053	0.031892
1.08189	0.0267558
1.11325	0.0219903
1.14461	0.0176234
1.17597	0.0136717
1.20733	0.0101413
1.23868	0.00702916
1.27004	0.00432398
1.3014	0.00200808
1.33276	5.86322e-05
1.36412	-0.00155091
1.39548	-0.00284956
1.42684	-0.00386759
1.4582	-0.00463562
1.48956	-0.00518375
1.52092	-0.00554094
1.55228	-0.00573458
1.58363	-0.0057901
1.61499	-0.00573087
1.64635	-0.00557802
1.67771	-0.00535052
1.70907	-0.00506522
1.74043	-0.00473693
1.77179	-0.0043786
1.80315	-0.00400142
1.83451	-0.00361501
1.86587	-0.00322754
1.89723	-0.00284585
1.92858	-0.00247561
1.95994	-0.00212143
1.9913	-0.00178691
2.02266	-0.00147263
2.05402	-0.00117345
2.08538	-0.000891805
2.11674	-0.000629654
2.1481	-0.000388508
2.17946	-0.000169418
2.21082	2.70227e-05
2.24218	0.000200665
2.27353	0.000351768
2.30489	0.000480954
2.33625	0.000589135
2.36761	0.000677413
2.39897	0.000746947
2.43033	0.000798778
2.46169	0.000833605
2.49305	0.000851491
2.50873	0.00085149
