-0.0156795	0.0299047
0.0156795	0.0299047
0.0470386	0.0302298
0.0783977	0.0308818
0.109757	0.0318644
0.141116	0.0331819
0.172475	0.034839
0.203834	0.0368388
0.235193	0.0391825
0.266552	0.0418669
0.297911	0.0448835
0.32927	0.0482171
0.36063	0.0518442
0.391989	0.0557323
0.423348	0.0598389
0.454707	0.0641117
0.486066	0.068488
0.517425	0.0728962
0.548784	0.0772564
0.580143	0.0814828
0.611502	0.085485
0.642861	0.0891714
0.674221	0.0924516
0.70558	0.0952398
0.736939	0.0974573
0.768298	0.0990363
0.799657	0.0999214
0.831016	0.100073
0.862375	0.0994683
0.893734	0.0981022
0.925093	0.0959884
0.956452	0.0931582
0.987811	0.08966
1.01917	0.0855571
1.05053	0.0809261
1.08189	0.0758533
1.11325	0.0704324
1.14461	0.0647611
1.17597	0.0589376
1.20733	0.0530583
1.23868	0.0472143
1.27004	0.0414895
1.3014	0.0359587
1.33276	0.030686
1.36412	0.0257239
1.39548	0.0211132
1.42684	0.0168829
1.4582	0.0130507
1.48956	0.00962422
1.52092	0.00660145
1.55228	0.00397267
1.58363	0.00172153
1.61499	-0.000173462
1.64635	-0.00173758
1.67771	-0.00299864
1.70907	-0.00398581
1.74043	-0.0047287
1.77179	-0.0052565
1.80315	-0.00559741
1.83451	-0.00577809
1.86587	-0.00582339
1.89723	-0.00575614
1.92858	-0.00559708
1.95994	-0.00536479
1.9913	-0.00507582
2.02266	-0.00474242
2.05402	-0.00436772
2.08538	-0.00396127
2.11674	-0.00353221
2.1481	-0.00308928
2.17946	-0.00264086
2.21082	-0.00219501
2.24218	-0.00175949
2.27353	-0.00134186
2.30489	-0.000949509
2.33625	-0.000589735
2.36761	-0.000269844
2.39897	2.72423e-06
2.43033	0.000220241
2.46169	0.000374492
2.49305	0.000456542
2.50873	0.000456506
