-0.0156795	-1.12757e-17
0.0156795	-1.12757e-17
0.0470386	1.64799e-17
0.0783977	-2.25514e-17
0.109757	1.21431e-17
0.141116	-2.08167e-17
0.172475	8.67362e-18
0.203834	-6.93889e-18
0.235193	-1.73472e-17
0.266552	2.42861e-17
0.297911	-1.73472e-17
0.32927	3.46945e-17
0.36063	-4.85723e-17
0.391989	6.93889e-17
0.423348	-2.77556e-17
0.454707	0
0.486066	2.77556e-17
0.517425	1.38778e-17
0.548784	-5.55112e-17
0.580143	5.55112e-17
0.611502	-2.77556e-17
0.642861	4.16334e-17
0.674221	-8.32667e-17
0.70558	6.93889e-17
0.736939	-5.55112e-17
0.768298	2.77556e-17
0.799657	-1.38778e-17
0.831016	0
0.862375	0
0.893734	5.55112e-17
0.925093	-2.77556e-17
0.956452	5.55112e-17
0.987811	-1.38778e-17
1.01917	2.77556e-17
1.05053	-1.38778e-17
1.08189	1.38778e-17
1.11325	3.57122e-11
1.14461	1.63658e-10
1.17597	3.46165e-10
1.20733	5.9238e-10
1.23868	9.58781e-10
1.27004	1.51391e-09
1.3014	2.39125e-09
1.33276	3.75622e-09
1.36412	5.88779e-09
1.39548	9.17611e-09
1.42684	1.42116e-08
1.4582	2.18644e-08
1.48956	3.33884e-08
1.52092	5.06187e-08
1.55228	7.61668e-08
1.58363	1.13753e-07
1.61499	1.68623e-07
1.64635	2.48087e-07
1.67771	3.6228e-07
1.70907	5.25096e-07
1.74043	7.55419e-07
1.77179	1.07871e-06
1.80315	1.52893e-06
1.83451	2.15105e-06
1.86587	3.00397e-06
1.89723	4.16421e-06
1.92858	5.73017e-06
1.95994	7.82726e-06
1.9913	1.06137e-05
2.02266	1.27459e-05
2.05402	1.07446e-05
2.08538	6.84373e-06
2.11674	2.49964e-06
2.1481	-1.42399e-06
2.17946	-4.49391e-06
2.21082	-6.57136e-06
2.24218	-7.70316e-06
2.27353	-8.03825e-06
2.30489	-7.76729e-06
2.33625	-7.08161e-06
2.36761	-6.14727e-06
2.39897	-5.08992e-06
2.43033	-3.98564e-06
2.46169	-2.85283e-06
2.49305	-1.63784e-06
2.50873	-8.41802e-07
