-0.0156795	-0.00532406
0.0156795	-0.00532406
0.0470386	-0.00535187
0.0783977	-0.00540546
0.109757	-0.00548077
0.141116	-0.00557168
0.172475	-0.00566994
0.203834	-0.00576511
0.235193	-0.0058445
0.266552	-0.00589312
0.297911	-0.00589362
0.32927	-0.00582622
0.36063	-0.00566879
0.391989	-0.00539689
0.423348	-0.0049839
0.454707	-0.0044013
0.486066	-0.00361906
0.517425	-0.00260612
0.548784	-0.00133107
0.580143	0.000236987
0.611502	0.00212746
0.642861	0.00436709
0.674221	0.00697871
0.70558	0.00997984
0.736939	0.0133813
0.768298	0.0171857
0.799657	0.0213863
0.831016	0.0259659
0.862375	0.0308958
0.893734	0.0361355
0.925093	0.0416324
0.956452	0.0473222
0.987811	0.05313
1.01917	0.0589713
1.05053	0.0647544
1.08189	0.0703823
1.11325	0.0757557
1.14461	0.0807759
1.17597	0.0853481
1.20733	0.0893845
1.23868	0.0928074
1.27004	0.0955519
1.3014	0.0975681
1.33276	0.0988231
1.36412	0.0993021
1.39548	0.0990083
1.42684	0.0979635
1.4582	0.0962064
1.48956	0.0937909
1.52092	0.0907847
1.55228	0.0872657
1.58363	0.0833198
1.61499	0.0790374
1.64635	0.0745107
1.67771	0.0698306
1.70907	0.0650839
1.74043	0.0603514
1.77179	0.0557056
1.80315	0.05121
1.83451	0.0469173
1.86587	0.0428699
1.89723	0.0390996
1.92858	0.0356278
1.95994	0.0324668
1.9913	0.0296204
2.02266	0.0270674
2.05402	0.0247453
2.08538	0.0226541
2.11674	0.0207896
2.1481	0.0191436
2.17946	0.0177047
2.21082	0.0164593
2.24218	0.0153921
2.27353	0.0144875
2.30489	0.0137297
2.33625	0.013104
2.36761	0.0125974
2.39897	0.0121991
2.43033	0.0119016
2.46169	0.0117008
2.49305	0.0115972
2.50873	0.0115972
