-0.0156795	0.0226614
0.0156795	0.0226614
0.0470386	0.0234695
0.0783977	0.0250686
0.109757	0.0274242
0.141116	0.0304857
0.172475	0.0341867
0.203834	0.0384465
0.235193	0.0431713
0.266552	0.0482562
0.297911	0.0535874
0.32927	0.0590448
0.36063	0.0645044
0.391989	0.0698421
0.423348	0.0749363
0.454707	0.0796713
0.486066	0.0839409
0.517425	0.0876505
0.548784	0.0907208
0.580143	0.0930891
0.611502	0.0947116
0.642861	0.0955636
0.674221	0.0956407
0.70558	0.0949576
0.736939	0.0935473
0.768298	0.0914592
0.799657	0.0887572
0.831016	0.0855164
0.862375	0.0818205
0.893734	0.0777583
0.925093	0.073421
0.956452	0.0688989
0.987811	0.0642786
1.01917	0.059641
1.05053	0.0550589
1.08189	0.0505958
1.11325	0.0463051
1.14461	0.0422293
1.17597	0.0384004
1.20733	0.0348397
1.23868	0.0315594
1.27004	0.0285629
1.3014	0.0258461
1.33276	0.0233991
1.36412	0.0212069
1.39548	0.0192511
1.42684	0.0175112
1.4582	0.0159653
1.48956	0.0145912
1.52092	0.0133673
1.55228	0.0122732
1.58363	0.0112901
1.61499	0.0104011
1.64635	0.00959127
1.67771	0.0088481
1.70907	0.00816102
1.74043	0.00752153
1.77179	0.00692296
1.80315	0.00636027
1.83451	0.00582985
1.86587	0.00532924
1.89723	0.00485692
1.92858	0.00441208
1.95994	0.00399441
1.9913	0.00360392
2.02266	0.00323825
2.05402	0.00288937
2.08538	0.0025586
2.11674	0.00224727
2.1481	0.00195661
2.17946	0.00168773
2.21082	0.00144153
2.24218	0.00121868
2.27353	0.00101964
2.30489	0.000844629
2.33625	0.000693686
2.36761	0.000566761
2.39897	0.000463816
2.43033	0.000384997
2.46169	0.000330855
2.49305	0.00030263
2.50873	0.00030263
