-0.0156795	-1.38778e-17
0.0156795	-1.38778e-17
0.0470386	3.46945e-17
0.0783977	-2.77556e-17
0.109757	4.16334e-17
0.141116	-6.245e-17
0.172475	6.93889e-17
0.203834	-2.08167e-17
0.235193	-6.93889e-18
0.266552	4.85723e-17
0.297911	3.46945e-17
0.32927	-2.77556e-17
0.36063	6.93889e-17
0.391989	-1.38778e-17
0.423348	6.93889e-17
0.454707	-6.93889e-17
0.486066	8.32667e-17
0.517425	-6.93889e-17
0.548784	6.93889e-17
0.580143	-1.38778e-17
0.611502	2.77556e-17
0.642861	-1.38778e-17
0.674221	6.93889e-17
0.70558	-4.16334e-17
0.736939	4.16334e-17
0.768298	-2.77556e-17
0.799657	2.77556e-17
0.831016	-1.38778e-17
0.862375	2.77556e-17
0.893734	-2.77556e-17
0.925093	2.77556e-17
0.956452	2.77556e-17
0.987811	1.38778e-17
1.01917	-5.55112e-17
1.05053	1.38778e-17
1.08189	6.93889e-18
1.11325	-4.16334e-17
1.14461	2.08167e-17
1.17597	-3.46945e-17
1.20733	-2.77556e-17
1.23868	-3.46945e-17
1.27004	-2.08167e-17
1.3014	-6.93889e-18
1.33276	3.57122e-11
1.36412	1.63658e-10
1.39548	3.46165e-10
1.42684	5.9238e-10
1.4582	9.58781e-10
1.48956	1.51391e-09
1.52092	2.39125e-09
1.55228	3.75622e-09
1.58363	5.88779e-09
1.61499	9.17611e-09
1.64635	1.42116e-08
1.67771	2.18644e-08
1.70907	3.33884e-08
1.74043	5.06187e-08
1.77179	7.61668e-08
1.80315	1.13753e-07
1.83451	1.68623e-07
1.86587	2.48087e-07
1.89723	3.6228e-07
1.92858	5.25096e-07
1.95994	7.55419e-07
1.9913	1.07871e-06
2.02266	1.30608e-06
2.05402	9.93712e-07
2.08538	4.95783e-07
2.11674	8.36245e-09
2.1481	-3.76298e-07
2.17946	-6.29865e-07
2.21082	-7.5976e-07
2.24218	-7.90214e-07
2.27353	-7.50462e-07
2.30489	-6.67872e-07
2.33625	-5.64736e-07
2.36761	-4.57107e-07
2.39897	-3.55049e-07
2.43033	-2.63211e-07
2.46169	-1.81539e-07
2.49305	-1.05071e-07
2.50873	-5.93844e-08
