-0.0156795	0.00666378
0.0156795	0.00666378
0.0470386	0.00671266
0.0783977	0.0068104
0.109757	0.00695705
0.141116	0.00715278
0.172475	0.00739808
0.203834	0.00769397
0.235193	0.00804217
0.266552	0.00844542
0.297911	0.00890774
0.32927	0.00943467
0.36063	0.0100336
0.391989	0.0107138
0.423348	0.0114868
0.454707	0.0123664
0.486066	0.0133686
0.517425	0.0145114
0.548784	0.0158147
0.580143	0.0172997
0.611502	0.0189885
0.642861	0.0209029
0.674221	0.023064
0.70558	0.0254908
0.736939	0.0281989
0.768298	0.0311995
0.799657	0.0344978
0.831016	0.0380917
0.862375	0.0419708
0.893734	0.046115
0.925093	0.0504942
0.956452	0.0550674
0.987811	0.0597826
1.01917	0.0645776
1.05053	0.0693807
1.08189	0.0741118
1.11325	0.0786845
1.14461	0.0830086
1.17597	0.0869921
1.20733	0.090545
1.23868	0.0935817
1.27004	0.0960241
1.3014	0.0978051
1.33276	0.0988705
1.36412	0.0991817
1.39548	0.0987172
1.42684	0.0974735
1.4582	0.0954656
1.48956	0.0927264
1.52092	0.0893057
1.55228	0.0852685
1.58363	0.0806925
1.61499	0.0756656
1.64635	0.0702826
1.67771	0.0646423
1.70907	0.0588442
1.74043	0.0529853
1.77179	0.0471576
1.80315	0.0414459
1.83451	0.0359254
1.86587	0.0306607
1.89723	0.0257048
1.92858	0.0210989
1.95994	0.0168723
1.9913	0.0130429
2.02266	0.00959441
2.05402	0.00645275
2.08538	0.00362786
2.11674	0.00112251
2.1481	-0.00106731
2.17946	-0.0029519
2.21082	-0.00454709
2.24218	-0.00587341
2.27353	-0.00695505
2.30489	-0.00781883
2.33625	-0.008493
2.36761	-0.00900608
2.39897	-0.00938554
2.43033	-0.00965644
2.46169	-0.00983972
2.49305	-0.00995019
2.50873	-0.00997032
