-0.0156795	-3.52366e-19
0.0156795	-3.52366e-19
0.0470386	1.46367e-18
0.0783977	3.08998e-18
0.109757	-7.31836e-18
0.141116	-1.84314e-18
0.172475	2.1684e-19
0.203834	1.73472e-18
0.235193	-6.93889e-18
0.266552	-1.95156e-18
0.297911	-4.33681e-19
0.32927	1.73472e-18
0.36063	-2.1684e-18
0.391989	-4.33681e-18
0.423348	-8.67362e-18
0.454707	7.80626e-18
0.486066	-1.30104e-17
0.517425	1.73472e-18
0.548784	-1.38778e-17
0.580143	1.04083e-17
0.611502	-3.46945e-18
0.642861	-2.08167e-17
0.674221	6.93889e-18
0.70558	3.57122e-11
0.736939	1.63658e-10
0.768298	3.46165e-10
0.799657	5.9238e-10
0.831016	9.58781e-10
0.862375	1.51391e-09
0.893734	2.39125e-09
0.925093	3.75622e-09
0.956452	5.88779e-09
0.987811	9.17611e-09
1.01917	1.42116e-08
1.05053	2.18644e-08
1.08189	3.33884e-08
1.11325	5.06187e-08
1.14461	7.61668e-08
1.17597	1.13753e-07
1.20733	1.68623e-07
1.23868	2.48087e-07
1.27004	3.6228e-07
1.3014	5.25096e-07
1.33276	7.55419e-07
1.36412	1.07871e-06
1.39548	1.52893e-06
1.42684	2.15105e-06
1.4582	3.00397e-06
1.48956	4.16421e-06
1.52092	5.73017e-06
1.55228	7.82726e-06
1.58363	1.06137e-05
1.61499	1.42873e-05
1.64635	1.90927e-05
1.67771	2.53297e-05
1.70907	3.33616e-05
1.74043	4.36245e-05
1.77179	5.66361e-05
1.80315	7.30043e-05
1.83451	9.34349e-05
1.86587	0.000118738
1.89723	0.000149833
1.92858	0.000187748
1.95994	0.000233623
1.9913	0.000288698
2.02266	0.000336635
2.05402	0.000327097
2.08538	0.000277025
2.11674	0.000201779
2.1481	0.000114577
2.17946	2.61702e-05
2.21082	-5.52728e-05
2.24218	-0.000124074
2.27353	-0.000176797
2.30489	-0.000211861
2.33625	-0.000229058
2.36761	-0.000228982
2.39897	-0.000212386
2.43033	-0.000179432
2.46169	-0.000128797
2.49305	-5.64808e-05
2.50873	-1.83938e-06
