-0.0156795	-7.52843e-18
0.0156795	-7.52843e-18
0.0470386	3.07642e-18
0.0783977	2.64274e-18
0.109757	-7.03376e-18
0.141116	7.77915e-18
0.172475	-8.45678e-18
0.203834	1.82146e-17
0.235193	-1.84314e-17
0.266552	4.77049e-18
0.297911	-6.28837e-18
0.32927	4.11997e-18
0.36063	-6.61363e-18
0.391989	-6.07153e-18
0.423348	5.42101e-18
0.454707	-1.04083e-17
0.486066	1.82146e-17
0.517425	-2.0383e-17
0.548784	-4.33681e-18
0.580143	3.57122e-11
0.611502	1.63658e-10
0.642861	3.46165e-10
0.674221	5.9238e-10
0.70558	9.58781e-10
0.736939	1.51391e-09
0.768298	2.39125e-09
0.799657	3.75622e-09
0.831016	5.88779e-09
0.862375	9.17611e-09
0.893734	1.42116e-08
0.925093	2.18644e-08
0.956452	3.33884e-08
0.987811	5.06187e-08
1.01917	7.61668e-08
1.05053	1.13753e-07
1.08189	1.68623e-07
1.11325	2.48087e-07
1.14461	3.6228e-07
1.17597	5.25096e-07
1.20733	7.55419e-07
1.23868	1.07871e-06
1.27004	1.52893e-06
1.3014	2.15105e-06
1.33276	3.00397e-06
1.36412	4.16421e-06
1.39548	5.73017e-06
1.42684	7.82726e-06
1.4582	1.06137e-05
1.48956	1.42873e-05
1.52092	1.90927e-05
1.55228	2.53297e-05
1.58363	3.33616e-05
1.61499	4.36245e-05
1.64635	5.66361e-05
1.67771	7.30043e-05
1.70907	9.34349e-05
1.74043	0.000118738
1.77179	0.000149833
1.80315	0.000187748
1.83451	0.000233623
1.86587	0.000288698
1.89723	0.00035431
1.92858	0.000431872
1.95994	0.000522856
1.9913	0.00062877
2.02266	0.000724153
2.05402	0.000726098
2.08538	0.000653755
2.11674	0.000527325
2.1481	0.000366741
2.17946	0.000190563
2.21082	1.51314e-05
2.24218	-0.000145976
2.27353	-0.000282164
2.30489	-0.000385705
2.33625	-0.0004513
2.36761	-0.000475307
2.39897	-0.000454621
2.43033	-0.000385169
2.46169	-0.00025992
2.49305	-6.62261e-05
2.50873	8.42198e-05
