-0.0156795	0.0403034
0.0156795	0.0403034
0.0470386	0.040429
0.0783977	0.0406848
0.109757	0.04108
0.141116	0.0416278
0.172475	0.0423446
0.203834	0.043249
0.235193	0.044361
0.266552	0.0457003
0.297911	0.0472853
0.32927	0.049131
0.36063	0.051248
0.391989	0.0536406
0.423348	0.0563054
0.454707	0.0592304
0.486066	0.0623933
0.517425	0.0657614
0.548784	0.069291
0.580143	0.0729276
0.611502	0.0766067
0.642861	0.0802547
0.674221	0.0837907
0.70558	0.0871284
0.736939	0.0901791
0.768298	0.092854
0.799657	0.0950675
0.831016	0.0967404
0.862375	0.0978026
0.893734	0.0981963
0.925093	0.0978782
0.956452	0.0968212
0.987811	0.0950163
1.01917	0.0924727
1.05053	0.0892179
1.08189	0.0852971
1.11325	0.0807714
1.14461	0.0757158
1.17597	0.0702167
1.20733	0.0643688
1.23868	0.058272
1.27004	0.0520283
1.3014	0.0457381
1.33276	0.0394981
1.36412	0.0333977
1.39548	0.0275179
1.42684	0.0219286
1.4582	0.0166883
1.48956	0.0118432
1.52092	0.00742679
1.55228	0.00346079
1.58363	-4.44832e-05
1.61499	-0.00308897
1.64635	-0.00568155
1.67771	-0.00783868
1.70907	-0.00958293
1.74043	-0.0109415
1.77179	-0.0119449
1.80315	-0.0126257
1.83451	-0.0130175
1.86587	-0.013154
1.89723	-0.013068
1.92858	-0.0127913
1.95994	-0.0123542
1.9913	-0.0117848
2.02266	-0.0111046
2.05402	-0.0103172
2.08538	-0.00944
2.11674	-0.00849075
2.1481	-0.00748741
2.17946	-0.00644835
2.21082	-0.00539241
2.24218	-0.00433903
2.27353	-0.00330836
2.30489	-0.00232142
2.33625	-0.00140015
2.36761	-0.000567609
2.39897	0.00015199
2.43033	0.000733164
2.46169	0.00114912
2.49305	0.00137177
2.50873	0.00137177
