-0.0156795	0.145948
0.0156795	0.145948
0.0470386	0.145335
0.0783977	0.144113
0.109757	0.142291
0.141116	0.139884
0.172475	0.136911
0.203834	0.133399
0.235193	0.129378
0.266552	0.124886
0.297911	0.119969
0.32927	0.114677
0.36063	0.109067
0.391989	0.1032
0.423348	0.097142
0.454707	0.0909613
0.486066	0.0847272
0.517425	0.0785085
0.548784	0.0723716
0.580143	0.0663792
0.611502	0.0605883
0.642861	0.0550494
0.674221	0.0498049
0.70558	0.0448888
0.736939	0.0403262
0.768298	0.036133
0.799657	0.0323164
0.831016	0.0288754
0.862375	0.0258014
0.893734	0.0230795
0.925093	0.0206894
0.956452	0.0186067
0.987811	0.0168039
1.01917	0.0152517
1.05053	0.0139202
1.08189	0.0127796
1.11325	0.0118011
1.14461	0.0109577
1.17597	0.0102247
1.20733	0.00957974
1.23868	0.00900356
1.27004	0.00847962
1.3014	0.00799428
1.33276	0.00753665
1.36412	0.00709839
1.39548	0.00667345
1.42684	0.00625781
1.4582	0.00584914
1.48956	0.00544653
1.52092	0.00505015
1.55228	0.004661
1.58363	0.00428062
1.61499	0.00391087
1.64635	0.00355377
1.67771	0.00321129
1.70907	0.00288523
1.74043	0.00257717
1.77179	0.00228836
1.80315	0.0020197
1.83451	0.00177175
1.86587	0.0015447
1.89723	0.00133842
1.92858	0.00115251
1.95994	0.000986298
1.9913	0.00083891
2.02266	0.000708417
2.05402	0.000591001
2.08538	0.000486208
2.11674	0.00039346
2.1481	0.000312082
2.17946	0.000241321
2.21082	0.000180372
2.24218	0.000128406
2.27353	8.45937e-05
2.30489	4.81282e-05
2.33625	1.82505e-05
2.36761	-5.72544e-06
2.39897	-2.43872e-05
2.43033	-3.81922e-05
2.46169	-4.74289e-05
2.49305	-5.21636e-05
2.50873	-5.21636e-05
