-0.0156795	9.89438e-06
0.0156795	9.89438e-06
0.0470386	1.08312e-05
0.0783977	1.27648e-05
0.109757	1.58163e-05
0.141116	2.01714e-05
0.172475	2.60851e-05
0.203834	3.38867e-05
0.235193	4.39868e-05
0.266552	5.68842e-05
0.297911	7.31729e-05
0.32927	9.35486e-05
0.36063	0.000118814
0.391989	0.000149883
0.423348	0.000187782
0.454707	0.000233645
0.486066	0.000288713
0.517425	0.000354319
0.548784	0.000431877
0.580143	0.00052286
0.611502	0.000628772
0.642861	0.000751126
0.674221	0.000891404
0.70558	0.00105102
0.736939	0.0012313
0.768298	0.0014334
0.799657	0.00165835
0.831016	0.00190693
0.862375	0.00217975
0.893734	0.00247716
0.925093	0.00279931
0.956452	0.00314618
0.987811	0.0035176
1.01917	0.00391335
1.05053	0.00433324
1.08189	0.0047773
1.11325	0.00524584
1.14461	0.00573974
1.17597	0.00626056
1.20733	0.00681087
1.23868	0.0073944
1.27004	0.00801634
1.3014	0.00868355
1.33276	0.0094048
1.36412	0.0101909
1.39548	0.0110549
1.42684	0.0120121
1.4582	0.0130799
1.48956	0.0142778
1.52092	0.0156269
1.55228	0.0171499
1.58363	0.0188697
1.61499	0.0208094
1.64635	0.022991
1.67771	0.0254342
1.70907	0.0281553
1.74043	0.0311662
1.77179	0.0344725
1.80315	0.0380726
1.83451	0.0419565
1.86587	0.0461044
1.89723	0.0504864
1.92858	0.0550616
1.95994	0.0597784
1.9913	0.0645746
2.02266	0.0694224
2.05402	0.0744095
2.08538	0.0794688
2.11674	0.0845211
2.1481	0.0894762
2.17946	0.0942333
2.21082	0.0986829
2.24218	0.102708
2.27353	0.106188
2.30489	0.108998
2.33625	0.111013
2.36761	0.112109
2.39897	0.112163
2.43033	0.111055
2.46169	0.108668
2.49305	0.104882
2.50873	0.102215
