-0.0156795	-8.67362e-19
0.0156795	-8.67362e-19
0.0470386	3.25261e-19
0.0783977	1.84314e-18
0.109757	-2.1684e-19
0.141116	-9.97466e-18
0.172475	9.32414e-18
0.203834	-1.17094e-17
0.235193	8.67362e-18
0.266552	-1.12757e-17
0.297911	5.20417e-18
0.32927	6.07153e-18
0.36063	-1.30104e-17
0.391989	1.56125e-17
0.423348	-2.25514e-17
0.454707	2.77556e-17
0.486066	-1.38778e-17
0.517425	-1.04083e-17
0.548784	1.73472e-17
0.580143	-2.77556e-17
0.611502	3.46945e-17
0.642861	-4.85723e-17
0.674221	4.85723e-17
0.70558	-2.08167e-17
0.736939	6.93889e-18
0.768298	1.38778e-17
0.799657	4.85723e-17
0.831016	3.57122e-11
0.862375	1.63658e-10
0.893734	3.46165e-10
0.925093	5.9238e-10
0.956452	9.58781e-10
0.987811	1.51391e-09
1.01917	2.39125e-09
1.05053	3.75622e-09
1.08189	5.88779e-09
1.11325	9.17611e-09
1.14461	1.42116e-08
1.17597	2.18644e-08
1.20733	3.33884e-08
1.23868	5.06187e-08
1.27004	7.61668e-08
1.3014	1.13753e-07
1.33276	1.68623e-07
1.36412	2.48087e-07
1.39548	3.6228e-07
1.42684	5.25096e-07
1.4582	7.55419e-07
1.48956	1.07871e-06
1.52092	1.52893e-06
1.55228	2.15105e-06
1.58363	3.00397e-06
1.61499	4.16421e-06
1.64635	5.73017e-06
1.67771	7.82726e-06
1.70907	1.06137e-05
1.74043	1.42873e-05
1.77179	1.90927e-05
1.80315	2.53297e-05
1.83451	3.33616e-05
1.86587	4.36245e-05
1.89723	5.66361e-05
1.92858	7.30043e-05
1.95994	9.34349e-05
1.9913	0.000118738
2.02266	0.000139975
2.05402	0.000131042
2.08538	0.00010329
2.11674	6.59079e-05
2.1481	2.59361e-05
2.17946	-1.15979e-05
2.21082	-4.34498e-05
2.24218	-6.7868e-05
2.27353	-8.42718e-05
2.30489	-9.29221e-05
2.33625	-9.4602e-05
2.36761	-9.03176e-05
2.39897	-8.10145e-05
2.43033	-6.72965e-05
2.46169	-4.91113e-05
2.49305	-2.53414e-05
2.50873	-8.03921e-06
