-0.0156795	0
0.0156795	0
0.0470386	2.77556e-17
0.0783977	-2.77556e-17
0.109757	2.77556e-17
0.141116	2.77556e-17
0.172475	0
0.203834	0
0.235193	0
0.266552	0
0.297911	-5.55112e-17
0.32927	2.77556e-17
0.36063	-4.16334e-17
0.391989	2.77556e-17
0.423348	1.38778e-17
0.454707	1.38778e-17
0.486066	0
0.517425	2.77556e-17
0.548784	1.38778e-17
0.580143	1.38778e-17
0.611502	1.38778e-17
0.642861	-2.08167e-17
0.674221	6.93889e-18
0.70558	-6.93889e-18
0.736939	-3.46945e-18
0.768298	1.04083e-17
0.799657	-3.46945e-18
0.831016	-3.46945e-18
0.862375	6.93889e-18
0.893734	-1.73472e-18
0.925093	-6.93889e-18
0.956452	5.20417e-18
0.987811	-9.54098e-18
1.01917	0
1.05053	-6.07153e-18
1.08189	3.90313e-18
1.11325	-7.37257e-18
1.14461	2.60209e-18
1.17597	2.81893e-18
1.20733	-1.73472e-18
1.23868	1.0842e-18
1.27004	1.19262e-18
1.3014	-6.50521e-19
1.33276	3.79471e-19
1.36412	1.13841e-18
1.39548	-2.71051e-20
1.42684	5.42101e-20
1.4582	5.14996e-19
1.48956	2.71051e-20
1.52092	-6.77626e-21
1.55228	2.1684e-19
1.58363	-1.69407e-20
1.61499	1.01644e-20
1.64635	8.47033e-20
1.67771	3.38813e-21
1.70907	-1.69407e-21
1.74043	1.60936e-20
1.77179	-2.11758e-21
1.80315	2.96462e-21
1.83451	-2.5411e-21
1.86587	3.57122e-11
1.89723	1.63658e-10
1.92858	3.46165e-10
1.95994	5.9238e-10
1.9913	9.58781e-10
2.02266	1.14303e-09
2.05402	6.27512e-10
2.08538	3.39604e-11
2.11674	-3.97306e-10
2.1481	-6.58928e-10
2.17946	-7.11761e-10
2.21082	-6.15574e-10
2.24218	-4.78712e-10
2.27353	-3.48902e-10
2.30489	-2.43043e-10
2.33625	-1.63579e-10
2.36761	-1.07044e-10
2.39897	-6.8088e-11
2.43033	-4.12785e-11
2.46169	-2.2407e-11
2.49305	-7.90425e-12
2.50873	5.17296e-13
