-0.0156795	0.00568904
0.0156795	0.00568904
0.0470386	0.0064223
0.0783977	0.00787983
0.109757	0.0100435
0.141116	0.0128859
0.172475	0.0163698
0.203834	0.020448
0.235193	0.0250631
0.266552	0.0301472
0.297911	0.0356224
0.32927	0.0414014
0.36063	0.0473882
0.391989	0.0534794
0.423348	0.0595665
0.454707	0.0655378
0.486066	0.0712812
0.517425	0.0766869
0.548784	0.0816504
0.580143	0.086076
0.611502	0.089879
0.642861	0.0929889
0.674221	0.0953513
0.70558	0.0969297
0.736939	0.0977065
0.768298	0.097683
0.799657	0.0968798
0.831016	0.0953347
0.862375	0.0931017
0.893734	0.0902487
0.925093	0.0868542
0.956452	0.0830051
0.987811	0.0787929
1.01917	0.074311
1.05053	0.0696514
1.08189	0.0649024
1.11325	0.0601457
1.14461	0.0554549
1.17597	0.050894
1.20733	0.0465164
1.23868	0.0423646
1.27004	0.03847
1.3014	0.0348539
1.33276	0.0315275
1.36412	0.0284936
1.39548	0.0257476
1.42684	0.0232784
1.4582	0.0210706
1.48956	0.0191049
1.52092	0.01736
1.55228	0.0158134
1.58363	0.0144423
1.61499	0.0132246
1.64635	0.0121392
1.67771	0.011167
1.70907	0.0102906
1.74043	0.00949491
1.77179	0.00876695
1.80315	0.00809596
1.83451	0.00747323
1.86587	0.00689193
1.89723	0.00634688
1.92858	0.00583436
1.95994	0.00535183
1.9913	0.00489772
2.02266	0.00446818
2.05402	0.00405301
2.08538	0.00365323
2.11674	0.00327021
2.1481	0.00290558
2.17946	0.00256112
2.21082	0.00223866
2.24218	0.00194006
2.27353	0.00166708
2.30489	0.00142141
2.33625	0.00120466
2.36761	0.00101843
2.39897	0.000864372
2.43033	0.000744398
2.46169	0.000660876
2.49305	0.000616955
2.50873	0.000616955
