-0.0156795	-6.93889e-18
0.0156795	-6.93889e-18
0.0470386	1.73472e-18
0.0783977	-1.9082e-17
0.109757	2.60209e-17
0.141116	-2.08167e-17
0.172475	-3.46945e-18
0.203834	1.38778e-17
0.235193	-3.46945e-17
0.266552	4.16334e-17
0.297911	-5.55112e-17
0.32927	6.245e-17
0.36063	-2.08167e-17
0.391989	1.38778e-17
0.423348	2.77556e-17
0.454707	4.85723e-17
0.486066	-4.16334e-17
0.517425	5.55112e-17
0.548784	-1.38778e-17
0.580143	4.16334e-17
0.611502	-6.93889e-17
0.642861	8.32667e-17
0.674221	-6.93889e-17
0.70558	5.55112e-17
0.736939	-1.38778e-17
0.768298	0
0.799657	1.38778e-17
0.831016	4.16334e-17
0.862375	-2.77556e-17
0.893734	4.16334e-17
0.925093	-1.38778e-17
0.956452	2.77556e-17
0.987811	-1.38778e-17
1.01917	0
1.05053	-1.38778e-17
1.08189	1.38778e-17
1.11325	-1.38778e-17
1.14461	2.77556e-17
1.17597	3.57122e-11
1.20733	1.63658e-10
1.23868	3.46165e-10
1.27004	5.9238e-10
1.3014	9.58781e-10
1.33276	1.51391e-09
1.36412	2.39125e-09
1.39548	3.75622e-09
1.42684	5.88779e-09
1.4582	9.17611e-09
1.48956	1.42116e-08
1.52092	2.18644e-08
1.55228	3.33884e-08
1.58363	5.06187e-08
1.61499	7.61668e-08
1.64635	1.13753e-07
1.67771	1.68623e-07
1.70907	2.48087e-07
1.74043	3.6228e-07
1.77179	5.25096e-07
1.80315	7.55419e-07
1.83451	1.07871e-06
1.86587	1.52893e-06
1.89723	2.15105e-06
1.92858	3.00397e-06
1.95994	4.16421e-06
1.9913	5.73017e-06
2.02266	6.90132e-06
2.05402	5.66071e-06
2.08538	3.39363e-06
2.11674	9.62237e-07
2.1481	-1.15268e-06
2.17946	-2.73439e-06
2.21082	-3.73719e-06
2.24218	-4.21569e-06
2.27353	-4.27362e-06
2.30489	-4.02917e-06
2.33625	-3.59305e-06
2.36761	-3.05641e-06
2.39897	-2.48493e-06
2.43033	-1.91648e-06
2.46169	-1.35893e-06
2.49305	-7.84892e-07
2.50873	-4.18327e-07
