-0.0156795	-0.0109619
0.0156795	-0.0109619
0.0470386	-0.010832
0.0783977	-0.0105682
0.109757	-0.0101625
0.141116	-0.00960316
0.172475	-0.00887477
0.203834	-0.00795874
0.235193	-0.00683371
0.266552	-0.00547608
0.297911	-0.00386084
0.32927	-0.00196243
0.36063	0.000244194
0.391989	0.00278231
0.423348	0.00567211
0.454707	0.00892922
0.486066	0.0125632
0.517425	0.0165762
0.548784	0.0209615
0.580143	0.025702
0.611502	0.0307701
0.642861	0.0361261
0.674221	0.0417188
0.70558	0.0474854
0.736939	0.0533526
0.768298	0.0592375
0.799657	0.0650499
0.831016	0.0706946
0.862375	0.0760736
0.893734	0.0810899
0.925093	0.0856499
0.956452	0.089667
0.987811	0.0930647
1.01917	0.095779
1.05053	0.0977609
1.08189	0.0989783
1.11325	0.0994168
1.14461	0.0990805
1.17597	0.0979914
1.20733	0.0961885
1.23868	0.0937261
1.27004	0.0906718
1.3014	0.0871037
1.33276	0.0831075
1.36412	0.0787736
1.39548	0.0741937
1.42684	0.0694582
1.4582	0.0646535
1.48956	0.0598595
1.52092	0.055148
1.55228	0.050581
1.58363	0.0462104
1.61499	0.0420769
1.64635	0.0382105
1.67771	0.034631
1.70907	0.0313486
1.74043	0.0283648
1.77179	0.0256742
1.80315	0.0232651
1.83451	0.0211214
1.86587	0.0192237
1.89723	0.0175504
1.92858	0.016079
1.95994	0.014787
1.9913	0.0136528
2.02266	0.0126491
2.05402	0.0117363
2.08538	0.0109026
2.11674	0.010137
2.1481	0.00942996
2.17946	0.00877351
2.21082	0.00816177
2.24218	0.00759098
2.27353	0.00705972
2.30489	0.00656893
2.33625	0.00612193
2.36761	0.00572434
2.39897	0.00538393
2.43033	0.00511041
2.46169	0.00491511
2.49305	0.00481066
2.50873	0.00481066
