-0.0156795	-0.00390962
0.0156795	-0.00390962
0.0470386	-0.00395187
0.0783977	-0.00403473
0.109757	-0.00415486
0.141116	-0.00430729
0.172475	-0.00448528
0.203834	-0.00468034
0.235193	-0.00488218
0.266552	-0.00507859
0.297911	-0.0052554
0.32927	-0.00539642
0.36063	-0.00548334
0.391989	-0.00549571
0.423348	-0.00541093
0.454707	-0.0052043
0.486066	-0.00484916
0.517425	-0.00431708
0.548784	-0.00357825
0.580143	-0.00260197
0.611502	-0.00135724
0.642861	0.000186362
0.674221	0.00205772
0.70558	0.00428306
0.736939	0.00688469
0.768298	0.0098796
0.799657	0.0132781
0.831016	0.0170824
0.862375	0.0212854
0.893734	0.0258693
0.925093	0.0308053
0.956452	0.0360525
0.987811	0.041558
1.01917	0.0472574
1.05053	0.0530754
1.08189	0.0589276
1.11325	0.064722
1.14461	0.0703614
1.17597	0.0757466
1.20733	0.0807788
1.23868	0.0853631
1.27004	0.0894116
1.3014	0.0928468
1.33276	0.0956035
1.36412	0.0976321
1.39548	0.0988996
1.42684	0.0993912
1.4582	0.0991104
1.48956	0.098079
1.52092	0.0963359
1.55228	0.0939354
1.58363	0.0909452
1.61499	0.0874437
1.64635	0.0835171
1.67771	0.0792564
1.70907	0.0747543
1.74043	0.0701021
1.77179	0.0653875
1.80315	0.0606919
1.83451	0.0560886
1.86587	0.0516418
1.89723	0.047405
1.92858	0.0434215
1.95994	0.0397237
1.9913	0.0363337
2.02266	0.0332426
2.05402	0.0303885
2.08538	0.0277838
2.11674	0.0254348
2.1481	0.0233422
2.17946	0.0215013
2.21082	0.019903
2.24218	0.0185342
2.27353	0.017379
2.30489	0.0164198
2.33625	0.015638
2.36761	0.0150154
2.39897	0.0145353
2.43033	0.0141835
2.46169	0.0139501
2.49305	0.0138312
2.50873	0.0138312
