-0.0156795	0
0.0156795	0
0.0470386	3.46945e-18
0.0783977	3.46945e-18
0.109757	-6.93889e-18
0.141116	1.38778e-17
0.172475	0
0.203834	3.1225e-17
0.235193	-4.16334e-17
0.266552	5.55112e-17
0.297911	-6.93889e-18
0.32927	1.38778e-17
0.36063	3.46945e-17
0.391989	4.16334e-17
0.423348	-4.16334e-17
0.454707	8.32667e-17
0.486066	0
0.517425	6.93889e-17
0.548784	-6.93889e-17
0.580143	8.32667e-17
0.611502	-4.16334e-17
0.642861	5.55112e-17
0.674221	-2.77556e-17
0.70558	2.77556e-17
0.736939	-1.38778e-17
0.768298	5.55112e-17
0.799657	-4.16334e-17
0.831016	4.16334e-17
0.862375	0
0.893734	1.38778e-17
0.925093	-1.38778e-17
0.956452	1.38778e-17
0.987811	-1.38778e-17
1.01917	0
1.05053	1.38778e-17
1.08189	0
1.11325	-5.55112e-17
1.14461	2.08167e-17
1.17597	-6.93889e-18
1.20733	-3.46945e-17
1.23868	3.57122e-11
1.27004	1.63658e-10
1.3014	3.46165e-10
1.33276	5.9238e-10
1.36412	9.58781e-10
1.39548	1.51391e-09
1.42684	2.39125e-09
1.4582	3.75622e-09
1.48956	5.88779e-09
1.52092	9.17611e-09
1.55228	1.42116e-08
1.58363	2.18644e-08
1.61499	3.33884e-08
1.64635	5.06187e-08
1.67771	7.61668e-08
1.70907	1.13753e-07
1.74043	1.68623e-07
1.77179	2.48087e-07
1.80315	3.6228e-07
1.83451	5.25096e-07
1.86587	7.55419e-07
1.89723	1.07871e-06
1.92858	1.52893e-06
1.95994	2.15105e-06
1.9913	3.00397e-06
2.02266	3.62684e-06
2.05402	2.89016e-06
2.08538	1.62001e-06
2.11674	3.07114e-07
2.1481	-7.9201e-07
2.17946	-1.57562e-06
2.21082	-2.03665e-06
2.24218	-2.21934e-06
2.27353	-2.18961e-06
2.30489	-2.01612e-06
2.33625	-1.75951e-06
2.36761	-1.46708e-06
2.39897	-1.17116e-06
2.43033	-8.89204e-07
2.46169	-6.2388e-07
2.49305	-3.61374e-07
2.50873	-1.98038e-07
