-0.0156795	-0.0116017
0.0156795	-0.0116017
0.0470386	-0.0113538
0.0783977	-0.0108539
0.109757	-0.0100939
0.141116	-0.00906217
0.172475	-0.00774415
0.203834	-0.00612299
0.235193	-0.00418058
0.266552	-0.00189864
0.297911	0.000739979
0.32927	0.00374991
0.36063	0.0071418
0.391989	0.0109207
0.423348	0.0150848
0.454707	0.0196237
0.486066	0.0245174
0.517425	0.0297355
0.548784	0.0352361
0.580143	0.0409662
0.611502	0.0468616
0.642861	0.0528479
0.674221	0.0588414
0.70558	0.0647517
0.736939	0.0704833
0.768298	0.0759384
0.799657	0.0810202
0.831016	0.0856357
0.862375	0.0896989
0.893734	0.0931339
0.925093	0.0958775
0.956452	0.0978816
0.987811	0.0991146
1.01917	0.0995631
1.05053	0.0992317
1.08189	0.0981433
1.11325	0.0963373
1.14461	0.0938688
1.17597	0.0908058
1.20733	0.0872268
1.23868	0.083218
1.27004	0.0788699
1.3014	0.0742748
1.33276	0.0695232
1.36412	0.0647018
1.39548	0.0598905
1.42684	0.0551613
1.4582	0.0505765
1.48956	0.0461878
1.52092	0.0420361
1.55228	0.0381514
1.58363	0.0345535
1.61499	0.0312525
1.64635	0.0282499
1.67771	0.0255401
1.70907	0.0231114
1.74043	0.0209474
1.77179	0.0190283
1.80315	0.0173323
1.83451	0.0158365
1.86587	0.0145178
1.89723	0.013354
1.92858	0.012324
1.95994	0.0114089
1.9913	0.0105914
2.02266	0.00985167
2.05402	0.00916109
2.08538	0.00851172
2.11674	0.00789707
2.1481	0.00731224
2.17946	0.00675401
2.21082	0.00622095
2.24218	0.00571336
2.27353	0.00523335
2.30489	0.00478472
2.33625	0.00437291
2.36761	0.0040049
2.39897	0.00368907
2.43033	0.00343509
2.46169	0.00325374
2.49305	0.00315679
2.50873	0.00315679
