-0.0156795	1.38778e-17
0.0156795	1.38778e-17
0.0470386	1.11022e-16
0.0783977	-4.16334e-17
0.109757	6.93889e-17
0.141116	-5.55112e-17
0.172475	6.93889e-17
0.203834	-5.55112e-17
0.235193	5.55112e-17
0.266552	0
0.297911	4.16334e-17
0.32927	-1.38778e-17
0.36063	8.32667e-17
0.391989	-4.16334e-17
0.423348	5.55112e-17
0.454707	-4.16334e-17
0.486066	2.77556e-17
0.517425	0
0.548784	2.77556e-17
0.580143	0
0.611502	1.38778e-17
0.642861	2.77556e-17
0.674221	2.77556e-17
0.70558	-2.77556e-17
0.736939	2.77556e-17
0.768298	2.77556e-17
0.799657	-2.08167e-17
0.831016	3.46945e-17
0.862375	-1.38778e-17
0.893734	6.93889e-18
0.925093	-3.46945e-18
0.956452	-2.77556e-17
0.987811	2.08167e-17
1.01917	-3.81639e-17
1.05053	-1.04083e-17
1.08189	-1.04083e-17
1.11325	-1.73472e-17
1.14461	-1.21431e-17
1.17597	1.73472e-18
1.20733	-1.9082e-17
1.23868	-5.20417e-18
1.27004	-1.04083e-17
1.3014	4.33681e-19
1.33276	-9.54098e-18
1.36412	4.33681e-19
1.39548	2.1684e-19
1.42684	-1.73472e-18
1.4582	1.40946e-18
1.48956	-1.0842e-19
1.52092	-5.42101e-19
1.55228	5.42101e-19
1.58363	3.79471e-19
1.61499	-2.71051e-20
1.64635	3.57122e-11
1.67771	1.63658e-10
1.70907	3.46165e-10
1.74043	5.9238e-10
1.77179	9.58781e-10
1.80315	1.51391e-09
1.83451	2.39125e-09
1.86587	3.75622e-09
1.89723	5.88779e-09
1.92858	9.17611e-09
1.95994	1.42116e-08
1.9913	2.18644e-08
2.02266	2.65172e-08
2.05402	1.6808e-08
2.08538	4.35921e-09
2.11674	-5.81068e-09
2.1481	-1.22363e-08
2.17946	-1.51706e-08
2.21082	-1.54818e-08
2.24218	-1.41686e-08
2.27353	-1.20226e-08
2.30489	-9.66346e-09
2.33625	-7.45203e-09
2.36761	-5.47803e-09
2.39897	-3.83161e-09
2.43033	-2.55458e-09
2.46169	-1.59609e-09
2.49305	-8.50658e-10
2.50873	-4.65587e-10
