-0.0156795	0.000212173
0.0156795	0.000212173
0.0470386	0.000222837
0.0783977	0.000244384
0.109757	0.000277247
0.141116	0.00032206
0.172475	0.00037964
0.203834	0.000450964
0.235193	0.000537143
0.266552	0.000639384
0.297911	0.000758952
0.32927	0.000897133
0.36063	0.00105519
0.391989	0.0012343
0.423348	0.00143556
0.454707	0.00165988
0.486066	0.00190801
0.517425	0.0021805
0.548784	0.00247768
0.580143	0.00279967
0.611502	0.00314643
0.642861	0.00351777
0.674221	0.00391346
0.70558	0.00433332
0.736939	0.00477735
0.768298	0.00524588
0.799657	0.00573976
0.831016	0.00626058
0.862375	0.00681088
0.893734	0.00739441
0.925093	0.00801634
0.956452	0.00868355
0.987811	0.0094048
1.01917	0.0101909
1.05053	0.0110549
1.08189	0.0120121
1.11325	0.0130799
1.14461	0.0142778
1.17597	0.0156269
1.20733	0.0171499
1.23868	0.0188697
1.27004	0.0208094
1.3014	0.022991
1.33276	0.0254342
1.36412	0.0281553
1.39548	0.0311662
1.42684	0.0344725
1.4582	0.0380726
1.48956	0.0419565
1.52092	0.0461044
1.55228	0.0504864
1.58363	0.0550616
1.61499	0.0597784
1.64635	0.0645746
1.67771	0.0693786
1.70907	0.0741103
1.74043	0.0786835
1.77179	0.0830078
1.80315	0.0869916
1.83451	0.0905447
1.86587	0.0935814
1.89723	0.0960239
1.92858	0.097805
1.95994	0.0988704
1.9913	0.0991816
2.02266	0.0987148
2.05402	0.0974285
2.08538	0.095288
2.11674	0.0922788
2.1481	0.0884102
2.17946	0.0837182
2.21082	0.0782687
2.24218	0.0721588
2.27353	0.0655187
2.30489	0.0585113
2.33625	0.0513312
2.36761	0.0442023
2.39897	0.0373732
2.43033	0.0311114
2.46169	0.0256944
2.49305	0.0213983
2.50873	0.0199833
