-0.0156795	0.0299292
0.0156795	0.0299292
0.0470386	0.0299799
0.0783977	0.0300846
0.109757	0.03025
0.141116	0.0304861
0.172475	0.0308057
0.203834	0.0312247
0.235193	0.0317611
0.266552	0.0324352
0.297911	0.0332686
0.32927	0.0342839
0.36063	0.0355035
0.391989	0.0369492
0.423348	0.0386406
0.454707	0.0405943
0.486066	0.0428228
0.517425	0.0453328
0.548784	0.0481243
0.580143	0.0511897
0.611502	0.054512
0.642861	0.0580647
0.674221	0.061811
0.70558	0.0657037
0.736939	0.0696853
0.768298	0.0736889
0.799657	0.0776392
0.831016	0.0814542
0.862375	0.0850473
0.893734	0.0883298
0.925093	0.0912133
0.956452	0.0936134
0.987811	0.0954521
1.01917	0.0966608
1.05053	0.0971833
1.08189	0.0969781
1.11325	0.0960198
1.14461	0.0943013
1.17597	0.0918333
1.20733	0.0886451
1.23868	0.0847831
1.27004	0.0803098
1.3014	0.0753014
1.33276	0.0698453
1.36412	0.0640372
1.39548	0.0579775
1.42684	0.0517689
1.4582	0.0455125
1.48956	0.0393051
1.52092	0.0332366
1.55228	0.027388
1.58363	0.0218296
1.61499	0.0166199
1.64635	0.0118049
1.67771	0.00741846
1.70907	0.00348194
1.74043	5.57739e-06
1.77179	-0.00301074
1.80315	-0.00557614
1.83451	-0.00770738
1.86587	-0.00942738
1.89723	-0.0107638
1.92858	-0.0117476
1.95994	-0.012412
1.9913	-0.0127913
2.02266	-0.0129207
2.05402	-0.0128289
2.08538	-0.0125376
2.11674	-0.01207
2.1481	-0.0114511
2.17946	-0.010707
2.21082	-0.00986521
2.24218	-0.00895465
2.27353	-0.00800563
2.30489	-0.00704998
2.33625	-0.00612104
2.36761	-0.00525371
2.39897	-0.00448433
2.43033	-0.00385039
2.46169	-0.00339009
2.49305	-0.00314152
2.50873	-0.00314152
