-0.0156795	1.12486e-18
0.0156795	1.12486e-18
0.0470386	-7.07442e-18
0.0783977	-4.06576e-19
0.109757	3.55076e-18
0.141116	4.71628e-18
0.172475	-6.28837e-18
0.203834	6.66784e-18
0.235193	-1.1601e-17
0.266552	1.69136e-17
0.297911	-1.66967e-17
0.32927	-3.68629e-18
0.36063	4.77049e-18
0.391989	-6.50521e-18
0.423348	9.1073e-18
0.454707	-6.50521e-18
0.486066	2.60209e-18
0.517425	6.93889e-18
0.548784	-4.33681e-18
0.580143	-4.33681e-18
0.611502	-3.46945e-18
0.642861	3.57122e-11
0.674221	1.63658e-10
0.70558	3.46165e-10
0.736939	5.9238e-10
0.768298	9.58781e-10
0.799657	1.51391e-09
0.831016	2.39125e-09
0.862375	3.75622e-09
0.893734	5.88779e-09
0.925093	9.17611e-09
0.956452	1.42116e-08
0.987811	2.18644e-08
1.01917	3.33884e-08
1.05053	5.06187e-08
1.08189	7.61668e-08
1.11325	1.13753e-07
1.14461	1.68623e-07
1.17597	2.48087e-07
1.20733	3.6228e-07
1.23868	5.25096e-07
1.27004	7.55419e-07
1.3014	1.07871e-06
1.33276	1.52893e-06
1.36412	2.15105e-06
1.39548	3.00397e-06
1.42684	4.16421e-06
1.4582	5.73017e-06
1.48956	7.82726e-06
1.52092	1.06137e-05
1.55228	1.42873e-05
1.58363	1.90927e-05
1.61499	2.53297e-05
1.64635	3.33616e-05
1.67771	4.36245e-05
1.70907	5.66361e-05
1.74043	7.30043e-05
1.77179	9.34349e-05
1.80315	0.000118738
1.83451	0.000149833
1.86587	0.000187748
1.89723	0.000233623
1.92858	0.000288698
1.95994	0.00035431
1.9913	0.000431872
2.02266	0.000500557
2.05402	0.000494434
2.08538	0.000432288
2.11674	0.00033235
2.1481	0.000211347
2.17946	8.38067e-05
2.21082	-3.8381e-05
2.24218	-0.000146139
2.27353	-0.000233126
2.30489	-0.000295435
2.33625	-0.000331084
2.36761	-0.000339321
2.39897	-0.000319746
2.43033	-0.000271213
2.46169	-0.000190445
2.49305	-7.02002e-05
2.50873	2.20492e-05
