-0.0156795	8.63397e-18
0.0156795	8.63397e-18
0.0470386	-8.16741e-18
0.0783977	1.64113e-18
0.109757	3.57122e-11
0.141116	1.63658e-10
0.172475	3.46165e-10
0.203834	5.9238e-10
0.235193	9.58781e-10
0.266552	1.51391e-09
0.297911	2.39125e-09
0.32927	3.75622e-09
0.36063	5.88779e-09
0.391989	9.17611e-09
0.423348	1.42116e-08
0.454707	2.18644e-08
0.486066	3.33884e-08
0.517425	5.06187e-08
0.548784	7.61668e-08
0.580143	1.13753e-07
0.611502	1.68623e-07
0.642861	2.48087e-07
0.674221	3.6228e-07
0.70558	5.25096e-07
0.736939	7.55419e-07
0.768298	1.07871e-06
0.799657	1.52893e-06
0.831016	2.15105e-06
0.862375	3.00397e-06
0.893734	4.16421e-06
0.925093	5.73017e-06
0.956452	7.82726e-06
0.987811	1.06137e-05
1.01917	1.42873e-05
1.05053	1.90927e-05
1.08189	2.53297e-05
1.11325	3.33616e-05
1.14461	4.36245e-05
1.17597	5.66361e-05
1.20733	7.30043e-05
1.23868	9.34349e-05
1.27004	0.000118738
1.3014	0.000149833
1.33276	0.000187748
1.36412	0.000233623
1.39548	0.000288698
1.42684	0.00035431
1.4582	0.000431872
1.48956	0.000522856
1.52092	0.00062877
1.55228	0.000751125
1.58363	0.000891403
1.61499	0.00105102
1.64635	0.0012313
1.67771	0.0014334
1.70907	0.00165835
1.74043	0.00190693
1.77179	0.00217975
1.80315	0.00247716
1.83451	0.00279931
1.86587	0.00314618
1.89723	0.0035176
1.92858	0.00391335
1.95994	0.00433324
1.9913	0.0047773
2.02266	0.00523314
2.05402	0.00562941
2.08538	0.0059261
2.11674	0.00609195
2.1481	0.00610795
2.17946	0.00597054
2.21082	0.00569415
2.24218	0.00531326
2.27353	0.00488358
2.30489	0.00448259
2.33625	0.00420937
2.36761	0.00418376
2.39897	0.00454507
2.43033	0.00545023
2.46169	0.00707139
2.49305	0.00959269
2.50873	0.0114428
