-0.0156795	6.61702e-18
0.0156795	6.61702e-18
0.0470386	-1.00526e-17
0.0783977	-5.86147e-19
0.109757	-1.82112e-18
0.141116	7.09305e-18
0.172475	-6.92534e-18
0.203834	-3.1679e-18
0.235193	5.42101e-20
0.266552	4.11997e-18
0.297911	2.43945e-18
0.32927	-5.47522e-18
0.36063	1.16552e-18
0.391989	3.57122e-11
0.423348	1.63658e-10
0.454707	3.46165e-10
0.486066	5.9238e-10
0.517425	9.58781e-10
0.548784	1.51391e-09
0.580143	2.39125e-09
0.611502	3.75622e-09
0.642861	5.88779e-09
0.674221	9.17611e-09
0.70558	1.42116e-08
0.736939	2.18644e-08
0.768298	3.33884e-08
0.799657	5.06187e-08
0.831016	7.61668e-08
0.862375	1.13753e-07
0.893734	1.68623e-07
0.925093	2.48087e-07
0.956452	3.6228e-07
0.987811	5.25096e-07
1.01917	7.55419e-07
1.05053	1.07871e-06
1.08189	1.52893e-06
1.11325	2.15105e-06
1.14461	3.00397e-06
1.17597	4.16421e-06
1.20733	5.73017e-06
1.23868	7.82726e-06
1.27004	1.06137e-05
1.3014	1.42873e-05
1.33276	1.90927e-05
1.36412	2.53297e-05
1.39548	3.33616e-05
1.42684	4.36245e-05
1.4582	5.66361e-05
1.48956	7.30043e-05
1.52092	9.34349e-05
1.55228	0.000118738
1.58363	0.000149833
1.61499	0.000187748
1.64635	0.000233623
1.67771	0.000288698
1.70907	0.00035431
1.74043	0.000431872
1.77179	0.000522856
1.80315	0.00062877
1.83451	0.000751125
1.86587	0.000891403
1.89723	0.00105102
1.92858	0.0012313
1.95994	0.0014334
1.9913	0.00165835
2.02266	0.00187103
2.05402	0.00194567
2.08538	0.001888
2.11674	0.00171187
2.1481	0.00143797
2.17946	0.0010922
2.21082	0.000704003
2.24218	0.000304687
2.27353	-7.39757e-05
2.30489	-0.000400762
2.33625	-0.000645401
2.36761	-0.000778204
2.39897	-0.000768766
2.43033	-0.000583545
2.46169	-0.000182176
2.49305	0.000487686
2.50873	0.00101569
