-0.0156795	5.20417e-18
0.0156795	5.20417e-18
0.0470386	-1.38778e-17
0.0783977	1.21431e-17
0.109757	-1.73472e-17
0.141116	0
0.172475	-1.21431e-17
0.203834	1.04083e-17
0.235193	-6.93889e-18
0.266552	-3.46945e-18
0.297911	2.42861e-17
0.32927	-1.38778e-17
0.36063	4.51028e-17
0.391989	-5.55112e-17
0.423348	6.245e-17
0.454707	-2.08167e-17
0.486066	6.93889e-18
0.517425	2.08167e-17
0.548784	4.16334e-17
0.580143	-5.55112e-17
0.611502	6.93889e-17
0.642861	-1.38778e-17
0.674221	4.16334e-17
0.70558	-4.16334e-17
0.736939	5.55112e-17
0.768298	-6.93889e-17
0.799657	5.55112e-17
0.831016	-1.38778e-17
0.862375	0
0.893734	0
0.925093	5.55112e-17
0.956452	-4.16334e-17
0.987811	5.55112e-17
1.01917	-4.16334e-17
1.05053	2.77556e-17
1.08189	3.57122e-11
1.11325	1.63658e-10
1.14461	3.46165e-10
1.17597	5.9238e-10
1.20733	9.58781e-10
1.23868	1.51391e-09
1.27004	2.39125e-09
1.3014	3.75622e-09
1.33276	5.88779e-09
1.36412	9.17611e-09
1.39548	1.42116e-08
1.42684	2.18644e-08
1.4582	3.33884e-08
1.48956	5.06187e-08
1.52092	7.61668e-08
1.55228	1.13753e-07
1.58363	1.68623e-07
1.61499	2.48087e-07
1.64635	3.6228e-07
1.67771	5.25096e-07
1.70907	7.55419e-07
1.74043	1.07871e-06
1.77179	1.52893e-06
1.80315	2.15105e-06
1.83451	3.00397e-06
1.86587	4.16421e-06
1.89723	5.73017e-06
1.92858	7.82726e-06
1.95994	1.06137e-05
1.9913	1.42873e-05
2.02266	1.71296e-05
2.05402	1.46306e-05
2.08538	9.58481e-06
2.11674	3.85663e-06
2.1481	-1.41466e-06
2.17946	-5.62955e-06
2.21082	-8.56815e-06
2.24218	-1.02578e-05
2.27353	-1.0869e-05
2.30489	-1.06374e-05
2.33625	-9.80867e-06
2.36761	-8.60211e-06
2.39897	-7.18746e-06
2.43033	-5.66983e-06
2.46169	-4.07553e-06
2.49305	-2.32924e-06
2.50873	-1.17061e-06
