-0.0156795	1.55116e-09
0.0156795	1.55116e-09
0.0470386	1.86007e-09
0.0783977	2.5549e-09
0.109757	3.79193e-09
0.141116	5.88779e-09
0.172475	9.17611e-09
0.203834	1.42116e-08
0.235193	2.18644e-08
0.266552	3.33884e-08
0.297911	5.06187e-08
0.32927	7.61668e-08
0.36063	1.13753e-07
0.391989	1.68623e-07
0.423348	2.48087e-07
0.454707	3.6228e-07
0.486066	5.25096e-07
0.517425	7.55419e-07
0.548784	1.07871e-06
0.580143	1.52893e-06
0.611502	2.15105e-06
0.642861	3.00397e-06
0.674221	4.16421e-06
0.70558	5.73017e-06
0.736939	7.82726e-06
0.768298	1.06137e-05
0.799657	1.42873e-05
0.831016	1.90927e-05
0.862375	2.53297e-05
0.893734	3.33616e-05
0.925093	4.36245e-05
0.956452	5.66361e-05
0.987811	7.30043e-05
1.01917	9.34349e-05
1.05053	0.000118738
1.08189	0.000149833
1.11325	0.000187748
1.14461	0.000233623
1.17597	0.000288698
1.20733	0.00035431
1.23868	0.000431872
1.27004	0.000522856
1.3014	0.00062877
1.33276	0.000751125
1.36412	0.000891403
1.39548	0.00105102
1.42684	0.0012313
1.4582	0.0014334
1.48956	0.00165835
1.52092	0.00190693
1.55228	0.00217975
1.58363	0.00247716
1.61499	0.00279931
1.64635	0.00314618
1.67771	0.0035176
1.70907	0.00391335
1.74043	0.00433324
1.77179	0.0047773
1.80315	0.00524584
1.83451	0.00573974
1.86587	0.00626056
1.89723	0.00681087
1.92858	0.0073944
1.95994	0.00801634
1.9913	0.00868355
2.02266	0.00943063
2.05402	0.0103384
2.08538	0.0113806
2.11674	0.012527
2.1481	0.0137476
2.17946	0.0150168
2.21082	0.0163188
2.24218	0.0176531
2.27353	0.0190394
2.30489	0.0205226
2.33625	0.0221752
2.36761	0.0240978
2.39897	0.026417
2.43033	0.0292786
2.46169	0.0328365
2.49305	0.0372358
2.50873	0.0399205
