-0.0156795	9.6035e-19
0.0156795	9.6035e-19
0.0470386	-3.70153e-19
0.0783977	9.55755e-18
0.109757	-1.16635e-17
0.141116	3.8702e-18
0.172475	3.57122e-11
0.203834	1.63658e-10
0.235193	3.46165e-10
0.266552	5.9238e-10
0.297911	9.58781e-10
0.32927	1.51391e-09
0.36063	2.39125e-09
0.391989	3.75622e-09
0.423348	5.88779e-09
0.454707	9.17611e-09
0.486066	1.42116e-08
0.517425	2.18644e-08
0.548784	3.33884e-08
0.580143	5.06187e-08
0.611502	7.61668e-08
0.642861	1.13753e-07
0.674221	1.68623e-07
0.70558	2.48087e-07
0.736939	3.6228e-07
0.768298	5.25096e-07
0.799657	7.55419e-07
0.831016	1.07871e-06
0.862375	1.52893e-06
0.893734	2.15105e-06
0.925093	3.00397e-06
0.956452	4.16421e-06
0.987811	5.73017e-06
1.01917	7.82726e-06
1.05053	1.06137e-05
1.08189	1.42873e-05
1.11325	1.90927e-05
1.14461	2.53297e-05
1.17597	3.33616e-05
1.20733	4.36245e-05
1.23868	5.66361e-05
1.27004	7.30043e-05
1.3014	9.34349e-05
1.33276	0.000118738
1.36412	0.000149833
1.39548	0.000187748
1.42684	0.000233623
1.4582	0.000288698
1.48956	0.00035431
1.52092	0.000431872
1.55228	0.000522856
1.58363	0.00062877
1.61499	0.000751125
1.64635	0.000891403
1.67771	0.00105102
1.70907	0.0012313
1.74043	0.0014334
1.77179	0.00165835
1.80315	0.00190693
1.83451	0.00217975
1.86587	0.00247716
1.89723	0.00279931
1.92858	0.00314618
1.95994	0.0035176
1.9913	0.00391335
2.02266	0.00431115
2.05402	0.00461028
2.08538	0.00477887
2.11674	0.00479586
2.1481	0.00465332
2.17946	0.00435812
2.21082	0.00393306
2.24218	0.00341732
2.27353	0.00286629
2.30489	0.00235103
2.33625	0.00195753
2.36761	0.00178585
2.39897	0.0019496
2.43033	0.00257577
2.46169	0.00380504
2.49305	0.00579249
2.50873	0.00729313
