-0.0156795	0.0656386
0.0156795	0.0656386
0.0470386	0.0662279
0.0783977	0.0673906
0.109757	0.0690954
0.141116	0.0712959
0.172475	0.0739314
0.203834	0.0769283
0.235193	0.0802016
0.266552	0.0836563
0.297911	0.0871901
0.32927	0.0906956
0.36063	0.0940627
0.391989	0.0971825
0.423348	0.0999495
0.454707	0.102265
0.486066	0.10404
0.517425	0.105199
0.548784	0.105681
0.580143	0.105442
0.611502	0.104457
0.642861	0.102719
0.674221	0.100243
0.70558	0.0970596
0.736939	0.093219
0.768298	0.088786
0.799657	0.0838387
0.831016	0.0784649
0.862375	0.0727598
0.893734	0.0668221
0.925093	0.0607511
0.956452	0.0546436
0.987811	0.048591
1.01917	0.0426772
1.05053	0.0369764
1.08189	0.0315521
1.11325	0.0264559
1.14461	0.0217277
1.17597	0.0173951
1.20733	0.0134748
1.23868	0.0099728
1.27004	0.00688599
1.3014	0.00420329
1.33276	0.00190713
1.36412	-2.51581e-05
1.39548	-0.00161992
1.42684	-0.00290596
1.4582	-0.00391333
1.48956	-0.00467242
1.52092	-0.00521313
1.55228	-0.00556422
1.58363	-0.00575287
1.61499	-0.00580437
1.64635	-0.00574191
1.67771	-0.0055865
1.70907	-0.00535698
1.74043	-0.0050701
1.77179	-0.0047406
1.80315	-0.00438133
1.83451	-0.00400344
1.86587	-0.00361649
1.89723	-0.00322861
1.92858	-0.00284662
1.95994	-0.00247616
1.9913	-0.00212182
2.02266	-0.00178484
2.05402	-0.00146024
2.08538	-0.00115102
2.11674	-0.000859765
2.1481	-0.000588564
2.17946	-0.000339056
2.21082	-0.000112406
2.24218	9.06771e-05
2.27353	0.000269915
2.30489	0.000425415
2.33625	0.000557598
2.36761	0.000667093
2.39897	0.000754599
2.43033	0.000820693
2.46169	0.00086559
2.49305	0.000888817
2.50873	0.000888816
