-0.0156795	-1.19389e-17
0.0156795	-1.19389e-17
0.0470386	1.20698e-17
0.0783977	-4.86875e-18
0.109757	1.55854e-18
0.141116	-2.81554e-18
0.172475	1.70931e-18
0.203834	6.16809e-18
0.235193	2.08031e-18
0.266552	-1.21939e-17
0.297911	8.53809e-19
0.32927	3.57122e-11
0.36063	1.63658e-10
0.391989	3.46165e-10
0.423348	5.9238e-10
0.454707	9.58781e-10
0.486066	1.51391e-09
0.517425	2.39125e-09
0.548784	3.75622e-09
0.580143	5.88779e-09
0.611502	9.17611e-09
0.642861	1.42116e-08
0.674221	2.18644e-08
0.70558	3.33884e-08
0.736939	5.06187e-08
0.768298	7.61668e-08
0.799657	1.13753e-07
0.831016	1.68623e-07
0.862375	2.48087e-07
0.893734	3.6228e-07
0.925093	5.25096e-07
0.956452	7.55419e-07
0.987811	1.07871e-06
1.01917	1.52893e-06
1.05053	2.15105e-06
1.08189	3.00397e-06
1.11325	4.16421e-06
1.14461	5.73017e-06
1.17597	7.82726e-06
1.20733	1.06137e-05
1.23868	1.42873e-05
1.27004	1.90927e-05
1.3014	2.53297e-05
1.33276	3.33616e-05
1.36412	4.36245e-05
1.39548	5.66361e-05
1.42684	7.30043e-05
1.4582	9.34349e-05
1.48956	0.000118738
1.52092	0.000149833
1.55228	0.000187748
1.58363	0.000233623
1.61499	0.000288698
1.64635	0.00035431
1.67771	0.000431872
1.70907	0.000522856
1.74043	0.00062877
1.77179	0.000751125
1.80315	0.000891403
1.83451	0.00105102
1.86587	0.0012313
1.89723	0.0014334
1.92858	0.00165835
1.95994	0.00190693
1.9913	0.00217975
2.02266	0.00244195
2.05402	0.00256341
2.08538	0.00254015
2.11674	0.0023784
2.1481	0.00209389
2.17946	0.0017108
2.21082	0.00126028
2.24218	0.000778835
2.27353	0.000306758
2.30489	-0.00011316
2.33625	-0.000436397
2.36761	-0.000616698
2.39897	-0.000605064
2.43033	-0.000347512
2.46169	0.000218577
2.49305	0.00116966
2.50873	0.00191596
