-0.0156795	0.0026647
0.0156795	0.0026647
0.0470386	0.00270937
0.0783977	0.00279834
0.109757	0.00293087
0.141116	0.00310593
0.172475	0.00332217
0.203834	0.00357805
0.235193	0.00387191
0.266552	0.00420204
0.297911	0.00456687
0.32927	0.00496505
0.36063	0.00539568
0.391989	0.00585847
0.423348	0.006354
0.454707	0.00688388
0.486066	0.00745104
0.517425	0.00805996
0.548784	0.00871691
0.580143	0.00943013
0.611502	0.01021
0.642861	0.0110692
0.674221	0.0120227
0.70558	0.0130877
0.736939	0.0142835
0.768298	0.0156311
0.799657	0.0171529
0.831016	0.0188719
0.862375	0.020811
0.893734	0.0229921
0.925093	0.0254349
0.956452	0.0281558
0.987811	0.0311665
1.01917	0.0344727
1.05053	0.0380728
1.08189	0.0419566
1.11325	0.0461045
1.14461	0.0504865
1.17597	0.0550617
1.20733	0.0597784
1.23868	0.0645747
1.27004	0.0693786
1.3014	0.0741103
1.33276	0.0786835
1.36412	0.0830078
1.39548	0.0869916
1.42684	0.0905447
1.4582	0.0935814
1.48956	0.0960239
1.52092	0.097805
1.55228	0.0988704
1.58363	0.0991816
1.61499	0.0987172
1.64635	0.0974735
1.67771	0.0954656
1.70907	0.0927263
1.74043	0.0893057
1.77179	0.0852684
1.80315	0.0806925
1.83451	0.0756656
1.86587	0.0702826
1.89723	0.0646423
1.92858	0.0588442
1.95994	0.0529853
1.9913	0.0471576
2.02266	0.0414058
2.05402	0.0356658
2.08538	0.0300109
2.11674	0.0245105
2.1481	0.0192287
2.17946	0.0142226
2.21082	0.00954122
2.24218	0.00522445
2.27353	0.00130315
2.30489	-0.00220071
2.33625	-0.00527297
2.36761	-0.00790552
2.39897	-0.0100937
2.43033	-0.0118326
2.46169	-0.0131127
2.49305	-0.0139138
2.50873	-0.0140474
