-0.0156795	-8.67362e-19
0.0156795	-8.67362e-19
0.0470386	-3.46945e-18
0.0783977	-1.21431e-17
0.109757	8.67362e-19
0.141116	-1.56125e-17
0.172475	-1.73472e-18
0.203834	-1.04083e-17
0.235193	3.46945e-18
0.266552	-6.93889e-18
0.297911	-1.38778e-17
0.32927	2.42861e-17
0.36063	-3.46945e-17
0.391989	3.1225e-17
0.423348	-5.55112e-17
0.454707	4.85723e-17
0.486066	-2.77556e-17
0.517425	-6.93889e-18
0.548784	2.77556e-17
0.580143	1.38778e-17
0.611502	-4.85723e-17
0.642861	4.16334e-17
0.674221	-2.77556e-17
0.70558	4.16334e-17
0.736939	-9.71445e-17
0.768298	5.55112e-17
0.799657	-5.55112e-17
0.831016	4.16334e-17
0.862375	-2.77556e-17
0.893734	1.38778e-17
0.925093	0
0.956452	6.93889e-17
0.987811	-4.16334e-17
1.01917	5.55112e-17
1.05053	3.57122e-11
1.08189	1.63658e-10
1.11325	3.46165e-10
1.14461	5.9238e-10
1.17597	9.58781e-10
1.20733	1.51391e-09
1.23868	2.39125e-09
1.27004	3.75622e-09
1.3014	5.88779e-09
1.33276	9.17611e-09
1.36412	1.42116e-08
1.39548	2.18644e-08
1.42684	3.33884e-08
1.4582	5.06187e-08
1.48956	7.61668e-08
1.52092	1.13753e-07
1.55228	1.68623e-07
1.58363	2.48087e-07
1.61499	3.6228e-07
1.64635	5.25096e-07
1.67771	7.55419e-07
1.70907	1.07871e-06
1.74043	1.52893e-06
1.77179	2.15105e-06
1.80315	3.00397e-06
1.83451	4.16421e-06
1.86587	5.73017e-06
1.89723	7.82726e-06
1.92858	1.06137e-05
1.95994	1.42873e-05
1.9913	1.90927e-05
2.02266	2.28513e-05
2.05402	1.9768e-05
2.08538	1.33026e-05
2.11674	5.8181e-06
2.1481	-1.19877e-06
2.17946	-6.92987e-06
2.21082	-1.10401e-05
2.24218	-1.35197e-05
2.27353	-1.45557e-05
2.30489	-1.44333e-05
2.33625	-1.34626e-05
2.36761	-1.19288e-05
2.39897	-1.00576e-05
2.43033	-7.99159e-06
2.46169	-5.76656e-06
2.49305	-3.27694e-06
2.50873	-1.60442e-06
