-0.0156795	0.000271817
0.0156795	0.000271817
0.0470386	0.000276636
0.0783977	0.000286179
0.109757	0.000300255
0.141116	0.000318572
0.172475	0.000340734
0.203834	0.000366237
0.235193	0.00039446
0.266552	0.000424662
0.297911	0.000455978
0.32927	0.000487413
0.36063	0.000517842
0.391989	0.000546016
0.423348	0.000570564
0.454707	0.00059001
0.486066	0.000602791
0.517425	0.000607283
0.548784	0.000601834
0.580143	0.00058481
0.611502	0.000554641
0.642861	0.000509882
0.674221	0.000449282
0.70558	0.000371849
0.736939	0.000276936
0.768298	0.000164319
0.799657	3.42798e-05
0.831016	-0.00011231
0.862375	-0.000273906
0.893734	-0.000448211
0.925093	-0.000632105
0.956452	-0.000821571
0.987811	-0.00101163
1.01917	-0.00119629
1.05053	-0.00136847
1.08189	-0.00151998
1.11325	-0.00164141
1.14461	-0.00172214
1.17597	-0.00175024
1.20733	-0.00171242
1.23868	-0.00159396
1.27004	-0.00137867
1.3014	-0.00104882
1.33276	-0.000585086
1.36412	3.34059e-05
1.39548	0.000829094
1.42684	0.00182587
1.4582	0.00304891
1.48956	0.00452442
1.52092	0.00627924
1.55228	0.00834038
1.58363	0.0107344
1.61499	0.0134865
1.64635	0.0166198
1.67771	0.0201543
1.70907	0.0241058
1.74043	0.0284848
1.77179	0.0332951
1.80315	0.0385333
1.83451	0.0441877
1.86587	0.0502374
1.89723	0.0566521
1.92858	0.0633919
1.95994	0.070408
1.9913	0.0776425
2.02266	0.0850821
2.05402	0.0928488
2.08538	0.100879
2.11674	0.109099
2.1481	0.117418
2.17946	0.12574
2.21082	0.133954
2.24218	0.141944
2.27353	0.149587
2.30489	0.156756
2.33625	0.163321
2.36761	0.16915
2.39897	0.17411
2.43033	0.178061
2.46169	0.18086
2.49305	0.182347
2.50873	0.182347
