-0.0156795	-2.10064e-18
0.0156795	-2.10064e-18
0.0470386	8.09763e-18
0.0783977	-1.23497e-17
0.109757	1.14383e-17
0.141116	-1.50704e-17
0.172475	4.14707e-18
0.203834	-6.74916e-18
0.235193	6.76271e-18
0.266552	-3.03577e-18
0.297911	3.98444e-18
0.32927	-3.30682e-18
0.36063	4.77049e-18
0.391989	2.71051e-18
0.423348	-8.13152e-18
0.454707	-2.49366e-18
0.486066	3.57122e-11
0.517425	1.63658e-10
0.548784	3.46165e-10
0.580143	5.9238e-10
0.611502	9.58781e-10
0.642861	1.51391e-09
0.674221	2.39125e-09
0.70558	3.75622e-09
0.736939	5.88779e-09
0.768298	9.17611e-09
0.799657	1.42116e-08
0.831016	2.18644e-08
0.862375	3.33884e-08
0.893734	5.06187e-08
0.925093	7.61668e-08
0.956452	1.13753e-07
0.987811	1.68623e-07
1.01917	2.48087e-07
1.05053	3.6228e-07
1.08189	5.25096e-07
1.11325	7.55419e-07
1.14461	1.07871e-06
1.17597	1.52893e-06
1.20733	2.15105e-06
1.23868	3.00397e-06
1.27004	4.16421e-06
1.3014	5.73017e-06
1.33276	7.82726e-06
1.36412	1.06137e-05
1.39548	1.42873e-05
1.42684	1.90927e-05
1.4582	2.53297e-05
1.48956	3.33616e-05
1.52092	4.36245e-05
1.55228	5.66361e-05
1.58363	7.30043e-05
1.61499	9.34349e-05
1.64635	0.000118738
1.67771	0.000149833
1.70907	0.000187748
1.74043	0.000233623
1.77179	0.000288698
1.80315	0.00035431
1.83451	0.000431872
1.86587	0.000522856
1.89723	0.00062877
1.92858	0.000751125
1.95994	0.000891403
1.9913	0.00105102
2.02266	0.00119834
2.05402	0.00122558
2.08538	0.00114826
2.11674	0.000986294
2.1481	0.000762355
2.17946	0.000500296
2.21082	0.000223684
2.24218	-4.53856e-05
2.27353	-0.000287131
2.30489	-0.000484467
2.33625	-0.000622883
2.36761	-0.000689727
2.39897	-0.000672842
2.43033	-0.000558458
2.46169	-0.000328191
2.49305	4.50199e-05
2.50873	0.000338419
