-0.0156795	4.72983e-18
0.0156795	4.72983e-18
0.0470386	-7.17945e-18
0.0783977	1.0571e-18
0.109757	-8.89046e-18
0.141116	1.65341e-17
0.172475	-1.81604e-17
0.203834	5.89535e-18
0.235193	-3.03577e-18
0.266552	7.10152e-18
0.297911	-6.07153e-18
0.32927	2.49366e-18
0.36063	-2.71051e-18
0.391989	4.55365e-18
0.423348	2.1684e-18
0.454707	-1.51788e-17
0.486066	8.89046e-18
0.517425	3.57122e-11
0.548784	1.63658e-10
0.580143	3.46165e-10
0.611502	5.9238e-10
0.642861	9.58781e-10
0.674221	1.51391e-09
0.70558	2.39125e-09
0.736939	3.75622e-09
0.768298	5.88779e-09
0.799657	9.17611e-09
0.831016	1.42116e-08
0.862375	2.18644e-08
0.893734	3.33884e-08
0.925093	5.06187e-08
0.956452	7.61668e-08
0.987811	1.13753e-07
1.01917	1.68623e-07
1.05053	2.48087e-07
1.08189	3.6228e-07
1.11325	5.25096e-07
1.14461	7.55419e-07
1.17597	1.07871e-06
1.20733	1.52893e-06
1.23868	2.15105e-06
1.27004	3.00397e-06
1.3014	4.16421e-06
1.33276	5.73017e-06
1.36412	7.82726e-06
1.39548	1.06137e-05
1.42684	1.42873e-05
1.4582	1.90927e-05
1.48956	2.53297e-05
1.52092	3.33616e-05
1.55228	4.36245e-05
1.58363	5.66361e-05
1.61499	7.30043e-05
1.64635	9.34349e-05
1.67771	0.000118738
1.70907	0.000149833
1.74043	0.000187748
1.77179	0.000233623
1.80315	0.000288698
1.83451	0.00035431
1.86587	0.000431872
1.89723	0.000522856
1.92858	0.00062877
1.95994	0.000751125
1.9913	0.000891403
2.02266	0.00101982
2.05402	0.00103652
2.08538	0.000958855
2.11674	0.000807395
2.1481	0.000604305
2.17946	0.000371893
2.21082	0.000131337
2.24218	-9.82879e-05
2.27353	-0.000300629
2.30489	-0.000462253
2.33625	-0.000572381
2.36761	-0.000622133
2.39897	-0.000603215
2.43033	-0.000506
2.46169	-0.000316857
2.49305	-1.45594e-05
2.50873	0.000222362
