-0.0156795	0.00635793
0.0156795	0.00635793
0.0470386	0.00643303
0.0783977	0.00658261
0.109757	0.00680542
0.141116	0.00709959
0.172475	0.00746269
0.203834	0.00789173
0.235193	0.00838323
0.266552	0.0089333
0.297911	0.00953772
0.32927	0.0101921
0.36063	0.0108919
0.391989	0.0116329
0.423348	0.0124111
0.454707	0.0132231
0.486066	0.0140663
0.517425	0.0149394
0.548784	0.0158423
0.580143	0.0167768
0.611502	0.0177464
0.642861	0.018757
0.674221	0.0198167
0.70558	0.0209362
0.736939	0.0221285
0.768298	0.0234089
0.799657	0.0247951
0.831016	0.0263064
0.862375	0.0279632
0.893734	0.0297866
0.925093	0.0317972
0.956452	0.0340143
0.987811	0.0364547
1.01917	0.0391316
1.05053	0.0420528
1.08189	0.0452199
1.11325	0.0486272
1.14461	0.0522599
1.17597	0.0560938
1.20733	0.0600945
1.23868	0.0642171
1.27004	0.0684067
1.3014	0.0725984
1.33276	0.0767191
1.36412	0.0806884
1.39548	0.0844213
1.42684	0.0878303
1.4582	0.0908281
1.48956	0.0933308
1.52092	0.0952606
1.55228	0.096549
1.58363	0.0971394
1.61499	0.0969896
1.64635	0.0960735
1.67771	0.0943826
1.70907	0.0919265
1.74043	0.0887328
1.77179	0.0848464
1.80315	0.0803281
1.83451	0.0752523
1.86587	0.0697046
1.89723	0.0637793
1.92858	0.0575755
1.95994	0.0511946
1.9913	0.0447369
2.02266	0.0382536
2.05402	0.0316735
2.08538	0.0250813
2.11674	0.0185616
2.1481	0.0121969
2.17946	0.00606565
2.21082	0.000240423
2.24218	-0.00521306
2.27353	-0.0102368
2.30489	-0.0147805
2.33625	-0.018801
2.36761	-0.02226
2.39897	-0.0251221
2.43033	-0.0273501
2.46169	-0.0289001
2.49305	-0.0297147
2.50873	-0.0297147
