-0.0156795	-0.00871539
0.0156795	-0.00871539
0.0470386	-0.00825614
0.0783977	-0.00733624
0.109757	-0.00595319
0.141116	-0.00410409
0.172475	-0.00178653
0.203834	0.00100018
0.235193	0.00425368
0.266552	0.00796709
0.297911	0.0121275
0.32927	0.0167146
0.36063	0.0216992
0.391989	0.0270426
0.423348	0.0326957
0.454707	0.0385985
0.486066	0.044681
0.517425	0.0508631
0.548784	0.0570568
0.580143	0.0631672
0.611502	0.0690953
0.642861	0.0747404
0.674221	0.0800032
0.70558	0.0847888
0.736939	0.0890096
0.768298	0.0925889
0.799657	0.0954628
0.831016	0.0975829
0.862375	0.0989178
0.893734	0.0994545
0.925093	0.0991982
0.956452	0.0981722
0.987811	0.0964172
1.01917	0.093989
1.05053	0.0909567
1.08189	0.0873997
1.11325	0.0834052
1.14461	0.0790649
1.17597	0.0744716
1.20733	0.0697169
1.23868	0.064888
1.27004	0.0600658
1.3014	0.0553227
1.33276	0.0507216
1.36412	0.0463146
1.39548	0.042143
1.42684	0.0382372
1.4582	0.0346171
1.48956	0.0312933
1.52092	0.0282674
1.55228	0.0255339
1.58363	0.0230811
1.61499	0.0208928
1.64635	0.0189493
1.67771	0.0172287
1.70907	0.015708
1.74043	0.0143641
1.77179	0.0131745
1.80315	0.0121181
1.83451	0.0111753
1.86587	0.0103289
1.89723	0.00956338
1.92858	0.00886597
1.95994	0.00822585
1.9913	0.00763441
2.02266	0.00708109
2.05402	0.00654819
2.08538	0.00603326
2.11674	0.00553498
2.1481	0.00505313
2.17946	0.0045885
2.21082	0.00414285
2.24218	0.00371881
2.27353	0.00331975
2.30489	0.00294976
2.33625	0.00261353
2.36761	0.00231637
2.39897	0.00206413
2.43033	0.00186329
2.46169	0.00172104
2.49305	0.00164539
2.50873	0.00164539
