-0.0156795	0.00994576
0.0156795	0.00994576
0.0470386	0.01003
0.0783977	0.0101975
0.109757	0.010446
0.141116	0.0107725
0.172475	0.0111729
0.203834	0.0116428
0.235193	0.0121771
0.266552	0.0127706
0.297911	0.0134182
0.32927	0.0141152
0.36063	0.0148576
0.391989	0.0156427
0.423348	0.0164688
0.454707	0.0173363
0.486066	0.0182473
0.517425	0.0192065
0.548784	0.0202207
0.580143	0.0212996
0.611502	0.0224553
0.642861	0.0237024
0.674221	0.0250577
0.70558	0.0265399
0.736939	0.0281692
0.768298	0.029966
0.799657	0.0319509
0.831016	0.0341427
0.862375	0.0365583
0.893734	0.0392105
0.925093	0.0421073
0.956452	0.0452502
0.987811	0.0486335
1.01917	0.0522424
1.05053	0.0560529
1.08189	0.0600308
1.11325	0.0641314
1.14461	0.0682999
1.17597	0.0724717
1.20733	0.076574
1.23868	0.080527
1.27004	0.084246
1.3014	0.087644
1.33276	0.0906345
1.36412	0.093134
1.39548	0.0950656
1.42684	0.0963617
1.4582	0.0969665
1.48956	0.0968387
1.52092	0.0959533
1.55228	0.0943027
1.58363	0.0918976
1.61499	0.0887664
1.64635	0.084955
1.67771	0.0805248
1.70907	0.0755509
1.74043	0.0701194
1.77179	0.0643243
1.80315	0.0582648
1.83451	0.0520416
1.86587	0.0457539
1.89723	0.0394969
1.92858	0.0333584
1.95994	0.0274178
1.9913	0.0217434
2.02266	0.0163547
2.05402	0.0111733
2.08538	0.00624945
2.11674	0.0016262
2.1481	-0.00266192
2.17946	-0.00658918
2.21082	-0.0101388
2.24218	-0.0133026
2.27353	-0.0160803
2.30489	-0.0184782
2.33625	-0.0205075
2.36761	-0.0221824
2.39897	-0.0235172
2.43033	-0.0245236
2.46169	-0.0252065
2.49305	-0.0255596
2.50873	-0.0255596
