-0.0156795	0
0.0156795	0
0.0470386	5.55112e-17
0.0783977	0
0.109757	0
0.141116	0
0.172475	5.55112e-17
0.203834	-5.55112e-17
0.235193	5.55112e-17
0.266552	-2.77556e-17
0.297911	5.55112e-17
0.32927	-1.38778e-17
0.36063	2.77556e-17
0.391989	-1.38778e-17
0.423348	4.16334e-17
0.454707	-4.16334e-17
0.486066	4.16334e-17
0.517425	2.77556e-17
0.548784	2.77556e-17
0.580143	-1.38778e-17
0.611502	2.77556e-17
0.642861	1.38778e-17
0.674221	0
0.70558	2.77556e-17
0.736939	-3.46945e-17
0.768298	1.38778e-17
0.799657	-6.93889e-18
0.831016	-1.38778e-17
0.862375	2.08167e-17
0.893734	-1.38778e-17
0.925093	3.46945e-18
0.956452	-3.46945e-18
0.987811	0
1.01917	-1.73472e-17
1.05053	3.46945e-18
1.08189	-1.56125e-17
1.11325	-8.67362e-19
1.14461	-6.07153e-18
1.17597	3.90313e-18
1.20733	-6.93889e-18
1.23868	-1.30104e-18
1.27004	2.60209e-18
1.3014	-1.73472e-18
1.33276	1.30104e-18
1.36412	1.0842e-18
1.39548	-6.50521e-19
1.42684	4.87891e-19
1.4582	1.13841e-18
1.48956	0
1.52092	5.42101e-20
1.55228	5.01444e-19
1.58363	2.71051e-20
1.61499	-6.77626e-21
1.64635	2.23617e-19
1.67771	-1.35525e-20
1.70907	1.35525e-20
1.74043	8.80914e-20
1.77179	3.57122e-11
1.80315	1.63658e-10
1.83451	3.46165e-10
1.86587	5.9238e-10
1.89723	9.58781e-10
1.92858	1.51391e-09
1.95994	2.39125e-09
1.9913	3.75622e-09
2.02266	4.532e-09
2.05402	2.63487e-09
2.08538	3.83919e-10
2.11674	-1.32116e-09
2.1481	-2.30169e-09
2.17946	-2.65343e-09
2.21082	-2.60468e-09
2.24218	-2.32056e-09
2.27353	-1.86977e-09
2.30489	-1.39372e-09
2.33625	-9.85751e-10
2.36761	-6.69662e-10
2.39897	-4.39131e-10
2.43033	-2.76834e-10
2.46169	-1.62553e-10
2.49305	-7.63983e-11
2.50873	-3.09639e-11
