-0.0156795	0.0886035
0.0156795	0.0886035
0.0470386	0.0889107
0.0783977	0.0895048
0.109757	0.0903471
0.141116	0.0913815
0.172475	0.0925378
0.203834	0.0937354
0.235193	0.0948869
0.266552	0.0959029
0.297911	0.096696
0.32927	0.0971849
0.36063	0.0972985
0.391989	0.0969785
0.423348	0.0961823
0.454707	0.0948841
0.486066	0.0930759
0.517425	0.0907672
0.548784	0.0879838
0.580143	0.0847665
0.611502	0.0811682
0.642861	0.0772516
0.674221	0.0730864
0.70558	0.0687455
0.736939	0.0643027
0.768298	0.0598299
0.799657	0.0553941
0.831016	0.0510561
0.862375	0.0468684
0.893734	0.0428747
0.925093	0.0391091
0.956452	0.0355959
0.987811	0.0323503
1.01917	0.0293787
1.05053	0.0266801
1.08189	0.0242468
1.11325	0.0220658
1.14461	0.0201202
1.17597	0.01839
1.20733	0.0168539
1.23868	0.0154895
1.27004	0.014275
1.3014	0.0131893
1.33276	0.0122128
1.36412	0.0113278
1.39548	0.0105187
1.42684	0.00977207
1.4582	0.00907682
1.48956	0.00842393
1.52092	0.00780638
1.55228	0.00721895
1.58363	0.00665799
1.61499	0.00612116
1.64635	0.0056072
1.67771	0.00511564
1.70907	0.00464664
1.74043	0.00420075
1.77179	0.00377871
1.80315	0.00338135
1.83451	0.00300945
1.86587	0.00266363
1.89723	0.0023443
1.92858	0.00205162
1.95994	0.00178548
1.9913	0.00154549
2.02266	0.0013295
2.05402	0.00113205
2.08538	0.000953196
2.11674	0.00079273
2.1481	0.000650232
2.17946	0.000525069
2.21082	0.000416419
2.24218	0.000323298
2.27353	0.0002446
2.30489	0.000179136
2.33625	0.000125688
2.36761	8.30602e-05
2.39897	5.015e-05
2.43033	2.60241e-05
2.46169	1.00182e-05
2.49305	1.86468e-06
2.50873	1.86468e-06
