-0.0156795	3.08998e-18
0.0156795	3.08998e-18
0.0470386	-6.50521e-19
0.0783977	-1.68051e-18
0.109757	-2.71051e-18
0.141116	1.0842e-19
0.172475	-7.37257e-18
0.203834	-1.23599e-17
0.235193	8.67362e-18
0.266552	-1.21431e-17
0.297911	8.67362e-18
0.32927	-6.93889e-18
0.36063	-1.38778e-17
0.391989	1.99493e-17
0.423348	-3.38271e-17
0.454707	4.33681e-18
0.486066	-1.56125e-17
0.517425	1.73472e-18
0.548784	-2.08167e-17
0.580143	-2.08167e-17
0.611502	6.93889e-18
0.642861	-3.46945e-17
0.674221	2.08167e-17
0.70558	-6.93889e-17
0.736939	3.46945e-17
0.768298	3.57121e-11
0.799657	1.63658e-10
0.831016	3.46165e-10
0.862375	5.9238e-10
0.893734	9.58781e-10
0.925093	1.51391e-09
0.956452	2.39125e-09
0.987811	3.75622e-09
1.01917	5.88779e-09
1.05053	9.17611e-09
1.08189	1.42116e-08
1.11325	2.18644e-08
1.14461	3.33884e-08
1.17597	5.06187e-08
1.20733	7.61668e-08
1.23868	1.13753e-07
1.27004	1.68623e-07
1.3014	2.48087e-07
1.33276	3.6228e-07
1.36412	5.25096e-07
1.39548	7.55419e-07
1.42684	1.07871e-06
1.4582	1.52893e-06
1.48956	2.15105e-06
1.52092	3.00397e-06
1.55228	4.16421e-06
1.58363	5.73017e-06
1.61499	7.82726e-06
1.64635	1.06137e-05
1.67771	1.42873e-05
1.70907	1.90927e-05
1.74043	2.53297e-05
1.77179	3.33616e-05
1.80315	4.36245e-05
1.83451	5.66361e-05
1.86587	7.30043e-05
1.89723	9.34349e-05
1.92858	0.000118738
1.95994	0.000149833
1.9913	0.000187748
2.02266	0.000220165
2.05402	0.000210136
2.08538	0.000171937
2.11674	0.000117768
2.1481	5.75216e-05
2.17946	-1.25986e-06
2.21082	-5.32744e-05
2.24218	-9.52249e-05
2.27353	-0.000125496
2.30489	-0.000143771
2.33625	-0.000150621
2.36761	-0.000147078
2.39897	-0.000134188
2.43033	-0.000112542
2.46169	-8.1725e-05
2.49305	-3.9597e-05
2.50873	-8.32223e-06
