-0.0156795	0.000820056
0.0156795	0.000820056
0.0470386	0.000805019
0.0783977	0.000774701
0.109757	0.000728624
0.141116	0.000666098
0.172475	0.000586254
0.203834	0.00048809
0.235193	0.000370516
0.266552	0.000232416
0.297911	7.2718e-05
0.32927	-0.000109542
0.36063	-0.000315139
0.391989	-0.000544586
0.423348	-0.000798047
0.454707	-0.00107527
0.486066	-0.00137548
0.517425	-0.00169732
0.548784	-0.00203878
0.580143	-0.00239706
0.611502	-0.00276854
0.642861	-0.00314863
0.674221	-0.0035317
0.70558	-0.00391096
0.736939	-0.00427834
0.768298	-0.00462434
0.799657	-0.0049379
0.831016	-0.00520622
0.862375	-0.00541469
0.893734	-0.00554668
0.925093	-0.00558345
0.956452	-0.00550412
0.987811	-0.00528562
1.01917	-0.0049028
1.05053	-0.00432858
1.08189	-0.00353429
1.11325	-0.00249012
1.14461	-0.00116571
1.17597	0.000469018
1.20733	0.00244293
1.23868	0.00478253
1.27004	0.00751073
1.3014	0.0106455
1.33276	0.0141983
1.36412	0.0181729
1.39548	0.0225639
1.42684	0.0273559
1.4582	0.0325219
1.48956	0.0380234
1.52092	0.0438101
1.55228	0.0498198
1.58363	0.0559798
1.61499	0.0622076
1.64635	0.0684132
1.67771	0.074501
1.70907	0.0803729
1.74043	0.0859308
1.77179	0.0910801
1.80315	0.0957323
1.83451	0.099809
1.86587	0.103244
1.89723	0.105984
1.92858	0.107996
1.95994	0.109261
1.9913	0.10978
2.02266	0.109571
2.05402	0.108637
2.08538	0.106989
2.11674	0.104657
2.1481	0.101691
2.17946	0.0981645
2.21082	0.0941705
2.24218	0.0898237
2.27353	0.0852577
2.30489	0.0806236
2.33625	0.0760875
2.36761	0.071828
2.39897	0.0680328
2.43033	0.0648959
2.46169	0.0626136
2.49305	0.0613797
2.50873	0.0613797
