-0.0156795	0.000239217
0.0156795	0.000239217
0.0470386	0.000244393
0.0783977	0.000254665
0.109757	0.000269872
0.141116	0.000289765
0.172475	0.000314008
0.203834	0.000342171
0.235193	0.000373722
0.266552	0.000408025
0.297911	0.000444329
0.32927	0.00048177
0.36063	0.000519365
0.391989	0.000556011
0.423348	0.000590493
0.454707	0.000621494
0.486066	0.000647606
0.517425	0.000667354
0.548784	0.000679225
0.580143	0.000681708
0.611502	0.000673332
0.642861	0.000652726
0.674221	0.000618677
0.70558	0.000570194
0.736939	0.000506587
0.768298	0.000427537
0.799657	0.000333179
0.831016	0.000224175
0.862375	0.000101794
0.893734	-3.20183e-05
0.925093	-0.000174574
0.956452	-0.000322381
0.987811	-0.000471097
1.01917	-0.000615476
1.05053	-0.000749333
1.08189	-0.000865508
1.11325	-0.000955828
1.14461	-0.00101107
1.17597	-0.00102092
1.20733	-0.000973915
1.23868	-0.000857398
1.27004	-0.000657431
1.3014	-0.000358732
1.33276	5.54107e-05
1.36412	0.000603207
1.39548	0.00130442
1.42684	0.00218039
1.4582	0.003254
1.48956	0.00454957
1.52092	0.00609271
1.55228	0.00790996
1.58363	0.0100284
1.61499	0.0124751
1.64635	0.0152764
1.67771	0.018457
1.70907	0.0220391
1.74043	0.0260413
1.77179	0.0304774
1.80315	0.0353552
1.83451	0.0406756
1.86587	0.0464315
1.89723	0.0526067
1.92858	0.0591757
1.95994	0.0661031
1.9913	0.0733436
2.02266	0.0808952
2.05402	0.0888951
2.08538	0.0972938
2.11674	0.106026
2.1481	0.115011
2.17946	0.124149
2.21082	0.133326
2.24218	0.14241
2.27353	0.151253
2.30489	0.159692
2.33625	0.167552
2.36761	0.174642
2.39897	0.180762
2.43033	0.1857
2.46169	0.189231
2.49305	0.19112
2.50873	0.19112
