-0.0156795	1.38778e-17
0.0156795	1.38778e-17
0.0470386	-4.16334e-17
0.0783977	5.55112e-17
0.109757	1.38778e-17
0.141116	-2.77556e-17
0.172475	5.55112e-17
0.203834	-4.16334e-17
0.235193	6.93889e-17
0.266552	-8.32667e-17
0.297911	8.32667e-17
0.32927	-6.93889e-17
0.36063	6.93889e-17
0.391989	-2.77556e-17
0.423348	1.38778e-17
0.454707	0
0.486066	5.55112e-17
0.517425	-2.77556e-17
0.548784	4.16334e-17
0.580143	-2.77556e-17
0.611502	2.77556e-17
0.642861	-1.38778e-17
0.674221	4.16334e-17
0.70558	-2.77556e-17
0.736939	4.16334e-17
0.768298	4.16334e-17
0.799657	2.77556e-17
0.831016	-1.38778e-17
0.862375	4.16334e-17
0.893734	2.08167e-17
0.925093	0
0.956452	2.08167e-17
0.987811	-2.08167e-17
1.01917	-2.08167e-17
1.05053	-1.04083e-17
1.08189	-1.38778e-17
1.11325	-1.38778e-17
1.14461	-6.93889e-18
1.17597	-1.38778e-17
1.20733	-1.21431e-17
1.23868	-1.73472e-17
1.27004	-1.04083e-17
1.3014	1.73472e-18
1.33276	-1.82146e-17
1.36412	4.33681e-18
1.39548	-1.12757e-17
1.42684	4.33681e-19
1.4582	-4.77049e-18
1.48956	0
1.52092	3.57122e-11
1.55228	1.63658e-10
1.58363	3.46165e-10
1.61499	5.9238e-10
1.64635	9.58781e-10
1.67771	1.51391e-09
1.70907	2.39125e-09
1.74043	3.75622e-09
1.77179	5.88779e-09
1.80315	9.17611e-09
1.83451	1.42116e-08
1.86587	2.18644e-08
1.89723	3.33884e-08
1.92858	5.06187e-08
1.95994	7.61668e-08
1.9913	1.13753e-07
2.02266	1.38088e-07
2.05402	9.46846e-08
2.08538	3.43206e-08
2.11674	-1.87193e-08
2.1481	-5.55837e-08
2.17946	-7.56077e-08
2.21082	-8.18725e-08
2.24218	-7.85365e-08
2.27353	-6.95659e-08
2.30489	-5.80514e-08
2.33625	-4.61979e-08
2.36761	-3.52633e-08
2.39897	-2.59353e-08
2.43033	-1.83342e-08
2.46169	-1.21465e-08
2.49305	-6.90269e-09
2.50873	-4.03491e-09
