-0.0156795	5.55112e-17
0.0156795	5.55112e-17
0.0470386	2.77556e-17
0.0783977	-5.55112e-17
0.109757	1.11022e-16
0.141116	-8.32667e-17
0.172475	8.32667e-17
0.203834	-2.77556e-17
0.235193	2.77556e-17
0.266552	0
0.297911	4.16334e-17
0.32927	-1.38778e-17
0.36063	6.93889e-17
0.391989	-5.55112e-17
0.423348	4.16334e-17
0.454707	-1.38778e-17
0.486066	2.77556e-17
0.517425	-1.38778e-17
0.548784	4.16334e-17
0.580143	2.77556e-17
0.611502	1.38778e-17
0.642861	0
0.674221	2.08167e-17
0.70558	2.77556e-17
0.736939	-6.93889e-18
0.768298	4.85723e-17
0.799657	-2.77556e-17
0.831016	6.93889e-18
0.862375	1.38778e-17
0.893734	-1.38778e-17
0.925093	2.08167e-17
0.956452	-1.38778e-17
0.987811	3.46945e-18
1.01917	-1.21431e-17
1.05053	-1.73472e-18
1.08189	-1.04083e-17
1.11325	0
1.14461	-1.04083e-17
1.17597	3.46945e-18
1.20733	-1.04083e-17
1.23868	4.33681e-19
1.27004	-5.20417e-18
1.3014	8.67362e-19
1.33276	0
1.36412	4.33681e-19
1.39548	1.40946e-18
1.42684	-1.0842e-19
1.4582	2.1684e-19
1.48956	4.87891e-19
1.52092	3.79471e-19
1.55228	3.25261e-19
1.58363	1.0842e-19
1.61499	2.03288e-19
1.64635	2.30393e-19
1.67771	-6.77626e-21
1.70907	3.57122e-11
1.74043	1.63658e-10
1.77179	3.46165e-10
1.80315	5.9238e-10
1.83451	9.58781e-10
1.86587	1.51391e-09
1.89723	2.39125e-09
1.92858	3.75622e-09
1.95994	5.88779e-09
1.9913	9.17611e-09
2.02266	1.11093e-08
2.05402	6.75106e-09
2.08538	1.37252e-09
2.11674	-2.85538e-09
2.1481	-5.40115e-09
2.17946	-6.4358e-09
2.21082	-6.40831e-09
2.24218	-5.73744e-09
2.27353	-4.82152e-09
2.30489	-3.81604e-09
2.33625	-2.83082e-09
2.36761	-1.99307e-09
2.39897	-1.34593e-09
2.43033	-8.71375e-10
2.46169	-5.28614e-10
2.49305	-2.68203e-10
2.50873	-1.33783e-10
