-0.0156795	1.28051e-06
0.0156795	1.28051e-06
0.0470386	1.44099e-06
0.0783977	1.77702e-06
0.109757	2.31967e-06
0.141116	3.11772e-06
0.172475	4.24037e-06
0.203834	5.78079e-06
0.235193	7.86065e-06
0.266552	1.06356e-05
0.297911	1.43015e-05
0.32927	1.91019e-05
0.36063	2.53356e-05
0.391989	3.33654e-05
0.423348	4.36269e-05
0.454707	5.66377e-05
0.486066	7.30053e-05
0.517425	9.34355e-05
0.548784	0.000118738
0.580143	0.000149833
0.611502	0.000187748
0.642861	0.000233623
0.674221	0.000288698
0.70558	0.00035431
0.736939	0.000431872
0.768298	0.000522856
0.799657	0.00062877
0.831016	0.000751125
0.862375	0.000891403
0.893734	0.00105102
0.925093	0.0012313
0.956452	0.0014334
0.987811	0.00165835
1.01917	0.00190693
1.05053	0.00217975
1.08189	0.00247716
1.11325	0.00279931
1.14461	0.00314618
1.17597	0.0035176
1.20733	0.00391335
1.23868	0.00433324
1.27004	0.0047773
1.3014	0.00524584
1.33276	0.00573974
1.36412	0.00626056
1.39548	0.00681087
1.42684	0.0073944
1.4582	0.00801634
1.48956	0.00868355
1.52092	0.0094048
1.55228	0.0101909
1.58363	0.0110549
1.61499	0.0120121
1.64635	0.0130799
1.67771	0.0142778
1.70907	0.0156269
1.74043	0.0171499
1.77179	0.0188697
1.80315	0.0208094
1.83451	0.022991
1.86587	0.0254342
1.89723	0.0281553
1.92858	0.0311662
1.95994	0.0344725
1.9913	0.0380726
2.02266	0.0420067
2.05402	0.046464
2.08538	0.0514691
2.11674	0.0570328
2.1481	0.0631458
2.17946	0.0697728
2.21082	0.0768448
2.24218	0.0842524
2.27353	0.0918384
2.30489	0.0993921
2.33625	0.106645
2.36761	0.113271
2.39897	0.118885
2.43033	0.123058
2.46169	0.125326
2.49305	0.125213
2.50873	0.123656
