-0.0156795	0.00408668
0.0156795	0.00408668
0.0470386	0.00413551
0.0783977	0.00423272
0.109757	0.00437748
0.141116	0.00456862
0.172475	0.00480475
0.203834	0.00508437
0.235193	0.00540607
0.266552	0.0057687
0.297911	0.00617161
0.32927	0.00661487
0.36063	0.00709957
0.391989	0.00762802
0.423348	0.00820409
0.454707	0.00883338
0.486066	0.00952354
0.517425	0.0102843
0.548784	0.0111279
0.580143	0.0120687
0.611502	0.0131235
0.642861	0.0143111
0.674221	0.0156523
0.70558	0.017169
0.736939	0.018884
0.768298	0.0208201
0.799657	0.0229988
0.831016	0.0254399
0.862375	0.0281595
0.893734	0.0311692
0.925093	0.0344746
0.956452	0.0380741
0.987811	0.0419576
1.01917	0.0461052
1.05053	0.0504869
1.08189	0.055062
1.11325	0.0597787
1.14461	0.0645748
1.17597	0.0693787
1.20733	0.0741103
1.23868	0.0786835
1.27004	0.0830079
1.3014	0.0869916
1.33276	0.0905447
1.36412	0.0935814
1.39548	0.0960239
1.42684	0.097805
1.4582	0.0988704
1.48956	0.0991816
1.52092	0.0987172
1.55228	0.0974735
1.58363	0.0954656
1.61499	0.0927263
1.64635	0.0893057
1.67771	0.0852684
1.70907	0.0806925
1.74043	0.0756656
1.77179	0.0702826
1.80315	0.0646423
1.83451	0.0588442
1.86587	0.0529853
1.89723	0.0471576
1.92858	0.0414459
1.95994	0.0359254
1.9913	0.0306607
2.02266	0.0256699
2.05402	0.0208808
2.08538	0.0163394
2.11674	0.012085
2.1481	0.00814811
2.17946	0.004551
2.21082	0.00130714
2.24218	-0.00157829
2.27353	-0.00410776
2.30489	-0.00629022
2.33625	-0.00813968
2.36761	-0.00967333
2.39897	-0.0109093
2.43033	-0.0118637
2.46169	-0.0125477
2.49305	-0.0129631
2.50873	-0.0130255
