0	0
0.0313591	0.000782857
0.0627182	0.00154736
0.0940773	0.00227586
0.125436	0.00295212
0.156795	0.00356188
0.188155	0.00409338
0.219514	0.00453769
0.250873	0.00488898
0.282232	0.00514456
0.313591	0.0053048
0.34495	0.00537292
0.376309	0.00535468
0.407668	0.00525793
0.439027	0.0050922
0.470386	0.0048681
0.501746	0.00459689
0.533105	0.00428998
0.564464	0.00395847
0.595823	0.00361278
0.627182	0.00326239
0.658541	0.00291562
0.6899	0.00257943
0.721259	0.00225946
0.752618	0.00195997
0.783977	0.00168393
0.815336	0.00143315
0.846696	0.00120837
0.878055	0.00100948
0.909414	0.000835652
0.940773	0.000685525
0.972132	0.000557345
1.00349	0.000449115
1.03485	0.000358718
1.06621	0.000284011
1.09757	0.000222909
1.12893	0.00017344
1.16029	0.00013379
1.19165	0.000102321
1.223	7.75871e-05
1.25436	5.83331e-05
1.28572	4.34866e-05
1.31708	3.21456e-05
1.34844	2.35629e-05
1.3798	1.71272e-05
1.41116	1.23453e-05
1.44252	8.82455e-06
1.47388	6.2555e-06
1.50524	4.39765e-06
1.5366	3.06602e-06
1.56795	2.12e-06
1.59931	1.45381e-06
1.63067	9.88776e-07
1.66203	6.66981e-07
1.69339	4.46231e-07
1.72475	2.96103e-07
1.75611	1.9488e-07
1.78747	1.27215e-07
1.81883	8.23688e-08
1.85019	5.28985e-08
1.88155	3.36964e-08
1.9129	2.12907e-08
1.94426	1.33433e-08
1.97562	8.29491e-09
2.00698	5.11488e-09
2.03834	3.12851e-09
2.0697	1.89812e-09
2.10106	1.14234e-09
2.13242	6.81955e-10
2.16378	4.03838e-10
2.19514	2.37221e-10
2.2265	1.38228e-10
2.25785	7.98986e-11
2.28921	4.58125e-11
2.32057	2.60575e-11
2.35193	1.47023e-11
2.38329	8.22904e-12
2.41465	4.56902e-12
2.44601	2.51657e-12
2.47737	1.37502e-12
2.50873	7.45287e-13
