0	0
0.0313591	0.00233022
0.0627182	0.00460608
0.0940773	0.00677535
0.125436	0.00878987
0.156795	0.0106074
0.188155	0.0121929
0.219514	0.01352
0.250873	0.0145712
0.282232	0.0153383
0.313591	0.0158223
0.34495	0.0160324
0.376309	0.0159855
0.407668	0.0157048
0.439027	0.0152182
0.470386	0.0145572
0.501746	0.013755
0.533105	0.0128453
0.564464	0.0118612
0.595823	0.0108336
0.627182	0.00979079
0.658541	0.00875744
0.6899	0.0077545
0.721259	0.00679886
0.752618	0.00590336
0.783977	0.00507705
0.815336	0.00432544
0.846696	0.00365099
0.878055	0.00305349
0.909414	0.00253065
0.940773	0.00207852
0.972132	0.00169199
1.00349	0.00136518
1.03485	0.00109184
1.06621	0.000865638
1.09757	0.00068036
1.12893	0.000530138
1.16029	0.00040955
1.19165	0.000313697
1.223	0.000238241
1.25436	0.000179407
1.28572	0.000133965
1.31708	9.91951e-05
1.34844	7.28357e-05
1.3798	5.30354e-05
1.41116	3.82971e-05
1.44252	2.74254e-05
1.47388	1.94777e-05
1.50524	1.37192e-05
1.5366	9.58367e-06
1.56795	6.63983e-06
1.59931	4.56258e-06
1.63067	3.10957e-06
1.66203	2.10199e-06
1.69339	1.40931e-06
1.72475	9.37213e-07
1.75611	6.18198e-07
1.78747	4.04464e-07
1.81883	2.62482e-07
1.85019	1.68964e-07
1.88155	1.07886e-07
1.9129	6.83305e-08
1.94426	4.29289e-08
1.97562	2.67174e-08
2.00698	1.64898e-08
2.03834	1.02134e-08
2.0697	6.19818e-09
2.10106	3.7307e-09
2.13242	2.22716e-09
2.16378	1.3187e-09
2.19514	7.74421e-10
2.2265	4.51072e-10
2.25785	2.60586e-10
2.28921	1.49312e-10
2.32057	8.48551e-11
2.35193	4.78299e-11
2.38329	2.67399e-11
2.41465	1.48272e-11
2.44601	8.15449e-12
2.47737	4.08195e-12
2.50873	7.45287e-13
