0	0
0.0313591	0.0106777
0.0627182	0.021177
0.0940773	0.0313239
0.125436	0.0409538
0.156795	0.0499152
0.188155	0.058074
0.219514	0.0653161
0.250873	0.0715505
0.282232	0.0767106
0.313591	0.0807558
0.34495	0.0836715
0.376309	0.085468
0.407668	0.0861801
0.439027	0.0858642
0.470386	0.084596
0.501746	0.0824673
0.533105	0.0795823
0.564464	0.0760541
0.595823	0.0720007
0.627182	0.0675417
0.658541	0.0627943
0.6899	0.0578704
0.721259	0.0528745
0.752618	0.0479006
0.783977	0.0430313
0.815336	0.0383366
0.846696	0.0338735
0.878055	0.0296859
0.909414	0.025805
0.940773	0.0222505
0.972132	0.0190316
1.00349	0.0161482
1.03485	0.0135923
1.06621	0.01135
1.09757	0.00940233
1.12893	0.00772723
1.16029	0.00630034
1.19165	0.00509637
1.223	0.00408996
1.25436	0.00325643
1.28572	0.00257235
1.31708	0.002016
1.34844	0.00156755
1.3798	0.00120928
1.41116	0.000925563
1.44252	0.000702849
1.47388	0.000529536
1.50524	0.000395829
1.5366	0.000293561
1.56795	0.000216007
1.59931	0.000157696
1.63067	0.000114222
1.66203	8.2085e-05
1.69339	5.85272e-05
1.72475	4.1403e-05
1.75611	2.90594e-05
1.78747	2.02357e-05
1.81883	1.39806e-05
1.85019	9.58277e-06
1.88155	6.5161e-06
1.9129	4.39488e-06
1.94426	2.93901e-06
1.97562	1.947e-06
2.00698	1.28397e-06
2.03834	8.55471e-07
2.0697	5.61794e-07
2.10106	3.63377e-07
2.13242	2.31327e-07
2.16378	1.44812e-07
2.19514	8.90644e-08
2.2265	5.37522e-08
2.25785	3.17951e-08
2.28921	1.83508e-08
2.32057	1.03491e-08
2.35193	5.74392e-09
2.38329	3.14062e-09
2.41465	1.67988e-09
2.44601	8.55149e-10
2.47737	3.62306e-10
2.50873	7.45287e-13
