0	0
0.0313591	-5.63978e-05
0.0627182	-0.000114744
0.0940773	-0.000176987
0.125436	-0.000245074
0.156795	-0.000320948
0.188155	-0.000406542
0.219514	-0.000503763
0.250873	-0.000614483
0.282232	-0.000740511
0.313591	-0.000883576
0.34495	-0.00104529
0.376309	-0.00122713
0.407668	-0.0014304
0.439027	-0.0016562
0.470386	-0.0019054
0.501746	-0.00217867
0.533105	-0.0024764
0.564464	-0.00279879
0.595823	-0.00314582
0.627182	-0.00351735
0.658541	-0.00391318
0.6899	-0.00433313
0.721259	-0.00477722
0.752618	-0.00524579
0.783977	-0.0057397
0.815336	-0.00626054
0.846696	-0.00681086
0.878055	-0.00739439
0.909414	-0.00801633
0.940773	-0.00868355
0.972132	-0.00940479
1.00349	-0.0101909
1.03485	-0.0110549
1.06621	-0.0120121
1.09757	-0.0130799
1.12893	-0.0142778
1.16029	-0.0156269
1.19165	-0.0171499
1.223	-0.0188697
1.25436	-0.0208094
1.28572	-0.0229909
1.31708	-0.0254341
1.34844	-0.0281552
1.3798	-0.0311659
1.41116	-0.0344721
1.44252	-0.0380721
1.47388	-0.0419556
1.50524	-0.0461031
1.5366	-0.0504845
1.56795	-0.0550587
1.59931	-0.059774
1.63067	-0.0645681
1.66203	-0.069369
1.69339	-0.0740963
1.72475	-0.0786632
1.75611	-0.0829788
1.78747	-0.0869502
1.81883	-0.0904861
1.85019	-0.0934993
1.88155	-0.0959097
1.9129	-0.0976472
1.94426	-0.0986543
1.97562	-0.098888
2.00698	-0.0990125
2.03834	-0.100803
2.0697	-0.101816
2.10106	-0.101966
2.13242	-0.101179
2.16378	-0.0993889
2.19514	-0.0965397
2.2265	-0.0925872
2.25785	-0.0874959
2.28921	-0.081236
2.32057	-0.073778
2.35193	-0.0650856
2.38329	-0.0551061
2.41465	-0.0437588
2.44601	-0.0309216
2.47737	-0.0164173
2.50873	7.45287e-13
