0	0
0.0313591	-6.90102e-05
0.0627182	-0.000140188
0.0940773	-0.000215694
0.125436	-0.000297674
0.156795	-0.000388247
0.188155	-0.000489494
0.219514	-0.00060344
0.250873	-0.000732032
0.282232	-0.000877116
0.313591	-0.00104041
0.34495	-0.00122347
0.376309	-0.00142767
0.407668	-0.00165418
0.439027	-0.00190393
0.470386	-0.0021776
0.501746	-0.00247563
0.533105	-0.00279823
0.564464	-0.00314543
0.595823	-0.00351707
0.627182	-0.00391298
0.658541	-0.004333
0.6899	-0.00477713
0.721259	-0.00524573
0.752618	-0.00573966
0.783977	-0.00626051
0.815336	-0.00681084
0.846696	-0.00739438
0.878055	-0.00801632
0.909414	-0.00868354
0.940773	-0.00940479
0.972132	-0.0101909
1.00349	-0.0110549
1.03485	-0.0120121
1.06621	-0.0130799
1.09757	-0.0142778
1.12893	-0.0156269
1.16029	-0.0171499
1.19165	-0.0188697
1.223	-0.0208094
1.25436	-0.022991
1.28572	-0.0254341
1.31708	-0.0281552
1.34844	-0.0311661
1.3798	-0.0344723
1.41116	-0.0380724
1.44252	-0.0419561
1.47388	-0.0461039
1.50524	-0.0504856
1.5366	-0.0550603
1.56795	-0.0597765
1.59931	-0.0645717
1.63067	-0.0693742
1.66203	-0.0741037
1.69339	-0.0786739
1.72475	-0.0829938
1.75611	-0.0869714
1.78747	-0.0905156
1.81883	-0.09354
1.85019	-0.0959654
1.88155	-0.0977229
1.9129	-0.0987562
1.94426	-0.0990239
1.97562	-0.0985011
2.00698	-0.0978631
2.03834	-0.0988542
2.0697	-0.0990597
2.10106	-0.0984182
2.13242	-0.0968797
2.16378	-0.0944063
2.19514	-0.0909728
2.2265	-0.0865656
2.25785	-0.0811801
2.28921	-0.0748167
2.32057	-0.067474
2.35193	-0.0591412
2.38329	-0.0497862
2.41465	-0.0393433
2.44601	-0.0276979
2.47737	-0.0146705
2.50873	7.45287e-13
