0	0
0.0313591	-8.37902e-05
0.0627182	-0.00016996
0.0940773	-0.000260875
0.125436	-0.000358867
0.156795	-0.00046622
0.188155	-0.000585145
0.219514	-0.000717763
0.250873	-0.000866073
0.282232	-0.00103193
0.313591	-0.00121701
0.34495	-0.00142279
0.376309	-0.00165052
0.407668	-0.0019012
0.439027	-0.00217558
0.470386	-0.00247415
0.501746	-0.00279716
0.533105	-0.00314465
0.564464	-0.00351652
0.595823	-0.00391259
0.627182	-0.00433272
0.658541	-0.00477694
0.6899	-0.0052456
0.721259	-0.00573957
0.752618	-0.00626045
0.783977	-0.00681079
0.815336	-0.00739435
0.846696	-0.0080163
0.878055	-0.00868353
0.909414	-0.00940478
0.940773	-0.0101909
0.972132	-0.0110549
1.00349	-0.0120121
1.03485	-0.0130799
1.06621	-0.0142778
1.09757	-0.0156269
1.12893	-0.0171499
1.16029	-0.0188697
1.19165	-0.0208094
1.223	-0.022991
1.25436	-0.0254341
1.28572	-0.0281553
1.31708	-0.0311661
1.34844	-0.0344724
1.3798	-0.0380725
1.41116	-0.0419563
1.44252	-0.0461042
1.47388	-0.0504861
1.50524	-0.0550611
1.5366	-0.0597776
1.56795	-0.0645733
1.59931	-0.0693766
1.63067	-0.0741073
1.66203	-0.0786791
1.69339	-0.0830013
1.72475	-0.086982
1.75611	-0.0905307
1.78747	-0.0935612
1.81883	-0.0959949
1.85019	-0.0977635
1.88155	-0.0988119
1.9129	-0.0990995
1.94426	-0.0986029
1.97562	-0.0973157
2.00698	-0.0959192
2.03834	-0.0961125
2.0697	-0.0955295
2.10106	-0.094132
2.13242	-0.0918946
2.16378	-0.088806
2.19514	-0.0848681
2.2265	-0.0800944
2.25785	-0.074507
2.28921	-0.0681312
2.32057	-0.0609889
2.35193	-0.0530891
2.38329	-0.0444162
2.41465	-0.0349166
2.44601	-0.0244823
2.47737	-0.0129335
2.50873	7.45287e-13
