0	0
0.0313591	-0.000120687
0.0627182	-0.000244123
0.0940773	-0.000373023
0.125436	-0.000510032
0.156795	-0.00065769
0.188155	-0.000818399
0.219514	-0.000994386
0.250873	-0.00118767
0.282232	-0.00140004
0.313591	-0.00163302
0.34495	-0.00188784
0.376309	-0.00216546
0.407668	-0.00246654
0.439027	-0.00279148
0.470386	-0.00314045
0.501746	-0.00351343
0.533105	-0.00391034
0.564464	-0.00433109
0.595823	-0.00477577
0.627182	-0.00524476
0.658541	-0.00573898
0.6899	-0.00626004
0.721259	-0.00681051
0.752618	-0.00739415
0.783977	-0.00801617
0.815336	-0.00868344
0.846696	-0.00940472
0.878055	-0.0101909
0.909414	-0.0110549
0.940773	-0.0120121
0.972132	-0.0130799
1.00349	-0.0142778
1.03485	-0.0156269
1.06621	-0.0171499
1.09757	-0.0188697
1.12893	-0.0208094
1.16029	-0.022991
1.19165	-0.0254342
1.223	-0.0281553
1.25436	-0.0311662
1.28572	-0.0344725
1.31708	-0.0380726
1.34844	-0.0419565
1.3798	-0.0461044
1.41116	-0.0504864
1.44252	-0.0550615
1.47388	-0.0597783
1.50524	-0.0645744
1.5366	-0.0693782
1.56795	-0.0741097
1.59931	-0.0786826
1.63067	-0.0830065
1.66203	-0.0869897
1.69339	-0.0905417
1.72475	-0.093577
1.75611	-0.0960174
1.78747	-0.0977954
1.81883	-0.0988564
1.85019	-0.0991614
1.88155	-0.0986881
1.9129	-0.0974321
1.94426	-0.095407
1.97562	-0.0926442
2.00698	-0.0898185
2.03834	-0.0884995
2.0697	-0.0864728
2.10106	-0.0837431
2.13242	-0.0803296
2.16378	-0.0762655
2.19514	-0.0715964
2.2265	-0.0663773
2.25785	-0.0606685
2.28921	-0.0545297
2.32057	-0.0480125
2.35193	-0.041151
2.38329	-0.0339501
2.41465	-0.0263719
2.44601	-0.0183198
2.47737	-0.00961968
2.50873	7.45287e-13
