0	0
0.0313591	-0.000143173
0.0627182	-0.000289233
0.0940773	-0.000441022
0.125436	-0.000601292
0.156795	-0.000772665
0.188155	-0.000957587
0.219514	-0.00115829
0.250873	-0.00137677
0.282232	-0.00161472
0.313591	-0.00187357
0.34495	-0.00215442
0.376309	-0.00245806
0.407668	-0.00278502
0.439027	-0.00313557
0.470386	-0.00350977
0.501746	-0.00390762
0.533105	-0.00432908
0.564464	-0.00477429
0.595823	-0.00524369
0.627182	-0.00573821
0.658541	-0.00625949
0.6899	-0.00681012
0.721259	-0.00739387
0.752618	-0.00801598
0.783977	-0.0086833
0.815336	-0.00940463
0.846696	-0.0101908
0.878055	-0.0110548
0.909414	-0.012012
0.940773	-0.0130798
0.972132	-0.0142777
1.00349	-0.0156269
1.03485	-0.0171499
1.06621	-0.0188697
1.09757	-0.0208094
1.12893	-0.022991
1.16029	-0.0254342
1.19165	-0.0281553
1.223	-0.0311662
1.25436	-0.0344725
1.28572	-0.0380726
1.31708	-0.0419565
1.34844	-0.0461044
1.3798	-0.0504864
1.41116	-0.0550616
1.44252	-0.0597784
1.47388	-0.0645745
1.50524	-0.0693784
1.5366	-0.07411
1.56795	-0.0786831
1.59931	-0.0830073
1.63067	-0.0869908
1.66203	-0.0905434
1.69339	-0.0935795
1.72475	-0.096021
1.75611	-0.0978006
1.78747	-0.0988639
1.81883	-0.0991721
1.85019	-0.0987032
1.88155	-0.0974532
1.9129	-0.0954365
1.94426	-0.0926849
1.97562	-0.0892471
2.00698	-0.0857853
2.03834	-0.0837869
2.0697	-0.081137
2.10106	-0.0778593
2.13242	-0.0739912
2.16378	-0.0695831
2.19514	-0.0646963
2.2265	-0.0593998
2.25785	-0.0537655
2.28921	-0.0478624
2.32057	-0.0417498
2.35193	-0.0354674
2.38329	-0.0290248
2.41465	-0.0223887
2.44601	-0.0154673
2.47737	-0.00809265
2.50873	7.45287e-13
