0	0
0.0313591	-0.000168546
0.0627182	-0.000340071
0.0940773	-0.000517502
0.125436	-0.000703655
0.156795	-0.000901189
0.188155	-0.00111256
0.219514	-0.00133997
0.250873	-0.00158534
0.282232	-0.0018503
0.313591	-0.00213612
0.34495	-0.0024438
0.376309	-0.00277398
0.407668	-0.00312709
0.439027	-0.00350331
0.470386	-0.00390273
0.501746	-0.00432542
0.533105	-0.00477157
0.564464	-0.00524168
0.595823	-0.00573673
0.627182	-0.00625841
0.658541	-0.00680934
0.6899	-0.00739332
0.721259	-0.00801558
0.752618	-0.00868302
0.783977	-0.00940444
0.815336	-0.0101907
0.846696	-0.0110548
0.878055	-0.012012
0.909414	-0.0130798
0.940773	-0.0142777
0.972132	-0.0156269
1.00349	-0.0171499
1.03485	-0.0188697
1.06621	-0.0208094
1.09757	-0.022991
1.12893	-0.0254341
1.16029	-0.0281553
1.19165	-0.0311662
1.223	-0.0344725
1.25436	-0.0380726
1.28572	-0.0419565
1.31708	-0.0461044
1.34844	-0.0504864
1.3798	-0.0550616
1.41116	-0.0597784
1.44252	-0.0645746
1.47388	-0.0693785
1.50524	-0.0741102
1.5366	-0.0786833
1.56795	-0.0830076
1.59931	-0.0869913
1.63067	-0.0905441
1.66203	-0.0935806
1.69339	-0.0960227
1.72475	-0.097803
1.75611	-0.0988675
1.78747	-0.0991772
1.81883	-0.0987106
1.85019	-0.0974639
1.88155	-0.0954516
1.9129	-0.0927061
1.94426	-0.0892766
1.97562	-0.085227
2.00698	-0.0812009
2.03834	-0.0785936
2.0697	-0.075403
2.10106	-0.0716689
2.13242	-0.0674438
2.16378	-0.0627919
2.19514	-0.0577858
2.2265	-0.0525038
2.25785	-0.0470249
2.28921	-0.041423
2.32057	-0.0357605
2.35193	-0.030079
2.38329	-0.0243902
2.41465	-0.0186636
2.44601	-0.012812
2.47737	-0.0066754
2.50873	7.45287e-13
