0	0
0.0313591	-0.000196898
0.0627182	-0.000396815
0.0940773	-0.000602705
0.125436	-0.000817399
0.156795	-0.00104355
0.188155	-0.00128357
0.219514	-0.00153961
0.250873	-0.0018135
0.282232	-0.00210674
0.313591	-0.00242052
0.34495	-0.00275569
0.376309	-0.00311282
0.407668	-0.00349227
0.439027	-0.00389425
0.470386	-0.00431896
0.501746	-0.00476668
0.533105	-0.00523802
0.564464	-0.00573401
0.595823	-0.0062564
0.627182	-0.00680787
0.658541	-0.00739225
0.6899	-0.00801481
0.721259	-0.00868247
0.752618	-0.00940404
0.783977	-0.0101904
0.815336	-0.0110546
0.846696	-0.0120118
0.878055	-0.0130797
0.909414	-0.0142776
0.940773	-0.0156269
0.972132	-0.0171498
1.00349	-0.0188697
1.03485	-0.0208094
1.06621	-0.022991
1.09757	-0.0254341
1.12893	-0.0281553
1.16029	-0.0311662
1.19165	-0.0344725
1.223	-0.0380726
1.25436	-0.0419565
1.28572	-0.0461044
1.31708	-0.0504864
1.34844	-0.0550616
1.3798	-0.0597784
1.41116	-0.0645746
1.44252	-0.0693785
1.47388	-0.0741102
1.50524	-0.0786834
1.5366	-0.0830077
1.56795	-0.0869915
1.59931	-0.0905445
1.63067	-0.0935811
1.66203	-0.0960234
1.69339	-0.0978041
1.72475	-0.0988691
1.75611	-0.0991797
1.78747	-0.0987142
1.81883	-0.0974691
1.85019	-0.095459
1.88155	-0.0927168
1.9129	-0.0892917
1.94426	-0.0852482
1.97562	-0.0806634
2.00698	-0.0761559
2.03834	-0.0730212
2.0697	-0.0693805
2.10106	-0.0652868
2.13242	-0.0608045
2.16378	-0.0560074
2.19514	-0.0509758
2.2265	-0.0457929
2.25785	-0.0405406
2.28921	-0.0352937
2.32057	-0.030114
2.35193	-0.0250425
2.38329	-0.0200903
2.41465	-0.0152285
2.44601	-0.0103748
2.47737	-0.00537833
2.50873	7.45287e-13
