0	0
0.0313591	0.0107276
0.0627182	0.0212903
0.0940773	0.0315271
0.125436	0.0412842
0.156795	0.0504188
0.188155	0.0588021
0.219514	0.0663225
0.250873	0.0728874
0.282232	0.0784256
0.313591	0.0828886
0.34495	0.0862509
0.376309	0.0885103
0.407668	0.0896875
0.439027	0.089824
0.470386	0.0889813
0.501746	0.0872376
0.533105	0.0846851
0.564464	0.0814274
0.595823	0.0775753
0.627182	0.0732436
0.658541	0.0685482
0.6899	0.0636021
0.721259	0.0585132
0.752618	0.0533814
0.783977	0.0482969
0.815336	0.0433385
0.846696	0.0385727
0.878055	0.0340534
0.909414	0.0298218
0.940773	0.0259068
0.972132	0.0223262
1.00349	0.0190873
1.03485	0.0161888
1.06621	0.0136218
1.09757	0.0113711
1.12893	0.00941741
1.16029	0.00773788
1.19165	0.0063078
1.223	0.00510155
1.25436	0.00409353
1.28572	0.00325887
1.31708	0.00257401
1.34844	0.00201711
1.3798	0.00156829
1.41116	0.00120977
1.44252	0.000925885
1.47388	0.000703058
1.50524	0.000529671
1.5366	0.000395915
1.56795	0.000293616
1.59931	0.000216042
1.63067	0.000157717
1.66203	0.000114236
1.69339	8.20931e-05
1.72475	5.85319e-05
1.75611	4.14056e-05
1.78747	2.90606e-05
1.81883	2.02359e-05
1.85019	1.39798e-05
1.88155	9.5809e-06
1.9129	6.51282e-06
1.94426	4.38958e-06
1.97562	2.93076e-06
2.00698	1.94795e-06
2.03834	1.30825e-06
2.0697	8.66113e-07
2.10106	5.64848e-07
2.13242	3.62604e-07
2.16378	2.28936e-07
2.19514	1.42037e-07
2.2265	8.64986e-08
2.25785	5.16506e-08
2.28921	3.01814e-08
2.32057	1.71819e-08
2.35193	9.5581e-09
2.38329	5.22369e-09
2.41465	2.79163e-09
2.44601	1.41953e-09
2.47737	6.00774e-10
2.50873	7.45287e-13
