0	0
0.0313591	-0.000262633
0.0627182	-0.000528166
0.0940773	-0.000799426
0.125436	-0.00107909
0.156795	-0.00136965
0.188155	-0.00167331
0.219514	-0.001992
0.250873	-0.00232732
0.282232	-0.00268057
0.313591	-0.00305275
0.34495	-0.00344459
0.376309	-0.00385671
0.407668	-0.00428962
0.439027	-0.00474394
0.470386	-0.00522051
0.501746	-0.00572064
0.533105	-0.00624628
0.564464	-0.00680026
0.595823	-0.00738657
0.627182	-0.00801061
0.658541	-0.00867939
0.6899	-0.00940179
0.721259	-0.0101888
0.752618	-0.0110534
0.783977	-0.012011
0.815336	-0.0130791
0.846696	-0.0142772
0.878055	-0.0156266
0.909414	-0.0171496
0.940773	-0.0188695
0.972132	-0.0208093
1.00349	-0.0229909
1.03485	-0.0254341
1.06621	-0.0281553
1.09757	-0.0311661
1.12893	-0.0344724
1.16029	-0.0380726
1.19165	-0.0419565
1.223	-0.0461044
1.25436	-0.0504864
1.28572	-0.0550616
1.31708	-0.0597784
1.34844	-0.0645746
1.3798	-0.0693786
1.41116	-0.0741103
1.44252	-0.0786835
1.47388	-0.0830078
1.50524	-0.0869916
1.5366	-0.0905446
1.56795	-0.0935814
1.59931	-0.0960239
1.63067	-0.0978048
1.66203	-0.0988702
1.69339	-0.0991813
1.72475	-0.0987166
1.75611	-0.0974726
1.78747	-0.0954643
1.81883	-0.0927244
1.85019	-0.0893027
1.88155	-0.085264
1.9129	-0.080686
1.94426	-0.075656
1.97562	-0.0702686
2.00698	-0.0650765
2.03834	-0.0611589
2.0697	-0.0569053
2.10106	-0.0523864
2.13242	-0.0476798
2.16378	-0.042868
2.19514	-0.0380352
2.2265	-0.0332641
2.25785	-0.0286321
2.28921	-0.0242068
2.32057	-0.0200415
2.35193	-0.0161692
2.38329	-0.0125963
2.41465	-0.00929522
2.44601	-0.00619372
2.47737	-0.0031629
2.50873	7.45287e-13
