0	0
0.0313591	-0.000299897
0.0627182	-0.000602527
0.0940773	-0.000910549
0.125436	-0.00122648
0.156795	-0.00155262
0.188155	-0.00189105
0.219514	-0.00224353
0.250873	-0.00261156
0.282232	-0.00299635
0.313591	-0.00339886
0.34495	-0.00381991
0.376309	-0.00426024
0.407668	-0.00472066
0.439027	-0.00520222
0.470386	-0.00570637
0.501746	-0.00623523
0.533105	-0.00679178
0.564464	-0.00738011
0.595823	-0.00800572
0.627182	-0.00867572
0.658541	-0.00939907
0.6899	-0.0101867
0.721259	-0.0110519
0.752618	-0.0120099
0.783977	-0.0130783
0.815336	-0.0142767
0.846696	-0.0156262
0.878055	-0.0171494
0.909414	-0.0188694
0.940773	-0.0208092
0.972132	-0.0229908
1.00349	-0.025434
1.03485	-0.0281552
1.06621	-0.0311661
1.09757	-0.0344724
1.12893	-0.0380726
1.16029	-0.0419565
1.19165	-0.0461044
1.223	-0.0504864
1.25436	-0.0550616
1.28572	-0.0597784
1.31708	-0.0645746
1.34844	-0.0693786
1.3798	-0.0741103
1.41116	-0.0786835
1.44252	-0.0830078
1.47388	-0.0869916
1.50524	-0.0905447
1.5366	-0.0935814
1.56795	-0.0960239
1.59931	-0.0978049
1.63067	-0.0988703
1.66203	-0.0991815
1.69339	-0.0987169
1.72475	-0.0974731
1.75611	-0.095465
1.78747	-0.0927255
1.81883	-0.0893044
1.85019	-0.0852665
1.88155	-0.0806895
1.9129	-0.0756612
1.94426	-0.0702761
1.97562	-0.0646328
2.00698	-0.0592439
2.03834	-0.0550763
2.0697	-0.0506598
2.10106	-0.0460691
2.13242	-0.0413838
2.16378	-0.0366858
2.19514	-0.0320568
2.2265	-0.0275751
2.25785	-0.0233121
2.28921	-0.0193287
2.32057	-0.0156716
2.35193	-0.0123683
2.38329	-0.00942199
2.41465	-0.00680529
2.44601	-0.00445157
2.47737	-0.00224398
2.50873	7.45287e-13
