0	0
0.0313591	-0.000339894
0.0627182	-0.00068228
0.0940773	-0.00102958
0.125436	-0.00138408
0.156795	-0.00174788
0.188155	-0.00212285
0.219514	-0.00251061
0.250873	-0.00291256
0.282232	-0.00332985
0.313591	-0.00376351
0.34495	-0.00421451
0.376309	-0.00468386
0.407668	-0.00517284
0.439027	-0.0056831
0.470386	-0.00621694
0.501746	-0.00677751
0.533105	-0.00736907
0.564464	-0.00799724
0.595823	-0.00866926
0.627182	-0.00939418
0.658541	-0.0101831
0.6899	-0.0110492
0.721259	-0.0120079
0.752618	-0.0130769
0.783977	-0.0142756
0.815336	-0.0156254
0.846696	-0.0171488
0.878055	-0.018869
0.909414	-0.0208089
0.940773	-0.0229906
0.972132	-0.0254339
1.00349	-0.0281551
1.03485	-0.031166
1.06621	-0.0344724
1.09757	-0.0380726
1.12893	-0.0419565
1.16029	-0.0461044
1.19165	-0.0504864
1.223	-0.0550616
1.25436	-0.0597784
1.28572	-0.0645746
1.31708	-0.0693786
1.34844	-0.0741103
1.3798	-0.0786835
1.41116	-0.0830078
1.44252	-0.0869916
1.47388	-0.0905447
1.50524	-0.0935814
1.5366	-0.0960239
1.56795	-0.0978049
1.59931	-0.0988704
1.63067	-0.0991816
1.66203	-0.0987171
1.69339	-0.0974733
1.72475	-0.0954653
1.75611	-0.092726
1.78747	-0.0893051
1.81883	-0.0852676
1.85019	-0.0806912
1.88155	-0.0756636
1.9129	-0.0702797
1.94426	-0.0646379
1.97562	-0.0588377
2.00698	-0.0533482
2.03834	-0.0490235
2.0697	-0.0445347
2.10106	-0.0399576
2.13242	-0.035371
2.16378	-0.0308538
2.19514	-0.0264827
2.2265	-0.0223295
2.25785	-0.0184582
2.28921	-0.0149221
2.32057	-0.0117604
2.35193	-0.00899476
2.38329	-0.00662534
2.41465	-0.00462516
2.44601	-0.0029334
2.47737	-0.00144564
2.50873	7.45287e-13
