0	0
0.0313591	-0.000382382
0.0627182	-0.000766945
0.0940773	-0.00115581
0.125436	-0.00155098
0.156795	-0.0019543
0.188155	-0.00236744
0.219514	-0.00279187
0.250873	-0.0032289
0.282232	-0.00367972
0.313591	-0.0041455
0.34495	-0.00462747
0.376309	-0.00512711
0.407668	-0.0056463
0.439027	-0.00618756
0.470386	-0.00675423
0.501746	-0.00735078
0.533105	-0.00798298
0.564464	-0.00865822
0.595823	-0.0093857
0.627182	-0.0101766
0.658541	-0.0110443
0.6899	-0.0120043
0.721259	-0.0130741
0.752618	-0.0142736
0.783977	-0.0156239
0.815336	-0.0171477
0.846696	-0.0188682
0.878055	-0.0208084
0.909414	-0.0229902
0.940773	-0.0254336
0.972132	-0.0281549
1.00349	-0.0311659
1.03485	-0.0344723
1.06621	-0.0380725
1.09757	-0.0419564
1.12893	-0.0461044
1.16029	-0.0504864
1.19165	-0.0550616
1.223	-0.0597784
1.25436	-0.0645746
1.28572	-0.0693786
1.31708	-0.0741103
1.34844	-0.0786835
1.3798	-0.0830078
1.41116	-0.0869916
1.44252	-0.0905447
1.47388	-0.0935814
1.50524	-0.0960239
1.5366	-0.0978049
1.56795	-0.0988704
1.59931	-0.0991816
1.63067	-0.0987171
1.66203	-0.0974734
1.69339	-0.0954655
1.72475	-0.0927262
1.75611	-0.0893054
1.78747	-0.0852681
1.81883	-0.0806919
1.85019	-0.0756647
1.88155	-0.0702813
1.9129	-0.0646404
1.94426	-0.0588412
1.97562	-0.0529809
2.00698	-0.0474826
2.03834	-0.0430892
2.0697	-0.0386118
2.10106	-0.0341249
2.13242	-0.029704
2.16378	-0.0254228
2.19514	-0.0213513
2.2265	-0.0175536
2.25785	-0.0140854
2.28921	-0.0109916
2.32057	-0.00830414
2.35193	-0.00603903
2.38329	-0.00419343
2.41465	-0.00274134
2.44601	-0.00162795
2.47737	-0.000761306
2.50873	7.45287e-13
