0	0
0.0313591	-0.000427051
0.0627182	-0.000855912
0.0940773	-0.00128835
0.125436	-0.00172603
0.156795	-0.00217054
0.188155	-0.00262333
0.219514	-0.00308573
0.250873	-0.00355904
0.282232	-0.00404455
0.313591	-0.00454368
0.34495	-0.0050581
0.376309	-0.0055899
0.407668	-0.00614183
0.439027	-0.00671744
0.470386	-0.0073214
0.501746	-0.0079597
0.533105	-0.00863993
0.564464	-0.00937144
0.595823	-0.0101656
0.627182	-0.0110358
0.658541	-0.0119978
0.6899	-0.0130693
0.721259	-0.0142699
0.752618	-0.0156212
0.783977	-0.0171457
0.815336	-0.0188667
0.846696	-0.0208073
0.878055	-0.0229895
0.909414	-0.0254331
0.940773	-0.0281545
0.972132	-0.0311656
1.00349	-0.0344721
1.03485	-0.0380724
1.06621	-0.0419563
1.09757	-0.0461043
1.12893	-0.0504863
1.16029	-0.0550616
1.19165	-0.0597784
1.223	-0.0645746
1.25436	-0.0693785
1.28572	-0.0741103
1.31708	-0.0786835
1.34844	-0.0830078
1.3798	-0.0869916
1.41116	-0.0905447
1.44252	-0.0935814
1.47388	-0.0960239
1.50524	-0.0978049
1.5366	-0.0988704
1.56795	-0.0991816
1.59931	-0.0987171
1.63067	-0.0974735
1.66203	-0.0954655
1.69339	-0.0927263
1.72475	-0.0893056
1.75611	-0.0852683
1.78747	-0.0806922
1.81883	-0.0756652
1.85019	-0.0702821
1.88155	-0.0646415
1.9129	-0.0588429
1.94426	-0.0529833
1.97562	-0.0471547
2.00698	-0.0417329
2.03834	-0.0373523
2.0697	-0.0329612
2.10106	-0.0286308
2.13242	-0.024431
2.16378	-0.020429
2.19514	-0.016687
2.2265	-0.0132604
2.25785	-0.0101963
2.28921	-0.00753125
2.32057	-0.0052902
2.35193	-0.00348407
2.38329	-0.00210762
2.41465	-0.00113623
2.44601	-0.000521289
2.47737	-0.000183081
2.50873	7.45287e-13
