0	0
0.0313591	-0.000669024
0.0627182	-0.00133785
0.0940773	-0.00200641
0.125436	-0.0026749
0.156795	-0.00334389
0.188155	-0.00401455
0.219514	-0.00468871
0.250873	-0.00536916
0.282232	-0.00605975
0.313591	-0.00676563
0.34495	-0.00749348
0.376309	-0.00825168
0.407668	-0.00905049
0.439027	-0.00990221
0.470386	-0.0108213
0.501746	-0.0118243
0.533105	-0.01293
0.564464	-0.014159
0.595823	-0.0155335
0.627182	-0.0170769
0.658541	-0.0188131
0.6899	-0.0207658
0.721259	-0.0229576
0.752618	-0.0254088
0.783977	-0.0281362
0.815336	-0.0311519
0.846696	-0.0344618
0.878055	-0.0380648
0.909414	-0.0419508
0.940773	-0.0461003
0.972132	-0.0504834
1.00349	-0.0550595
1.03485	-0.0597769
1.06621	-0.0645736
1.09757	-0.0693778
1.12893	-0.0741097
1.16029	-0.0786831
1.19165	-0.0830076
1.223	-0.0869915
1.25436	-0.0905446
1.28572	-0.0935813
1.31708	-0.0960239
1.34844	-0.0978049
1.3798	-0.0988704
1.41116	-0.0991816
1.44252	-0.0987171
1.47388	-0.0974735
1.50524	-0.0954656
1.5366	-0.0927263
1.56795	-0.0893057
1.59931	-0.0852684
1.63067	-0.0806925
1.66203	-0.0756656
1.69339	-0.0702826
1.72475	-0.0646423
1.75611	-0.0588442
1.78747	-0.0529853
1.81883	-0.0471576
1.85019	-0.0414458
1.88155	-0.0359253
1.9129	-0.0306605
1.94426	-0.0257046
1.97562	-0.0210985
2.00698	-0.0169903
2.03834	-0.013565
2.0697	-0.010361
2.10106	-0.00741481
2.13242	-0.00475787
2.16378	-0.00241659
2.19514	-0.000412091
2.2265	0.0012397
2.25785	0.00252788
2.28921	0.00344629
2.32057	0.00399326
2.35193	0.00417145
2.38329	0.00398799
2.41465	0.00345511
2.44601	0.0025916
2.47737	0.00142569
2.50873	7.45287e-13
