0	0
0.0313591	0.0106126
0.0627182	0.0210777
0.0940773	0.0312506
0.125436	0.0409921
0.156795	0.050171
0.188155	0.0586672
0.219514	0.0663734
0.250873	0.0731976
0.282232	0.0790654
0.313591	0.0839207
0.34495	0.0877275
0.376309	0.0904703
0.407668	0.0921542
0.439027	0.0928045
0.470386	0.0924655
0.501746	0.0911992
0.533105	0.0890827
0.564464	0.0862063
0.595823	0.0826703
0.627182	0.0785817
0.658541	0.0740515
0.6899	0.0691909
0.721259	0.064109
0.752618	0.0589095
0.783977	0.0536886
0.815336	0.048533
0.846696	0.0435184
0.878055	0.0387087
0.909414	0.0341552
0.940773	0.0298974
0.972132	0.0259625
1.00349	0.0223669
1.03485	0.0191168
1.06621	0.01621
1.09757	0.0136368
1.12893	0.0113818
1.16029	0.00942488
1.19165	0.00774307
1.223	0.00631137
1.25436	0.005104
1.28572	0.00409519
1.31708	0.00325998
1.34844	0.00257475
1.3798	0.0020176
1.41116	0.00156861
1.44252	0.00120998
1.47388	0.00092602
1.50524	0.000703145
1.5366	0.000529726
1.56795	0.00039595
1.59931	0.000293637
1.63067	0.000216055
1.66203	0.000157725
1.69339	0.00011424
1.72475	8.20957e-05
1.75611	5.85331e-05
1.78747	4.14058e-05
1.81883	2.90598e-05
1.85019	2.0234e-05
1.88155	1.39765e-05
1.9129	9.57561e-06
1.94426	6.50457e-06
1.97562	4.37693e-06
2.00698	2.93208e-06
2.03834	1.98494e-06
2.0697	1.32479e-06
2.10106	8.71122e-07
2.13242	5.6391e-07
2.16378	3.59086e-07
2.19514	2.24718e-07
2.2265	1.38084e-07
2.25785	8.32011e-08
2.28921	4.9113e-08
2.32057	2.83138e-08
2.35193	1.5879e-08
2.38329	8.69215e-09
2.41465	4.64312e-09
2.44601	2.35916e-09
2.47737	9.97681e-10
2.50873	7.45287e-13
