0	0
0.0313591	-0.000718287
0.0627182	-0.00143619
0.0940773	-0.0021535
0.125436	-0.00287037
0.156795	-0.0035875
0.188155	-0.00430633
0.219514	-0.00502927
0.250873	-0.00575985
0.282232	-0.006503
0.313591	-0.00726521
0.34495	-0.00805478
0.376309	-0.00888194
0.407668	-0.00975904
0.439027	-0.0107006
0.470386	-0.0117234
0.501746	-0.0128463
0.533105	-0.01409
0.564464	-0.0154771
0.595823	-0.0170311
0.627182	-0.0187763
0.658541	-0.0207364
0.6899	-0.0229344
0.721259	-0.0253905
0.752618	-0.0281219
0.783977	-0.0311408
0.815336	-0.0344534
0.846696	-0.0380583
0.878055	-0.0419459
0.909414	-0.0460966
0.940773	-0.0504807
0.972132	-0.0550575
1.00349	-0.0597754
1.03485	-0.0645725
1.06621	-0.069377
1.09757	-0.0741092
1.12893	-0.0786827
1.16029	-0.0830073
1.19165	-0.0869913
1.223	-0.0905444
1.25436	-0.0935812
1.28572	-0.0960238
1.31708	-0.0978049
1.34844	-0.0988703
1.3798	-0.0991816
1.41116	-0.0987171
1.44252	-0.0974735
1.47388	-0.0954655
1.50524	-0.0927263
1.5366	-0.0893057
1.56795	-0.0852684
1.59931	-0.0806925
1.63067	-0.0756656
1.66203	-0.0702826
1.69339	-0.0646423
1.72475	-0.0588442
1.75611	-0.0529853
1.78747	-0.0471576
1.81883	-0.0414459
1.85019	-0.0359253
1.88155	-0.0306606
1.9129	-0.0257047
1.94426	-0.0210987
1.97562	-0.016872
2.00698	-0.0131343
2.03834	-0.0100044
2.0697	-0.00711399
2.10106	-0.00449186
2.13242	-0.00216203
2.16378	-0.000143794
2.19514	0.00154815
2.2265	0.00290346
2.25785	0.00391576
2.28921	0.00458222
2.32057	0.00490316
2.35193	0.00488176
2.38329	0.00452406
2.41465	0.00383941
2.44601	0.00284162
2.47737	0.00155131
2.50873	7.45287e-13
