0	0
0.0313591	-0.000815646
0.0627182	-0.00163112
0.0940773	-0.00244653
0.125436	-0.00326258
0.156795	-0.00408082
0.188155	-0.00490394
0.219514	-0.00573605
0.250873	-0.00658293
0.282232	-0.00745225
0.313591	-0.00835378
0.34495	-0.00929951
0.376309	-0.0103038
0.407668	-0.0113833
0.439027	-0.012557
0.470386	-0.0138459
0.501746	-0.0152726
0.533105	-0.0168612
0.564464	-0.0186361
0.595823	-0.0206217
0.627182	-0.0228412
0.658541	-0.0253154
0.6899	-0.0280619
0.721259	-0.0310932
0.752618	-0.0344158
0.783977	-0.038029
0.815336	-0.0419231
0.846696	-0.0460791
0.878055	-0.0504673
0.909414	-0.0550474
0.940773	-0.0597678
0.972132	-0.0645668
1.00349	-0.0693728
1.03485	-0.0741061
1.06621	-0.0786805
1.09757	-0.0830057
1.12893	-0.0869901
1.16029	-0.0905436
1.19165	-0.0935807
1.223	-0.0960234
1.25436	-0.0978046
1.28572	-0.0988701
1.31708	-0.0991815
1.34844	-0.098717
1.3798	-0.0974734
1.41116	-0.0954655
1.44252	-0.0927263
1.47388	-0.0893056
1.50524	-0.0852684
1.5366	-0.0806925
1.56795	-0.0756656
1.59931	-0.0702826
1.63067	-0.0646423
1.66203	-0.0588442
1.69339	-0.0529853
1.72475	-0.0471576
1.75611	-0.0414459
1.78747	-0.0359254
1.81883	-0.0306606
1.85019	-0.0257048
1.88155	-0.0210989
1.9129	-0.0168722
1.94426	-0.0130429
1.97562	-0.0096184
2.00698	-0.00664353
2.03834	-0.00413058
2.0697	-0.00186989
2.10106	0.000123377
2.13242	0.00183792
2.16378	0.003266
2.19514	0.00440302
2.2265	0.00524695
2.25785	0.00579779
2.28921	0.00605701
2.32057	0.00602703
2.35193	0.00571084
2.38329	0.00511188
2.41465	0.00423422
2.44601	0.00308327
2.47737	0.00166728
2.50873	7.45287e-13
