0	0
0.0313591	-0.000863953
0.0627182	-0.00172824
0.0940773	-0.00259356
0.125436	-0.00346125
0.156795	-0.00433371
0.188155	-0.00521465
0.219514	-0.0061094
0.250873	-0.0070252
0.282232	-0.00797139
0.313591	-0.00895962
0.34495	-0.0100039
0.376309	-0.0111207
0.407668	-0.0123288
0.439027	-0.013649
0.470386	-0.0151041
0.501746	-0.016718
0.533105	-0.0185154
0.564464	-0.0205207
0.595823	-0.0227574
0.627182	-0.0252464
0.658541	-0.0280055
0.6899	-0.0310474
0.721259	-0.034379
0.752618	-0.0379996
0.783977	-0.0418999
0.815336	-0.0460608
0.846696	-0.0504531
0.878055	-0.0550363
0.909414	-0.0597593
0.940773	-0.0645604
0.972132	-0.0693679
1.00349	-0.0741024
1.03485	-0.0786777
1.06621	-0.0830037
1.09757	-0.0869886
1.12893	-0.0905425
1.16029	-0.0935799
1.19165	-0.0960229
1.223	-0.0978042
1.25436	-0.0988699
1.28572	-0.0991813
1.31708	-0.0987169
1.34844	-0.0974733
1.3798	-0.0954654
1.41116	-0.0927263
1.44252	-0.0893056
1.47388	-0.0852684
1.50524	-0.0806924
1.5366	-0.0756655
1.56795	-0.0702826
1.59931	-0.0646423
1.63067	-0.0588442
1.66203	-0.0529853
1.69339	-0.0471576
1.72475	-0.0414459
1.75611	-0.0359254
1.78747	-0.0306607
1.81883	-0.0257048
1.85019	-0.0210989
1.88155	-0.0168722
1.9129	-0.0130429
1.94426	-0.00961845
1.97562	-0.00659723
2.00698	-0.00399749
2.03834	-0.00179054
2.0697	0.000167428
2.10106	0.00186689
2.13242	0.00330164
2.16378	0.00446836
2.19514	0.00536613
2.2265	0.00599579
2.25785	0.00635942
2.28921	0.00645967
2.32057	0.00629938
2.35193	0.00588111
2.38329	0.005207
2.41465	0.0042789
2.44601	0.00309886
2.47737	0.00167028
2.50873	7.45287e-13
