0	0
0.0313591	-0.00101472
0.0627182	-0.00203357
0.0940773	-0.00306116
0.125436	-0.00410299
0.156795	-0.00516595
0.188155	-0.00625862
0.219514	-0.0073916
0.250873	-0.00857777
0.282232	-0.00983234
0.313591	-0.0111729
0.34495	-0.0126194
0.376309	-0.0141935
0.407668	-0.0159186
0.439027	-0.0178187
0.470386	-0.019918
0.501746	-0.0222399
0.533105	-0.0248054
0.564464	-0.0276324
0.595823	-0.0307343
0.627182	-0.0341182
0.658541	-0.0377839
0.6899	-0.0417229
0.721259	-0.0459167
0.752618	-0.0503366
0.783977	-0.0549429
0.815336	-0.059685
0.846696	-0.0645016
0.878055	-0.0693219
0.909414	-0.0740666
0.940773	-0.0786501
0.972132	-0.0829825
1.00349	-0.0869725
1.03485	-0.0905304
1.06621	-0.0935708
1.09757	-0.0960161
1.12893	-0.0977992
1.16029	-0.0988662
1.19165	-0.0991786
1.223	-0.098715
1.25436	-0.0974719
1.28572	-0.0954645
1.31708	-0.0927256
1.34844	-0.0893051
1.3798	-0.0852681
1.41116	-0.0806922
1.44252	-0.0756654
1.47388	-0.0702825
1.50524	-0.0646423
1.5366	-0.0588441
1.56795	-0.0529852
1.59931	-0.0471576
1.63067	-0.0414459
1.66203	-0.0359254
1.69339	-0.0306606
1.72475	-0.0257048
1.75611	-0.0210989
1.78747	-0.0168723
1.81883	-0.0130429
1.85019	-0.00961848
1.88155	-0.00659728
1.9129	-0.00396966
1.94426	-0.00171937
1.97562	0.000175004
2.00698	0.00175091
2.03834	0.0031168
2.0697	0.00426876
2.10106	0.00520912
2.13242	0.00594183
2.16378	0.00647193
2.19514	0.006805
2.2265	0.00694665
2.25785	0.00690202
2.28921	0.0066753
2.32057	0.00626935
2.35193	0.00568535
2.38329	0.00492255
2.41465	0.0039782
2.44601	0.00284751
2.47737	0.00152398
2.50873	7.45287e-13
