0	0
0.0313591	-0.00107113
0.0627182	-0.00214856
0.0940773	-0.00323904
0.125436	-0.00435031
0.156795	-0.00549145
0.188155	-0.00667331
0.219514	-0.00790874
0.250873	-0.00921278
0.282232	-0.0106027
0.313591	-0.012098
0.34495	-0.01372
0.376309	-0.0154915
0.407668	-0.0174363
0.439027	-0.0195782
0.470386	-0.02194
0.501746	-0.0245428
0.533105	-0.0274042
0.564464	-0.0305374
0.595823	-0.0339496
0.627182	-0.0376407
0.658541	-0.0416022
0.6899	-0.0458157
0.721259	-0.0502528
0.752618	-0.0548739
0.783977	-0.0596286
0.815336	-0.0644559
0.846696	-0.0692851
0.878055	-0.0740373
0.909414	-0.0786268
0.940773	-0.0829642
0.972132	-0.0869583
1.00349	-0.0905193
1.03485	-0.0935623
1.06621	-0.0960097
1.09757	-0.0977943
1.12893	-0.0988626
1.16029	-0.0991759
1.19165	-0.098713
1.223	-0.0974705
1.25436	-0.0954634
1.28572	-0.0927248
1.31708	-0.0893046
1.34844	-0.0852677
1.3798	-0.0806919
1.41116	-0.0756652
1.44252	-0.0702824
1.47388	-0.0646422
1.50524	-0.0588441
1.5366	-0.0529852
1.56795	-0.0471576
1.59931	-0.0414459
1.63067	-0.0359253
1.66203	-0.0306606
1.69339	-0.0257048
1.72475	-0.0210989
1.75611	-0.0168723
1.78747	-0.0130429
1.81883	-0.00961848
1.85019	-0.00659729
1.88155	-0.00396966
1.9129	-0.00171937
1.94426	0.000174996
1.97562	0.00173867
2.00698	0.00302049
2.03834	0.00414329
2.0697	0.00506881
2.10106	0.00580177
2.13242	0.00634802
2.16378	0.00671404
2.19514	0.00690643
2.2265	0.00693151
2.25785	0.00679478
2.28921	0.00650057
2.32057	0.00605165
2.35193	0.0054489
2.38329	0.00469107
2.41465	0.00377455
2.44601	0.00269325
2.47737	0.00143863
2.50873	7.45287e-13
