0	0
0.0313591	0.0103501
0.0627182	0.0205729
0.0940773	0.0305427
0.125436	0.0401375
0.156795	0.0492405
0.188155	0.0577423
0.219514	0.0655424
0.250873	0.0725514
0.282232	0.0786927
0.313591	0.0839043
0.34495	0.0881401
0.376309	0.0913714
0.407668	0.0935874
0.439027	0.0947958
0.470386	0.0950224
0.501746	0.0943107
0.533105	0.0927203
0.564464	0.0903256
0.595823	0.0872128
0.627182	0.0834781
0.658541	0.0792244
0.6899	0.0745584
0.721259	0.0695872
0.752618	0.0644162
0.783977	0.0591456
0.815336	0.0538685
0.846696	0.0486689
0.878055	0.0436202
0.909414	0.0387843
0.940773	0.034211
0.972132	0.0299381
1.00349	0.025992
1.03485	0.022388
1.06621	0.0191319
1.09757	0.0162207
1.12893	0.0136443
1.16029	0.011387
1.19165	0.00942845
1.223	0.00774551
1.25436	0.00631303
1.28572	0.00510511
1.31708	0.00409593
1.34844	0.00326047
1.3798	0.00257507
1.41116	0.00201781
1.44252	0.00156875
1.47388	0.00121006
1.50524	0.000926075
1.5366	0.00070318
1.56795	0.000529748
1.59931	0.000395963
1.63067	0.000293645
1.66203	0.00021606
1.69339	0.000157728
1.72475	0.000114242
1.75611	8.20958e-05
1.78747	5.85323e-05
1.81883	4.14039e-05
1.85019	2.90565e-05
1.88155	2.02287e-05
1.9129	1.39682e-05
1.94426	9.56296e-06
1.97562	6.48542e-06
2.00698	4.37877e-06
2.03834	2.98803e-06
2.0697	2.01049e-06
2.10106	1.33292e-06
2.13242	8.70103e-07
2.16378	5.58789e-07
2.19514	3.52748e-07
2.2265	2.18666e-07
2.25785	1.32974e-07
2.28921	7.92114e-08
2.32057	4.61709e-08
2.35193	2.62163e-08
2.38329	1.44481e-08
2.41465	7.72639e-09
2.44601	3.92416e-09
2.47737	1.6587e-09
2.50873	7.45287e-13
