0	0
0.0313591	-0.00150736
0.0627182	-0.00303859
0.0940773	-0.00461769
0.125436	-0.00626901
0.156795	-0.0080172
0.188155	-0.0098872
0.219514	-0.011904
0.250873	-0.0140924
0.282232	-0.0164762
0.313591	-0.0190777
0.34495	-0.0219166
0.376309	-0.0250091
0.407668	-0.0283668
0.439027	-0.0319953
0.470386	-0.0358929
0.501746	-0.0400496
0.533105	-0.0444461
0.564464	-0.049053
0.595823	-0.0538303
0.627182	-0.0587274
0.658541	-0.0636832
0.6899	-0.0686274
0.721259	-0.0734815
0.752618	-0.0781606
0.783977	-0.0825759
0.815336	-0.0866373
0.846696	-0.090256
0.878055	-0.0933478
0.909414	-0.0958362
0.940773	-0.0976551
0.972132	-0.0987517
1.00349	-0.0990882
1.03485	-0.0986441
1.06621	-0.0974168
1.09757	-0.0954219
1.12893	-0.092693
1.16029	-0.0892803
1.19165	-0.0852494
1.223	-0.0806782
1.25436	-0.0756549
1.28572	-0.0702748
1.31708	-0.0646366
1.34844	-0.05884
1.3798	-0.0529823
1.41116	-0.0471555
1.44252	-0.0414444
1.47388	-0.0359243
1.50524	-0.0306599
1.5366	-0.0257043
1.56795	-0.0210985
1.59931	-0.016872
1.63067	-0.0130428
1.66203	-0.00961837
1.69339	-0.00659721
1.72475	-0.00396961
1.75611	-0.00171934
1.78747	0.000175013
1.81883	0.00173868
1.85019	0.0029994
1.88155	0.00398634
1.9129	0.00472906
1.94426	0.00525675
1.97562	0.00559758
2.00698	0.00581883
2.03834	0.00605466
2.0697	0.00618058
2.10106	0.00620537
2.13242	0.00613761
2.16378	0.0059855
2.19514	0.00575668
2.2265	0.00545797
2.25785	0.00509521
2.28921	0.004673
2.32057	0.00419436
2.35193	0.00366043
2.38329	0.00306997
2.41465	0.00241881
2.44601	0.00169916
2.47737	0.000898774
2.50873	7.45287e-13
