0	0
0.0313591	-0.00165013
0.0627182	-0.00332854
0.0940773	-0.00506354
0.125436	-0.00688336
0.156795	-0.00881607
0.188155	-0.0108893
0.219514	-0.01313
0.250873	-0.0155636
0.282232	-0.0182137
0.313591	-0.0211009
0.34495	-0.024242
0.376309	-0.0276486
0.407668	-0.0313263
0.439027	-0.0352733
0.470386	-0.0394793
0.501746	-0.0439247
0.533105	-0.0485795
0.564464	-0.0534033
0.595823	-0.058345
0.627182	-0.0633433
0.658541	-0.0683275
0.6899	-0.0732189
0.721259	-0.0779323
0.752618	-0.0823791
0.783977	-0.0864688
0.815336	-0.0901128
0.846696	-0.0932271
0.878055	-0.0957352
0.909414	-0.0975713
0.940773	-0.0986826
0.972132	-0.0990318
1.00349	-0.0985984
1.03485	-0.09738
1.06621	-0.0953926
1.09757	-0.0926697
1.12893	-0.089262
1.16029	-0.0852351
1.19165	-0.0806671
1.223	-0.0756465
1.25436	-0.0702683
1.28572	-0.0646317
1.31708	-0.0588364
1.34844	-0.0529796
1.3798	-0.0471535
1.41116	-0.0414429
1.44252	-0.0359232
1.47388	-0.0306591
1.50524	-0.0257037
1.5366	-0.0210981
1.56795	-0.0168717
1.59931	-0.0130426
1.63067	-0.00961824
1.66203	-0.00659712
1.69339	-0.00396955
1.72475	-0.0017193
1.75611	0.000175041
1.78747	0.0017387
1.81883	0.00299941
1.85019	0.00398635
1.88155	0.00472907
1.9129	0.00525676
1.94426	0.00559758
1.97562	0.0057782
2.00698	0.00586441
2.03834	0.00598487
2.0697	0.00601081
2.10106	0.00595087
2.13242	0.00581347
2.16378	0.0056066
2.19514	0.00533772
2.2265	0.00501353
2.25785	0.00463984
2.28921	0.00422128
2.32057	0.00376102
2.35193	0.00326043
2.38329	0.00271855
2.41465	0.00213149
2.44601	0.00149174
2.47737	0.000787174
2.50873	7.45287e-13
