0	0
0.0313591	-0.00182118
0.0627182	-0.00367508
0.0940773	-0.00559421
0.125436	-0.0076106
0.156795	-0.00975548
0.188155	-0.0120588
0.219514	-0.0145489
0.250873	-0.0172513
0.282232	-0.0201883
0.313591	-0.023378
0.34495	-0.0268329
0.376309	-0.0305591
0.407668	-0.034555
0.439027	-0.0388103
0.470386	-0.0433051
0.501746	-0.0480093
0.533105	-0.0528819
0.564464	-0.0578715
0.595823	-0.0629163
0.627182	-0.0679452
0.658541	-0.072879
0.6899	-0.0776324
0.721259	-0.0821164
0.752618	-0.0862405
0.783977	-0.0899159
0.815336	-0.0930586
0.846696	-0.0955921
0.878055	-0.0974506
0.909414	-0.0985817
0.940773	-0.098948
0.972132	-0.0985294
1.00349	-0.0973236
1.03485	-0.0953468
1.06621	-0.0926329
1.09757	-0.0892327
1.12893	-0.0852118
1.16029	-0.0806488
1.19165	-0.0756322
1.223	-0.0702573
1.25436	-0.0646232
1.28572	-0.0588299
1.31708	-0.0529747
1.34844	-0.0471498
1.3798	-0.0414402
1.41116	-0.0359212
1.44252	-0.0306576
1.47388	-0.0257026
1.50524	-0.0210974
1.5366	-0.0168712
1.56795	-0.0130422
1.59931	-0.00961796
1.63067	-0.00659693
1.66203	-0.00396942
1.69339	-0.00171921
1.72475	0.000175105
1.75611	0.00173874
1.78747	0.00299944
1.81883	0.00398637
1.85019	0.00472908
1.88155	0.00525677
1.9129	0.00559759
1.94426	0.00577821
1.97562	0.00582347
2.00698	0.00579667
2.03834	0.0058196
2.0697	0.00576221
2.10106	0.00563292
2.13242	0.00543986
2.16378	0.00519076
2.19514	0.00489285
2.2265	0.00455269
2.25785	0.00417602
2.28921	0.00376749
2.32057	0.00333041
2.35193	0.00286636
2.38329	0.00237467
2.41465	0.0018518
2.44601	0.00129058
2.47737	0.000679181
2.50873	7.45287e-13
