0	0
0.0313591	-0.00226567
0.0627182	-0.00457201
0.0940773	-0.00695897
0.125436	-0.00946492
0.156795	-0.0121259
0.188155	-0.0149747
0.219514	-0.0180398
0.250873	-0.0213444
0.282232	-0.0249056
0.313591	-0.0287327
0.34495	-0.0328268
0.376309	-0.0371792
0.407668	-0.0417712
0.439027	-0.0465731
0.470386	-0.051544
0.501746	-0.0566322
0.533105	-0.0617753
0.564464	-0.0669014
0.595823	-0.0719305
0.627182	-0.0767765
0.658541	-0.0813495
0.6899	-0.0855582
0.721259	-0.0893134
0.752618	-0.0925304
0.783977	-0.0951325
0.815336	-0.0970538
0.846696	-0.0982416
0.878055	-0.0986588
0.909414	-0.0982853
0.940773	-0.0971192
0.972132	-0.0951769
1.00349	-0.0924927
1.03485	-0.0891179
1.06621	-0.0851186
1.09757	-0.0805737
1.12893	-0.0755721
1.16029	-0.0702096
1.19165	-0.0645857
1.223	-0.0588006
1.25436	-0.0529519
1.28572	-0.0471323
1.31708	-0.0414268
1.34844	-0.0359111
1.3798	-0.03065
1.41116	-0.025697
1.44252	-0.0210932
1.47388	-0.0168681
1.50524	-0.0130399
1.5366	-0.00961634
1.56795	-0.00659576
1.59931	-0.00396859
1.63067	-0.00171862
1.66203	0.000175516
1.69339	0.00173902
1.72475	0.00299964
1.75611	0.0039865
1.78747	0.00472917
1.81883	0.00525683
1.85019	0.00559763
1.88155	0.00577823
1.9129	0.00582349
1.94426	0.00575621
1.97562	0.00559712
2.00698	0.00540254
2.03834	0.0052778
2.0697	0.00509758
2.10106	0.00486956
2.13242	0.00460117
2.16378	0.00429953
2.19514	0.00397132
2.2265	0.00362273
2.25785	0.00325926
2.28921	0.00288551
2.32057	0.00250493
2.35193	0.0021194
2.38329	0.00172877
2.41465	0.00133019
2.44601	0.000917355
2.47737	0.000479467
2.50873	7.45287e-13
