0	0
0.0313591	0.00996029
0.0627182	0.0198151
0.0940773	0.0294598
0.125436	0.0387912
0.156795	0.0477087
0.188155	0.0561157
0.219514	0.0639203
0.250873	0.0710374
0.282232	0.0773903
0.313591	0.0829121
0.34495	0.0875482
0.376309	0.0912572
0.407668	0.0940129
0.439027	0.0958052
0.470386	0.0966409
0.501746	0.0965436
0.533105	0.0955535
0.564464	0.0937268
0.595823	0.0911334
0.627182	0.0878555
0.658541	0.083985
0.6899	0.0796208
0.721259	0.0748656
0.752618	0.0698234
0.783977	0.0645961
0.815336	0.0592816
0.846696	0.0539704
0.878055	0.0487446
0.909414	0.0436759
0.940773	0.038825
0.972132	0.0342404
1.00349	0.0299593
1.03485	0.0260071
1.06621	0.0223987
1.09757	0.0191393
1.12893	0.0162259
1.16029	0.0136479
1.19165	0.0113894
1.223	0.00943011
1.25436	0.00774662
1.28572	0.00631377
1.31708	0.0051056
1.34844	0.00409625
1.3798	0.00326068
1.41116	0.00257521
1.44252	0.0020179
1.47388	0.0015688
1.50524	0.0012101
1.5366	0.000926097
1.56795	0.000703193
1.59931	0.000529756
1.63067	0.000395968
1.66203	0.000293648
1.69339	0.000216061
1.72475	0.000157728
1.75611	0.000114241
1.78747	8.2094e-05
1.81883	5.8529e-05
1.85019	4.13986e-05
1.88155	2.90483e-05
1.9129	2.02161e-05
1.94426	1.39491e-05
1.97562	9.53422e-06
2.00698	6.48795e-06
2.03834	4.46274e-06
2.0697	3.02714e-06
2.10106	2.02353e-06
2.13242	1.33201e-06
2.16378	8.62748e-07
2.19514	5.49362e-07
2.2265	3.43571e-07
2.25785	2.10817e-07
2.28921	1.26761e-07
2.32057	7.45808e-08
2.35193	4.28537e-08
2.38329	2.38961e-08
2.41465	1.28486e-08
2.44601	6.53079e-09
2.47737	2.75989e-09
2.50873	7.45287e-13
