0	0
0.0313591	-0.00365957
0.0627182	-0.00736407
0.0940773	-0.0111564
0.125436	-0.0150754
0.156795	-0.0191541
0.188155	-0.0234175
0.219514	-0.0278817
0.250873	-0.0325517
0.282232	-0.0374209
0.313591	-0.0424701
0.34495	-0.0476672
0.376309	-0.0529676
0.407668	-0.0583141
0.439027	-0.0636388
0.470386	-0.0688644
0.501746	-0.0739062
0.533105	-0.0786746
0.564464	-0.0830783
0.595823	-0.0870271
0.627182	-0.0904352
0.658541	-0.0932246
0.6899	-0.0953278
0.721259	-0.0966906
0.752618	-0.0972747
0.783977	-0.0970588
0.815336	-0.0960401
0.846696	-0.0942343
0.878055	-0.0916753
0.909414	-0.0884143
0.940773	-0.0845173
0.972132	-0.0800637
1.00349	-0.0751427
1.03485	-0.0698507
1.06621	-0.064288
1.09757	-0.0585555
1.12893	-0.0527517
1.16029	-0.0469699
1.19165	-0.0412961
1.223	-0.0358066
1.25436	-0.0305672
1.28572	-0.0256318
1.31708	-0.0210423
1.34844	-0.0168286
1.3798	-0.0130096
1.41116	-0.00959316
1.44252	-0.00657819
1.47388	-0.00395538
1.50524	-0.00170876
1.5366	0.000182818
1.56795	0.00174439
1.59931	0.00300356
1.63067	0.00398934
1.66203	0.00473121
1.69339	0.00525828
1.72475	0.00559866
1.75611	0.00577896
1.78747	0.00582399
1.81883	0.00575656
1.85019	0.00559736
1.88155	0.00536498
1.9129	0.00507595
1.94426	0.00474484
1.97562	0.00438438
2.00698	0.00403378
2.03834	0.00376222
2.0697	0.0034715
2.10106	0.00316761
2.13242	0.00285637
2.16378	0.00254342
2.19514	0.00223409
2.2265	0.00193337
2.25785	0.00164577
2.28921	0.00137512
2.32057	0.00112438
2.35193	0.000895361
2.38329	0.00068832
2.41465	0.000501503
2.44601	0.000330509
2.47737	0.000167477
2.50873	7.45287e-13
