0	0
0.0313591	-0.00462471
0.0627182	-0.00928558
0.0940773	-0.0140163
0.125436	-0.0188455
0.156795	-0.0237949
0.188155	-0.0288766
0.219514	-0.0340923
0.250873	-0.0394315
0.282232	-0.0448707
0.313591	-0.0503736
0.34495	-0.0558911
0.376309	-0.0613622
0.407668	-0.0667159
0.439027	-0.0718726
0.470386	-0.0767473
0.501746	-0.0812519
0.533105	-0.0852988
0.564464	-0.0888041
0.595823	-0.0916907
0.627182	-0.0938916
0.658541	-0.0953528
0.6899	-0.0960355
0.721259	-0.0959178
0.752618	-0.0949963
0.783977	-0.0932858
0.815336	-0.0908194
0.846696	-0.0876473
0.878055	-0.083835
0.909414	-0.0794612
0.940773	-0.0746145
0.972132	-0.0693912
1.00349	-0.0638912
1.03485	-0.0582154
1.06621	-0.0524624
1.09757	-0.0467258
1.12893	-0.0410916
1.16029	-0.0356367
1.19165	-0.030427
1.223	-0.025517
1.25436	-0.0209491
1.28572	-0.0167535
1.31708	-0.0129495
1.34844	-0.00954548
1.3798	-0.00654065
1.41116	-0.00392604
1.44252	-0.00168602
1.47388	0.00020032
1.50524	0.00175775
1.5366	0.00301368
1.56795	0.00399695
1.59931	0.00473688
1.63067	0.00526248
1.66203	0.00560174
1.69339	0.0057812
1.72475	0.00582562
1.75611	0.00575772
1.78747	0.00559819
1.81883	0.00536557
1.85019	0.00507636
1.88155	0.00474512
1.9129	0.00438458
1.94426	0.00400576
1.97562	0.00361813
2.00698	0.00325247
2.03834	0.00296099
2.0697	0.00266286
2.10106	0.00236321
2.13242	0.00206702
2.16378	0.00177905
2.19514	0.00150382
2.2265	0.0012455
2.25785	0.00100782
2.28921	0.000793925
2.32057	0.000606229
2.35193	0.000446178
2.38329	0.000313976
2.41465	0.000208225
2.44601	0.000125426
2.47737	5.93265e-05
2.50873	7.45287e-13
