0	0
0.0313591	-0.0051643
0.0627182	-0.0103567
0.0940773	-0.0156027
0.125436	-0.0209227
0.156795	-0.0263296
0.188155	-0.0318267
0.219514	-0.0374065
0.250873	-0.0430495
0.282232	-0.0487235
0.313591	-0.0543837
0.34495	-0.0599738
0.376309	-0.0654267
0.407668	-0.0706671
0.439027	-0.0756134
0.470386	-0.0801808
0.501746	-0.0842841
0.533105	-0.0878417
0.564464	-0.0907781
0.595823	-0.0930277
0.627182	-0.0945372
0.658541	-0.0952683
0.6899	-0.0951996
0.721259	-0.0943273
0.752618	-0.0926662
0.783977	-0.0902492
0.815336	-0.0871259
0.846696	-0.0833615
0.878055	-0.0790341
0.909414	-0.0742322
0.940773	-0.0690513
0.972132	-0.0635913
1.00349	-0.0579528
1.03485	-0.0522342
1.06621	-0.0465289
1.09757	-0.040923
1.12893	-0.0354935
1.16029	-0.0303063
1.19165	-0.0254161
1.223	-0.0208653
1.25436	-0.0166845
1.28572	-0.0128931
1.31708	-0.00949975
1.34844	-0.00650385
1.3798	-0.00389666
1.41116	-0.00166274
1.44252	0.000218615
1.47388	0.00177202
1.50524	0.00302472
1.5366	0.00400543
1.56795	0.00474334
1.59931	0.00526737
1.63067	0.0056054
1.66203	0.00578393
1.69339	0.00582763
1.72475	0.0057592
1.75611	0.00559926
1.78747	0.00536634
1.81883	0.00507691
1.85019	0.00474552
1.88155	0.00438486
1.9129	0.00400595
1.94426	0.00361827
1.97562	0.00322985
2.00698	0.00286751
2.03834	0.0025756
2.0697	0.0022821
2.10106	0.0019917
2.13242	0.00170893
2.16378	0.00143813
2.19514	0.00118335
2.2265	0.000948314
2.25785	0.000736324
2.28921	0.000550146
2.32057	0.000391867
2.35193	0.000262717
2.38329	0.000162839
2.41465	9.09794e-05
2.44601	4.40677e-05
2.47737	1.66358e-05
2.50873	7.45287e-13
