0	0
0.0313591	-0.00631716
0.0627182	-0.0126385
0.0940773	-0.0189655
0.125436	-0.025295
0.156795	-0.0316167
0.188155	-0.0379118
0.219514	-0.0441515
0.250873	-0.0502969
0.282232	-0.0562987
0.313591	-0.0620982
0.34495	-0.0676285
0.376309	-0.0728169
0.407668	-0.0775868
0.439027	-0.0818611
0.470386	-0.0855651
0.501746	-0.0886295
0.533105	-0.0909941
0.564464	-0.0926098
0.595823	-0.0934419
0.627182	-0.0934713
0.658541	-0.0926962
0.6899	-0.0911323
0.721259	-0.088813
0.752618	-0.0857881
0.783977	-0.0821223
0.815336	-0.0778932
0.846696	-0.0731884
0.878055	-0.0681029
0.909414	-0.0627354
0.940773	-0.0571858
0.972132	-0.0515519
1.00349	-0.0459263
1.03485	-0.0403949
1.06621	-0.035034
1.09757	-0.0299095
1.12893	-0.025076
1.16029	-0.020576
1.19165	-0.0164404
1.223	-0.0126886
1.25436	-0.00932979
1.28572	-0.00636366
1.31708	-0.00378192
1.34844	-0.00156954
1.3798	0.000293729
1.41116	0.0018321
1.44252	0.0030724
1.47388	0.00404297
1.50524	0.00477268
1.5366	0.00529011
1.56795	0.00562291
1.59931	0.00579729
1.63067	0.00583775
1.66203	0.00576681
1.69339	0.00560494
1.72475	0.00537054
1.75611	0.00508
1.78747	0.00474776
1.81883	0.00438648
1.85019	0.00400712
1.88155	0.0036191
1.9129	0.00323044
1.94426	0.0028479
1.97562	0.00247705
2.00698	0.00213735
2.03834	0.00185902
2.0697	0.00158709
2.10106	0.00132535
2.13242	0.00107744
2.16378	0.000846743
2.19514	0.000636389
2.2265	0.000449177
2.25785	0.000287529
2.28921	0.000153411
2.32057	4.82541e-05
2.35193	-2.71576e-05
2.38329	-7.28294e-05
2.41465	-8.97576e-05
2.44601	-8.02187e-05
2.47737	-4.81939e-05
2.50873	7.45287e-13
