0	0
0.0313591	-0.00690645
0.0627182	-0.0138012
0.0940773	-0.0206703
0.125436	-0.0274954
0.156795	-0.0342522
0.188155	-0.0409087
0.219514	-0.0474248
0.250873	-0.0537516
0.282232	-0.0598325
0.313591	-0.0656036
0.34495	-0.0709957
0.376309	-0.0759367
0.407668	-0.0803538
0.439027	-0.0841766
0.470386	-0.0873404
0.501746	-0.0897886
0.533105	-0.091476
0.564464	-0.0923708
0.595823	-0.0924566
0.627182	-0.0917337
0.658541	-0.0902197
0.6899	-0.087949
0.721259	-0.0849724
0.752618	-0.0813551
0.783977	-0.0771749
0.815336	-0.0725194
0.846696	-0.0674833
0.878055	-0.0621652
0.909414	-0.0566644
0.940773	-0.0510783
0.972132	-0.0454993
1.00349	-0.0400125
1.03485	-0.0346941
1.06621	-0.0296096
1.09757	-0.0248134
1.12893	-0.0203478
1.16029	-0.0162435
1.19165	-0.0125201
1.223	-0.00918662
1.25436	-0.00624298
1.28572	-0.00368097
1.31708	-0.00148575
1.34844	0.000362739
1.3798	0.00188849
1.41116	0.00311813
1.44252	0.00407977
1.47388	0.00480206
1.50524	0.00531339
1.5366	0.0056412
1.56795	0.00581156
1.59931	0.00584879
1.63067	0.00577529
1.66203	0.0056114
1.69339	0.00537542
1.72475	0.00508366
1.75611	0.00475049
1.78747	0.00438849
1.81883	0.00400859
1.85019	0.00362017
1.88155	0.00323122
1.9129	0.00284845
1.94426	0.00247744
1.97562	0.00212271
2.00698	0.00180037
2.03834	0.00153442
2.0697	0.00127787
2.10106	0.00103409
2.13242	0.000806238
2.16378	0.000597234
2.19514	0.000409739
2.2265	0.000246095
2.25785	0.000108291
2.28921	-2.08911e-06
2.32057	-8.39287e-05
2.35193	-0.000136653
2.38329	-0.000160335
2.41465	-0.000155853
2.44601	-0.000125116
2.47737	-7.14223e-05
2.50873	7.45287e-13
