0	0
0.0313591	-0.00748403
0.0627182	-0.0149383
0.0940773	-0.0223311
0.125436	-0.0296275
0.156795	-0.0367874
0.188155	-0.0437652
0.219514	-0.0505088
0.250873	-0.0569604
0.282232	-0.0630565
0.313591	-0.0687301
0.34495	-0.0739117
0.376309	-0.0785326
0.407668	-0.0825265
0.439027	-0.085833
0.470386	-0.0884002
0.501746	-0.0901868
0.533105	-0.0911653
0.564464	-0.0913228
0.595823	-0.0906626
0.627182	-0.089205
0.658541	-0.0869866
0.6899	-0.0840598
0.721259	-0.0804911
0.752618	-0.0763592
0.783977	-0.0717522
0.815336	-0.066765
0.846696	-0.0614962
0.878055	-0.0560449
0.909414	-0.0505081
0.940773	-0.0449779
0.972132	-0.039539
1.00349	-0.034267
1.03485	-0.0292272
1.06621	-0.0244735
1.09757	-0.0200479
1.12893	-0.0159809
1.16029	-0.0122918
1.19165	-0.00898972
1.223	-0.00607443
1.25436	-0.00353779
1.28572	-0.00136507
1.31708	0.000463689
1.34844	0.00197228
1.3798	0.00318714
1.41116	0.00413617
1.44252	0.0048478
1.47388	0.00535019
1.50524	0.00567058
1.5366	0.00583484
1.56795	0.00586709
1.59931	0.00578956
1.63067	0.00562244
1.66203	0.0053839
1.69339	0.00509012
1.72475	0.00475537
1.75611	0.00439216
1.78747	0.00401132
1.81883	0.00362218
1.85019	0.00323269
1.88155	0.00284953
1.9129	0.00247822
1.94426	0.00212326
1.97562	0.00178819
2.00698	0.00148608
2.03834	0.00123525
2.0697	0.000996228
2.10106	0.000771942
2.13242	0.000565092
2.16378	0.000378145
2.19514	0.000213298
2.2265	7.24528e-05
2.25785	-4.28118e-05
2.28921	-0.000131275
2.32057	-0.00019211
2.35193	-0.000224931
2.38329	-0.00022987
2.41465	-0.000207684
2.44601	-0.000159943
2.47737	-8.93086e-05
2.50873	7.45287e-13
