0	0
0.0313591	-0.00803182
0.0627182	-0.016014
0.0940773	-0.0238955
0.125436	-0.0316231
0.156795	-0.0391405
0.188155	-0.0463876
0.219514	-0.0533008
0.250873	-0.0598137
0.282232	-0.0658579
0.313591	-0.0713647
0.34495	-0.0762669
0.376309	-0.0805015
0.407668	-0.0840118
0.439027	-0.08675
0.470386	-0.0886795
0.501746	-0.0897768
0.533105	-0.0900336
0.564464	-0.0894571
0.595823	-0.0880712
0.627182	-0.0859155
0.658541	-0.0830451
0.6899	-0.0795287
0.721259	-0.0754466
0.752618	-0.0708883
0.783977	-0.0659494
0.815336	-0.060729
0.846696	-0.0553266
0.878055	-0.0498391
0.909414	-0.0443583
0.940773	-0.0389687
0.972132	-0.0337456
1.00349	-0.0287537
1.03485	-0.0240464
1.06621	-0.0196655
1.09757	-0.015641
1.12893	-0.0119919
1.16029	-0.00872708
1.19165	-0.00584616
1.223	-0.0033409
1.25436	-0.00119652
1.28572	0.000606862
1.31708	0.00209297
1.34844	0.00328809
1.3798	0.00421996
1.41116	0.00491681
1.44252	0.00540658
1.47388	0.00571632
1.50524	0.00587163
1.5366	0.00589647
1.56795	0.00581283
1.59931	0.00564073
1.63067	0.00539817
1.66203	0.00510116
1.69339	0.00476385
1.72475	0.00439862
1.75611	0.0040162
1.78747	0.00362584
1.81883	0.00323542
1.85019	0.00285154
1.88155	0.00247969
1.9129	0.00212433
1.94426	0.00178897
1.97562	0.00147626
2.00698	0.00119646
2.03834	0.000962799
2.0697	0.000742816
2.10106	0.000538985
2.13242	0.000353562
2.16378	0.000188568
2.19514	4.57614e-05
2.2265	-7.33714e-05
2.25785	-0.000167636
2.28921	-0.000236141
2.32057	-0.000278321
2.35193	-0.000293955
2.38329	-0.000283217
2.41465	-0.000246749
2.44601	-0.0001858
2.47737	-0.000102451
2.50873	7.45287e-13
