0	0
0.0313591	0.00946499
0.0627182	0.0188472
0.0940773	0.0280636
0.125436	0.037031
0.156795	0.0456663
0.188155	0.0538868
0.219514	0.0616107
0.250873	0.0687592
0.282232	0.0752568
0.313591	0.0810342
0.34495	0.0860292
0.376309	0.0901897
0.407668	0.093475
0.439027	0.095858
0.470386	0.0973264
0.501746	0.0978838
0.533105	0.09755
0.564464	0.0963614
0.595823	0.0943695
0.627182	0.0916403
0.658541	0.0882519
0.6899	0.0842923
0.721259	0.0798569
0.752618	0.0750455
0.783977	0.0699593
0.815336	0.064698
0.846696	0.0593572
0.878055	0.0540261
0.909414	0.0487853
0.940773	0.0437054
0.972132	0.0388461
1.00349	0.0342555
1.03485	0.0299699
1.06621	0.0260145
1.09757	0.0224039
1.12893	0.0191429
1.16029	0.0162283
1.19165	0.0136495
1.223	0.0113905
1.25436	0.00943085
1.28572	0.00774711
1.31708	0.00631409
1.34844	0.00510581
1.3798	0.00409639
1.41116	0.00326077
1.44252	0.00257526
1.47388	0.00201793
1.50524	0.00156883
1.5366	0.00121011
1.56795	0.000926105
1.59931	0.000703198
1.63067	0.000529758
1.66203	0.000395969
1.69339	0.000293648
1.72475	0.000216061
1.75611	0.000157726
1.78747	0.000114238
1.81883	8.20887e-05
1.85019	5.85208e-05
1.88155	4.1386e-05
1.9129	2.90291e-05
1.94426	2.01874e-05
1.97562	1.39063e-05
2.00698	9.53768e-06
2.03834	6.61298e-06
2.0697	4.52216e-06
2.10106	3.04786e-06
2.13242	2.02314e-06
2.16378	1.3216e-06
2.19514	8.48855e-07
2.2265	5.35586e-07
2.25785	3.31599e-07
2.28921	2.0124e-07
2.32057	1.19518e-07
2.35193	6.9356e-08
2.38329	3.91632e-08
2.41465	2.12839e-08
2.44601	1.08648e-08
2.47737	4.59426e-09
2.50873	7.45287e-13
