0	0
0.0313591	-0.00929201
0.0627182	-0.0184702
0.0940773	-0.0274221
0.125436	-0.0360377
0.156795	-0.044211
0.188155	-0.0518417
0.219514	-0.0588363
0.250873	-0.0651105
0.282232	-0.0705904
0.313591	-0.0752145
0.34495	-0.0789352
0.376309	-0.0817205
0.407668	-0.0835547
0.439027	-0.0844394
0.470386	-0.0843936
0.501746	-0.0834535
0.533105	-0.0816714
0.564464	-0.0791147
0.595823	-0.0758637
0.627182	-0.0720089
0.658541	-0.0676492
0.6899	-0.0628882
0.721259	-0.0578315
0.752618	-0.0525836
0.783977	-0.0472455
0.815336	-0.0419118
0.846696	-0.0366686
0.878055	-0.0315921
0.909414	-0.0267473
0.940773	-0.0221872
0.972132	-0.0179527
1.00349	-0.0140729
1.03485	-0.0105658
1.06621	-0.00743874
1.09757	-0.00469035
1.12893	-0.00231132
1.16029	-0.000285973
1.19165	0.00140629
1.223	0.00278968
1.25436	0.00389079
1.28572	0.00473746
1.31708	0.00535783
1.34844	0.00577961
1.3798	0.00602945
1.41116	0.00613251
1.44252	0.00611216
1.47388	0.00598982
1.50524	0.00578486
1.5366	0.00551464
1.56795	0.00519457
1.59931	0.0048382
1.63067	0.00445733
1.66203	0.00406222
1.69339	0.00366164
1.72475	0.00326305
1.75611	0.0028727
1.78747	0.00249578
1.81883	0.00213647
1.85019	0.00179805
1.88155	0.00148301
1.9129	0.00119308
1.94426	0.000929343
1.97562	0.000692276
2.00698	0.000485229
2.03834	0.000309597
2.0697	0.000150352
2.10106	8.7372e-06
2.13242	-0.00011421
2.16378	-0.000217656
2.19514	-0.000300969
2.2265	-0.000363705
2.25785	-0.000405588
2.28921	-0.000426498
2.32057	-0.000426437
2.35193	-0.000405518
2.38329	-0.000363946
2.41465	-0.000302028
2.44601	-0.000220208
2.47737	-0.000119164
2.50873	7.45287e-13
