0	0
0.0313591	-0.009513
0.0627182	-0.0188921
0.0940773	-0.0280058
0.125436	-0.036727
0.156795	-0.0449352
0.188155	-0.0525192
0.219514	-0.0593785
0.250873	-0.0654261
0.282232	-0.0705898
0.313591	-0.074814
0.34495	-0.0780609
0.376309	-0.0803119
0.407668	-0.0815673
0.439027	-0.0818465
0.470386	-0.0811878
0.501746	-0.0796465
0.533105	-0.0772936
0.564464	-0.0742135
0.595823	-0.0705016
0.627182	-0.0662608
0.658541	-0.0615991
0.6899	-0.056626
0.721259	-0.0514498
0.752618	-0.0461744
0.783977	-0.0408971
0.815336	-0.0357062
0.846696	-0.0306795
0.878055	-0.0258834
0.909414	-0.0213715
0.940773	-0.0171855
0.972132	-0.0133547
1.00349	-0.00989674
1.03485	-0.00681917
1.06621	-0.00412013
1.09757	-0.00178992
1.12893	0.000187556
1.16029	0.00183334
1.19165	0.00317207
1.223	0.00423069
1.25436	0.00503735
1.28572	0.00562046
1.31708	0.00600788
1.34844	0.00622635
1.3798	0.00630106
1.41116	0.00625534
1.44252	0.00611051
1.47388	0.00588581
1.50524	0.00559843
1.5366	0.00526358
1.56795	0.00489459
1.59931	0.00450307
1.63067	0.00409902
1.66203	0.00369102
1.69339	0.00328632
1.72475	0.002891
1.75611	0.00251005
1.78747	0.00214751
1.81883	0.00180653
1.85019	0.00148947
1.88155	0.00119797
1.9129	0.000933006
1.94426	0.000695002
1.97562	0.000483854
2.00698	0.000301121
2.03834	0.000145324
2.0697	6.02341e-06
2.10106	-0.000115899
2.13242	-0.000219752
2.16378	-0.00030503
2.19514	-0.000371401
2.2265	-0.000418686
2.25785	-0.000446835
2.28921	-0.000455902
2.32057	-0.000446013
2.35193	-0.00041734
2.38329	-0.000370071
2.41465	-0.00030441
2.44601	-0.000220589
2.47737	-0.000118934
2.50873	7.45287e-13
