0	0
0.0313591	-0.00953563
0.0627182	-0.018905
0.0940773	-0.0279462
0.125436	-0.0365052
0.156795	-0.0444402
0.188155	-0.0516249
0.219514	-0.0579513
0.250873	-0.0633325
0.282232	-0.0677042
0.313591	-0.0710263
0.34495	-0.073283
0.376309	-0.0744825
0.407668	-0.0746561
0.439027	-0.0738566
0.470386	-0.0721558
0.501746	-0.0696415
0.533105	-0.0664147
0.564464	-0.0625857
0.595823	-0.0582705
0.627182	-0.0535874
0.658541	-0.0486533
0.6899	-0.0435805
0.721259	-0.0384741
0.752618	-0.0334296
0.783977	-0.028531
0.815336	-0.0238498
0.846696	-0.0194442
0.878055	-0.0153592
0.909414	-0.0116264
0.940773	-0.00826562
0.972132	-0.00528524
1.00349	-0.00268394
1.03485	-0.000452066
1.06621	0.0014268
1.09757	0.0029743
1.12893	0.00421582
1.16029	0.00517914
1.19165	0.00589327
1.223	0.00638741
1.25436	0.00669016
1.28572	0.00682887
1.31708	0.00682922
1.34844	0.00671487
1.3798	0.00650732
1.41116	0.00622588
1.44252	0.00588767
1.47388	0.00550771
1.50524	0.00509907
1.5366	0.00467303
1.56795	0.00423921
1.59931	0.00380577
1.63067	0.00337952
1.66203	0.00296611
1.69339	0.00257012
1.72475	0.00219519
1.75611	0.00184407
1.78747	0.00151881
1.81883	0.00122071
1.85019	0.000950508
1.88155	0.000708364
1.9129	0.000493977
1.94426	0.000306628
1.97562	0.00014525
2.00698	8.54658e-06
2.03834	-0.000109269
2.0697	-0.000211236
2.10106	-0.0002971
2.13242	-0.000366759
2.16378	-0.000420241
2.19514	-0.000457692
2.2265	-0.000479338
2.25785	-0.000485463
2.28921	-0.000476369
2.32057	-0.000452339
2.35193	-0.000413602
2.38329	-0.000360295
2.41465	-0.000292441
2.44601	-0.000209932
2.47737	-0.000112544
2.50873	7.45287e-13
