0	0
0.0313591	-0.00889756
0.0627182	-0.0176131
0.0940773	-0.02597
0.125436	-0.033803
0.156795	-0.0409623
0.188155	-0.0473185
0.219514	-0.052766
0.250873	-0.0572252
0.282232	-0.0606445
0.313591	-0.063001
0.34495	-0.0642994
0.376309	-0.064571
0.407668	-0.0638715
0.439027	-0.0622774
0.470386	-0.059883
0.501746	-0.0567958
0.533105	-0.0531327
0.564464	-0.0490154
0.595823	-0.0445664
0.627182	-0.0399054
0.658541	-0.0351456
0.6899	-0.030391
0.721259	-0.0257345
0.752618	-0.0212559
0.783977	-0.0170212
0.815336	-0.0130825
0.846696	-0.00947786
0.878055	-0.00623205
0.909414	-0.00335792
0.940773	-0.000857551
0.972132	0.00127618
1.00349	0.00305792
1.03485	0.00450824
1.06621	0.00565201
1.09757	0.00651699
1.12893	0.00713251
1.16029	0.00752837
1.19165	0.00773391
1.223	0.00777733
1.25436	0.00768513
1.28572	0.00748181
1.31708	0.0071896
1.34844	0.00682841
1.3798	0.00641583
1.41116	0.00596724
1.44252	0.00549589
1.47388	0.0050131
1.50524	0.00452844
1.5366	0.00404989
1.56795	0.003584
1.59931	0.00313607
1.63067	0.00271031
1.66203	0.00230993
1.69339	0.00193727
1.72475	0.00159392
1.75611	0.00128079
1.78747	0.000998183
1.81883	0.000745908
1.85019	0.000523314
1.88155	0.000329376
1.9129	0.000162752
1.94426	2.18495e-05
1.97562	-9.51181e-05
2.00698	-0.000191411
2.03834	-0.000275448
2.0697	-0.00034508
2.10106	-0.00040054
2.13242	-0.00044216
2.16378	-0.000470355
2.19514	-0.000485592
2.2265	-0.000488361
2.25785	-0.000479144
2.28921	-0.000458376
2.32057	-0.000426416
2.35193	-0.000383498
2.38329	-0.000329701
2.41465	-0.000264912
2.44601	-0.000188792
2.47737	-0.000100761
2.50873	7.45287e-13
