0	0
0.0313591	-0.00753686
0.0627182	-0.014898
0.0940773	-0.0219137
0.125436	-0.0284264
0.156795	-0.0342958
0.188155	-0.0394032
0.219514	-0.0436555
0.250873	-0.0469871
0.282232	-0.0493611
0.313591	-0.0507699
0.34495	-0.051233
0.376309	-0.050796
0.407668	-0.0495263
0.439027	-0.0475103
0.470386	-0.0448485
0.501746	-0.0416513
0.533105	-0.0380347
0.564464	-0.0341156
0.595823	-0.0300078
0.627182	-0.025819
0.658541	-0.0216476
0.6899	-0.0175808
0.721259	-0.0136927
0.752618	-0.010044
0.783977	-0.00668134
0.815336	-0.00363812
0.846696	-0.000934937
0.878055	0.00141905
0.909414	0.00342473
0.940773	0.00509149
0.972132	0.00643555
1.00349	0.0074784
1.03485	0.00824523
1.06621	0.00876363
1.09757	0.0090623
1.12893	0.0091701
1.16029	0.00911518
1.19165	0.00892438
1.223	0.00862278
1.25436	0.00823335
1.28572	0.00777686
1.31708	0.00727174
1.34844	0.00673418
1.3798	0.00617816
1.41116	0.00561563
1.44252	0.00505661
1.47388	0.00450942
1.50524	0.00398081
1.5366	0.00347614
1.56795	0.00299954
1.59931	0.00255405
1.63067	0.00214175
1.66203	0.00176388
1.69339	0.00142097
1.72475	0.00111293
1.75611	0.000839104
1.78747	0.000598428
1.81883	0.000389449
1.85019	0.000210427
1.88155	5.93929e-05
1.9129	-6.57809e-05
1.94426	-0.000167326
1.97562	-0.000247525
2.00698	-0.000310833
2.03834	-0.000366934
2.0697	-0.000410449
2.10106	-0.00044196
2.13242	-0.000462103
2.16378	-0.000471542
2.19514	-0.000470941
2.2265	-0.000460943
2.25785	-0.000442131
2.28921	-0.000415006
2.32057	-0.000379948
2.35193	-0.000337182
2.38329	-0.00028674
2.41465	-0.000228428
2.44601	-0.000161776
2.47737	-8.60084e-05
2.50873	7.45287e-13
