0	0
0.0313591	-0.0065898
0.0627182	-0.0130161
0.0940773	-0.0191215
0.125436	-0.0247601
0.156795	-0.0298031
0.188155	-0.0341425
0.219514	-0.0376951
0.250873	-0.0404039
0.282232	-0.0422399
0.313591	-0.0432012
0.34495	-0.043312
0.376309	-0.0426199
0.407668	-0.0411931
0.439027	-0.0391164
0.470386	-0.036487
0.501746	-0.03341
0.533105	-0.0299943
0.564464	-0.0263482
0.595823	-0.0225762
0.627182	-0.0187755
0.658541	-0.0150337
0.6899	-0.011427
0.721259	-0.00801901
0.752618	-0.00486016
0.783977	-0.001988
0.815336	0.000572426
0.846696	0.00280751
0.878055	0.00471388
0.909414	0.00629696
0.940773	0.00756939
0.972132	0.00854953
1.00349	0.00925996
1.03485	0.00972607
1.06621	0.0099749
1.09757	0.0100341
1.12893	0.00993082
1.16029	0.00969155
1.19165	0.00934106
1.223	0.00890238
1.25436	0.00839642
1.28572	0.00784197
1.31708	0.00725558
1.34844	0.00665169
1.3798	0.00604268
1.41116	0.00543899
1.44252	0.00484931
1.47388	0.00428071
1.50524	0.00373878
1.5366	0.00322781
1.56795	0.00275095
1.59931	0.00231029
1.63067	0.00190705
1.66203	0.00154166
1.69339	0.00121388
1.72475	0.000922894
1.75611	0.000667438
1.78747	0.000445847
1.81883	0.00025616
1.85019	9.61916e-05
1.88155	-3.64011e-05
1.9129	-0.000144052
1.94426	-0.000229231
1.97562	-0.000294394
2.00698	-0.000344345
2.03834	-0.000388989
2.0697	-0.00042198
2.10106	-0.00044403
2.13242	-0.000455883
2.16378	-0.000458286
2.19514	-0.000451969
2.2265	-0.000437618
2.25785	-0.000415849
2.28921	-0.000387176
2.32057	-0.000351983
2.35193	-0.00031049
2.38329	-0.000262719
2.41465	-0.000208453
2.44601	-0.000147192
2.47737	-7.81093e-05
2.50873	7.45287e-13
