0	0
0.0313591	0.00888688
0.0627182	0.0177134
0.0940773	0.0264184
0.125436	0.0349387
0.156795	0.043209
0.188155	0.0511614
0.219514	0.0587256
0.250873	0.0658302
0.282232	0.0724031
0.313591	0.0783739
0.34495	0.0836757
0.376309	0.088247
0.407668	0.0920348
0.439027	0.0949962
0.470386	0.0971009
0.501746	0.0983329
0.533105	0.0986916
0.564464	0.0981927
0.595823	0.0968683
0.627182	0.0947659
0.658541	0.0919475
0.6899	0.088488
0.721259	0.0844722
0.752618	0.0799928
0.783977	0.0751473
0.815336	0.0700349
0.846696	0.0647537
0.878055	0.0593979
0.909414	0.0540555
0.940773	0.0488064
0.972132	0.0437205
1.00349	0.0388568
1.03485	0.034263
1.06621	0.0299751
1.09757	0.0260181
1.12893	0.0224063
1.16029	0.0191446
1.19165	0.0162294
1.223	0.0136503
1.25436	0.011391
1.28572	0.00943117
1.31708	0.00774732
1.34844	0.00631423
1.3798	0.0051059
1.41116	0.00409644
1.44252	0.0032608
1.47388	0.00257529
1.50524	0.00201795
1.5366	0.00156883
1.56795	0.00121012
1.59931	0.000926107
1.63067	0.000703199
1.66203	0.000529759
1.69339	0.000395968
1.72475	0.000293646
1.75611	0.000216057
1.78747	0.000157721
1.81883	0.000114229
1.85019	8.2076e-05
1.88155	5.85016e-05
1.9129	4.13573e-05
1.94426	2.89864e-05
1.97562	2.01242e-05
2.00698	1.3911e-05
2.03834	9.72241e-06
2.0697	6.70252e-06
2.10106	4.5547e-06
2.13242	3.04878e-06
2.16378	2.0086e-06
2.19514	1.30135e-06
2.2265	8.28353e-07
2.25785	5.17509e-07
2.28921	3.1694e-07
2.32057	1.90034e-07
2.35193	1.1132e-07
2.38329	6.35317e-08
2.41465	3.49734e-08
2.44601	1.80204e-08
2.47737	7.64539e-09
2.50873	7.45287e-13
