0	0
0.0313591	-0.00547926
0.0627182	-0.0108133
0.0940773	-0.0158626
0.125436	-0.0204982
0.156795	-0.0246069
0.188155	-0.0280949
0.219514	-0.0308909
0.250873	-0.0329479
0.282232	-0.034244
0.313591	-0.034782
0.34495	-0.034588
0.376309	-0.0337091
0.407668	-0.03221
0.439027	-0.0301699
0.470386	-0.027678
0.501746	-0.02483
0.533105	-0.0217235
0.564464	-0.0184549
0.595823	-0.0151159
0.627182	-0.0117909
0.658541	-0.00855491
0.6899	-0.00547195
0.721259	-0.0025945
0.752618	3.69596e-05
0.783977	0.00239361
0.815336	0.00445764
0.846696	0.00622125
0.878055	0.00768542
0.909414	0.00885854
0.940773	0.009755
0.972132	0.0103938
1.00349	0.0107972
1.03485	0.0109896
1.06621	0.0109965
1.09757	0.0108434
1.12893	0.0105555
1.16029	0.0101567
1.19165	0.00966954
1.223	0.00911471
1.25436	0.00851099
1.28572	0.00787515
1.31708	0.00722192
1.34844	0.00656408
1.3798	0.00591252
1.41116	0.00527637
1.44252	0.00466309
1.47388	0.00407867
1.50524	0.00352771
1.5366	0.00301358
1.56795	0.00253856
1.59931	0.00210395
1.63067	0.00171021
1.66203	0.00135705
1.69339	0.00104358
1.72475	0.000768388
1.75611	0.000529637
1.78747	0.000325171
1.81883	0.000152589
1.85019	9.33263e-06
1.88155	-0.000107253
1.9129	-0.000199851
1.94426	-0.000271119
1.97562	-0.000323646
2.00698	-0.000362444
2.03834	-0.000397403
2.0697	-0.000421607
2.10106	-0.00043587
2.13242	-0.000441017
2.16378	-0.000437861
2.19514	-0.000427178
2.2265	-0.000409689
2.25785	-0.000386026
2.28921	-0.000356715
2.32057	-0.000322143
2.35193	-0.00028253
2.38329	-0.000237893
2.41465	-0.000188007
2.44601	-0.000132362
2.47737	-7.01085e-05
2.50873	7.45287e-13
