0	0
0.0313591	-0.00284646
0.0627182	-0.00560023
0.0940773	-0.00817247
0.125436	-0.0104819
0.156795	-0.0124577
0.188155	-0.0140429
0.219514	-0.0151954
0.250873	-0.0158899
0.282232	-0.0161178
0.313591	-0.0158871
0.34495	-0.015221
0.376309	-0.0141559
0.407668	-0.0127398
0.439027	-0.0110288
0.470386	-0.00908503
0.501746	-0.00697344
0.533105	-0.00475921
0.564464	-0.00250535
0.595823	-0.000270634
0.627182	0.00189212
0.658541	0.00393719
0.6899	0.0058268
0.721259	0.00753139
0.752618	0.00902965
0.783977	0.0103081
0.815336	0.0113605
0.846696	0.0121871
0.878055	0.0127936
0.909414	0.0131903
0.940773	0.0133911
0.972132	0.0134126
1.00349	0.0132731
1.03485	0.012992
1.06621	0.0125891
1.09757	0.012084
1.12893	0.0114959
1.16029	0.010843
1.19165	0.0101421
1.223	0.00940908
1.25436	0.00865811
1.28572	0.00790193
1.31708	0.00715177
1.34844	0.00641733
1.3798	0.00570684
1.41116	0.00502712
1.44252	0.00438362
1.47388	0.00378053
1.50524	0.00322084
1.5366	0.00270648
1.56795	0.00223837
1.59931	0.00181658
1.63067	0.0014404
1.66203	0.00110846
1.69339	0.00081887
1.72475	0.000569294
1.75611	0.000357067
1.78747	0.000179293
1.81883	3.29349e-05
1.85019	-8.51069e-05
1.88155	-0.000177923
1.9129	-0.000248533
1.94426	-0.00029984
1.97562	-0.00033459
2.00698	-0.000357841
2.03834	-0.000378899
2.0697	-0.000390755
2.10106	-0.000394364
2.13242	-0.00039066
2.16378	-0.000380538
2.19514	-0.000364836
2.2265	-0.000344311
2.25785	-0.000319625
2.28921	-0.000291322
2.32057	-0.000259804
2.35193	-0.000225303
2.38329	-0.000187857
2.41465	-0.000147263
2.44601	-0.00010304
2.47737	-5.43629e-05
2.50873	7.45287e-13
