0	0
0.0313591	0.00170817
0.0627182	0.00340484
0.0940773	0.00507861
0.125436	0.00671828
0.156795	0.00831297
0.188155	0.00985221
0.219514	0.0113261
0.250873	0.0127252
0.282232	0.0140411
0.313591	0.0152661
0.34495	0.0163933
0.376309	0.017417
0.407668	0.0183325
0.439027	0.0191363
0.470386	0.0198258
0.501746	0.0203996
0.533105	0.0208576
0.564464	0.0212004
0.595823	0.0214295
0.627182	0.0215477
0.658541	0.021558
0.6899	0.0214645
0.721259	0.0212716
0.752618	0.0209844
0.783977	0.0206084
0.815336	0.0201493
0.846696	0.0196133
0.878055	0.0190068
0.909414	0.0183366
0.940773	0.0176097
0.972132	0.0168331
1.00349	0.0160144
1.03485	0.015161
1.06621	0.0142807
1.09757	0.0133811
1.12893	0.0124702
1.16029	0.0115556
1.19165	0.0106449
1.223	0.00974532
1.25436	0.00886386
1.28572	0.00800699
1.31708	0.00718062
1.34844	0.00639003
1.3798	0.00563978
1.41116	0.00493362
1.44252	0.0042745
1.47388	0.00366451
1.50524	0.00310493
1.5366	0.00259621
1.56795	0.00213804
1.59931	0.00172942
1.63067	0.00136872
1.66203	0.00105378
1.69339	0.000781998
1.72475	0.000550437
1.75611	0.000355915
1.78747	0.000195101
1.81883	6.46008e-05
1.85019	-3.89648e-05
1.88155	-0.000118896
1.9129	-0.000178355
1.94426	-0.000220329
1.97562	-0.000247592
2.00698	-0.000264535
2.03834	-0.000278528
2.0697	-0.000284732
2.10106	-0.000284185
2.13242	-0.00027789
2.16378	-0.000266801
2.19514	-0.000251802
2.2265	-0.000233699
2.25785	-0.000213201
2.28921	-0.0001909
2.32057	-0.000167262
2.35193	-0.000142594
2.38329	-0.00011703
2.41465	-9.0487e-05
2.44601	-6.26282e-05
2.47737	-3.28073e-05
2.50873	7.45287e-13
