0	0
0.0313591	0.0074579
0.0627182	0.0147731
0.0940773	0.0218079
0.125436	0.0284345
0.156795	0.0345393
0.188155	0.0400262
0.219514	0.0448197
0.250873	0.0488663
0.282232	0.0521355
0.313591	0.0546193
0.34495	0.056331
0.376309	0.057303
0.407668	0.0575846
0.439027	0.057238
0.470386	0.0563356
0.501746	0.0549562
0.533105	0.0531811
0.564464	0.051092
0.595823	0.048767
0.627182	0.0462794
0.658541	0.0436952
0.6899	0.041072
0.721259	0.0384588
0.752618	0.0358952
0.783977	0.0334121
0.815336	0.0310317
0.846696	0.0287692
0.878055	0.0266329
0.909414	0.0246259
0.940773	0.022747
0.972132	0.0209917
1.00349	0.0193536
1.03485	0.0178246
1.06621	0.0163964
1.09757	0.0150605
1.12893	0.0138089
1.16029	0.0126345
1.19165	0.0115309
1.223	0.010493
1.25436	0.00951658
1.28572	0.00859831
1.31708	0.00773575
1.34844	0.00692709
1.3798	0.00617102
1.41116	0.00546657
1.44252	0.00481293
1.47388	0.00420936
1.50524	0.00365502
1.5366	0.00314894
1.56795	0.00268991
1.59931	0.00227647
1.63067	0.00190689
1.66203	0.00157918
1.69339	0.00129108
1.72475	0.00104013
1.75611	0.000823703
1.78747	0.000639044
1.81883	0.000483326
1.85019	0.0003537
1.88155	0.000247344
1.9129	0.000161503
1.94426	9.35292e-05
1.97562	4.09108e-05
2.00698	1.30551e-06
2.03834	-2.85039e-05
2.0697	-5.04336e-05
2.10106	-6.54452e-05
2.13242	-7.45033e-05
2.16378	-7.85585e-05
2.19514	-7.85311e-05
2.2265	-7.52949e-05
2.25785	-6.96603e-05
2.28921	-6.23576e-05
2.32057	-5.40195e-05
2.35193	-4.51617e-05
2.38329	-3.61617e-05
2.41465	-2.72348e-05
2.44601	-1.84061e-05
2.47737	-9.47869e-06
2.50873	7.45287e-13
