0	0
0.0313591	0.00824845
0.0627182	0.0164581
0.0940773	0.0245886
0.125436	0.0325964
0.156795	0.0404338
0.188155	0.0480479
0.219514	0.0553808
0.250873	0.0623695
0.282232	0.0689473
0.313591	0.0750446
0.34495	0.0805918
0.376309	0.0855208
0.407668	0.0897682
0.439027	0.0932777
0.470386	0.0960027
0.501746	0.0979087
0.533105	0.0989756
0.564464	0.0991985
0.595823	0.0985891
0.627182	0.0971755
0.658541	0.095002
0.6899	0.0921274
0.721259	0.0886239
0.752618	0.084574
0.783977	0.0800685
0.815336	0.075203
0.846696	0.0700756
0.878055	0.0647831
0.909414	0.059419
0.940773	0.0540706
0.972132	0.0488171
1.00349	0.043728
1.03485	0.038862
1.06621	0.0342665
1.09757	0.0299776
1.12893	0.0260198
1.16029	0.0224074
1.19165	0.0191453
1.223	0.0162299
1.25436	0.0136506
1.28572	0.0113912
1.31708	0.00943131
1.34844	0.00774741
1.3798	0.00631428
1.41116	0.00510593
1.44252	0.00409646
1.47388	0.00326082
1.50524	0.00257529
1.5366	0.00201795
1.56795	0.00156884
1.59931	0.00121012
1.63067	0.000926107
1.66203	0.000703198
1.69339	0.000529757
1.72475	0.000395965
1.75611	0.000293641
1.78747	0.000216049
1.81883	0.000157708
1.85019	0.00011421
1.88155	8.20473e-05
1.9129	5.84589e-05
1.94426	4.12941e-05
1.97562	2.88939e-05
2.00698	2.01304e-05
2.03834	1.41818e-05
2.0697	9.85623e-06
2.10106	6.75316e-06
2.13242	4.55834e-06
2.16378	3.02881e-06
2.19514	1.9794e-06
2.2265	1.27113e-06
2.25785	8.01296e-07
2.28921	4.95268e-07
2.32057	2.99741e-07
2.35193	1.77293e-07
2.38329	1.02154e-07
2.41465	5.68833e-08
2.44601	2.96772e-08
2.47737	1.26882e-08
2.50873	7.45287e-13
