0	0
0.0313591	0.00861319
0.0627182	0.0170608
0.0940773	0.025183
0.125436	0.0328311
0.156795	0.039873
0.188155	0.0461964
0.219514	0.0517128
0.250873	0.056359
0.282232	0.0600986
0.313591	0.0629208
0.34495	0.0648399
0.376309	0.0658927
0.407668	0.0661356
0.439027	0.0656405
0.470386	0.0644918
0.501746	0.0627813
0.533105	0.060605
0.564464	0.058059
0.595823	0.0552366
0.627182	0.0522251
0.658541	0.0491038
0.6899	0.0459428
0.721259	0.0428017
0.752618	0.0397292
0.783977	0.0367637
0.815336	0.0339335
0.846696	0.0312576
0.878055	0.0287472
0.909414	0.0264066
0.940773	0.0242345
0.972132	0.0222257
1.00349	0.0203717
1.03485	0.0186621
1.06621	0.0170855
1.09757	0.0156301
1.12893	0.0142846
1.16029	0.0130383
1.19165	0.0118815
1.223	0.0108057
1.25436	0.00980378
1.28572	0.00886958
1.31708	0.00799822
1.34844	0.00718574
1.3798	0.00642901
1.41116	0.00572553
1.44252	0.00507331
1.47388	0.00447067
1.50524	0.0039161
1.5366	0.00340819
1.56795	0.00294549
1.59931	0.00252646
1.63067	0.0021494
1.66203	0.00181248
1.69339	0.00151366
1.72475	0.00125075
1.75611	0.00102143
1.78747	0.00082322
1.81883	0.000653597
1.85019	0.000509977
1.88155	0.000389772
1.9129	0.000290428
1.94426	0.000209457
1.97562	0.00014447
2.00698	9.38552e-05
2.03834	5.57443e-05
2.0697	2.58313e-05
2.10106	3.21201e-06
2.13242	-1.30381e-05
2.16378	-2.38473e-05
2.19514	-3.01308e-05
2.2265	-3.2773e-05
2.25785	-3.26101e-05
2.28921	-3.04123e-05
2.32057	-2.68653e-05
2.35193	-2.25513e-05
2.38329	-1.79291e-05
2.41465	-1.33129e-05
2.44601	-8.84935e-06
2.47737	-4.49577e-06
2.50873	7.45287e-13
