0	0
0.0313591	0.00960289
0.0627182	0.0190231
0.0940773	0.028084
0.125436	0.0366214
0.156795	0.0444882
0.188155	0.0515595
0.219514	0.0577357
0.250873	0.062945
0.282232	0.0671443
0.313591	0.0703192
0.34495	0.0724825
0.376309	0.0736724
0.407668	0.0739487
0.439027	0.0733893
0.470386	0.0720862
0.501746	0.0701406
0.533105	0.0676592
0.564464	0.0647496
0.595823	0.0615171
0.627182	0.058061
0.658541	0.0544727
0.6899	0.0508335
0.721259	0.0472132
0.752618	0.0436702
0.783977	0.0402507
0.815336	0.0369896
0.846696	0.0339115
0.878055	0.0310313
0.909414	0.0283558
0.940773	0.0258853
0.972132	0.0236145
1.00349	0.0215342
1.03485	0.0196325
1.06621	0.0178958
1.09757	0.0163096
1.12893	0.0148595
1.16029	0.0135316
1.19165	0.0123131
1.223	0.0111922
1.25436	0.0101587
1.28572	0.00920369
1.31708	0.00831958
1.34844	0.00750014
1.3798	0.00674025
1.41116	0.00603575
1.44252	0.00538327
1.47388	0.00478006
1.50524	0.00422384
1.5366	0.00371266
1.56795	0.00324474
1.59931	0.00281843
1.63067	0.00243204
1.66203	0.00208388
1.69339	0.00177215
1.72475	0.00149496
1.75611	0.00125027
1.78747	0.00103598
1.81883	0.000849871
1.85019	0.000689669
1.88155	0.000553061
1.9129	0.000437726
1.94426	0.000341368
1.97562	0.000261746
2.00698	0.000198082
2.03834	0.000150009
2.0697	0.000110529
2.10106	7.88137e-05
2.13242	5.39961e-05
2.16378	3.51844e-05
2.19514	2.14802e-05
2.2265	1.19964e-05
2.25785	5.87624e-06
2.28921	2.31182e-06
2.32057	5.63477e-07
2.35193	-2.14661e-08
2.38329	1.00637e-08
2.41465	2.34915e-07
2.44601	3.69951e-07
2.47737	2.83953e-07
2.50873	7.45287e-13
