0	0
0.0313591	0.0104099
0.0627182	0.0206261
0.0940773	0.0304615
0.125436	0.0397411
0.156795	0.0483079
0.188155	0.0560276
0.219514	0.0627918
0.250873	0.068521
0.282232	0.0731656
0.313591	0.0767061
0.34495	0.0791517
0.376309	0.0805385
0.407668	0.0809262
0.439027	0.0803943
0.470386	0.0790382
0.501746	0.0769641
0.533105	0.0742853
0.564464	0.0711172
0.595823	0.067574
0.627182	0.0637648
0.658541	0.0597907
0.6899	0.0557432
0.721259	0.051702
0.752618	0.0477347
0.783977	0.0438961
0.815336	0.0402287
0.846696	0.0367633
0.878055	0.0335201
0.909414	0.03051
0.940773	0.0277358
0.972132	0.0251938
1.00349	0.0228753
1.03485	0.0207679
1.06621	0.0188566
1.09757	0.0171251
1.12893	0.0155566
1.16029	0.0141343
1.19165	0.0128424
1.223	0.0116661
1.25436	0.0105921
1.28572	0.00960873
1.31708	0.00870561
1.34844	0.00787409
1.3798	0.00710689
1.41116	0.00639799
1.44252	0.00574249
1.47388	0.00513644
1.50524	0.00457661
1.5366	0.00406039
1.56795	0.00358559
1.59931	0.00315033
1.63067	0.00275291
1.66203	0.00239172
1.69339	0.00206518
1.72475	0.00177167
1.75611	0.00150951
1.78747	0.00127692
1.81883	0.00107205
1.85019	0.000892955
1.88155	0.000737623
1.9129	0.000604001
1.94426	0.000490015
1.97562	0.000393597
2.00698	0.000314914
2.03834	0.000255282
2.0697	0.000204683
2.10106	0.000162389
2.13242	0.000127609
2.16378	9.95068e-05
2.19514	7.72152e-05
2.2265	5.98569e-05
2.25785	4.65631e-05
2.28921	3.64934e-05
2.32057	2.88559e-05
2.35193	2.29253e-05
2.38329	1.80605e-05
2.41465	1.37188e-05
2.44601	9.46527e-06
2.47737	4.97182e-06
2.50873	7.45287e-13
