0	0
0.0313591	0.0110232
0.0627182	0.0218483
0.0940773	0.0322832
0.125436	0.042148
0.156795	0.0512804
0.188155	0.0595402
0.219514	0.0668128
0.250873	0.0730124
0.282232	0.0780828
0.313591	0.0819981
0.34495	0.084762
0.376309	0.0864055
0.407668	0.0869841
0.439027	0.086575
0.470386	0.0852722
0.501746	0.0831828
0.533105	0.0804221
0.564464	0.0771097
0.595823	0.0733649
0.627182	0.0693037
0.658541	0.0650352
0.6899	0.0606592
0.721259	0.0562646
0.752618	0.0519279
0.783977	0.0477127
0.815336	0.0436697
0.846696	0.0398373
0.878055	0.036242
0.909414	0.0329001
0.940773	0.0298185
0.972132	0.0269966
1.00349	0.0244275
1.03485	0.0220994
1.06621	0.0199973
1.09757	0.0181036
1.12893	0.0163999
1.16029	0.0148673
1.19165	0.0134873
1.223	0.0122423
1.25436	0.0111161
1.28572	0.0100941
1.31708	0.00916324
1.34844	0.00831235
1.3798	0.00753182
1.41116	0.00681363
1.44252	0.00615116
1.47388	0.00553905
1.50524	0.00497299
1.5366	0.00444954
1.56795	0.00396597
1.59931	0.00352007
1.63067	0.00311001
1.66203	0.0027342
1.69339	0.00239123
1.72475	0.00207973
1.75611	0.00179832
1.78747	0.00154558
1.81883	0.00132001
1.85019	0.00112001
1.88155	0.000943895
1.9129	0.000789912
1.94426	0.00065623
1.97562	0.000540985
2.00698	0.000445407
2.03834	0.000372699
2.0697	0.000309476
2.10106	0.000255136
2.13242	0.000208987
2.16378	0.000170269
2.19514	0.000138164
2.2265	0.000111822
2.25785	9.03754e-05
2.28921	7.2959e-05
2.32057	5.87335e-05
2.35193	4.69012e-05
2.38329	3.67222e-05
2.41465	2.75238e-05
2.44601	1.8702e-05
2.47737	9.7065e-06
2.50873	7.45287e-13
