0	0
0.0313591	0.0114384
0.0627182	0.0226803
0.0940773	0.0335348
0.125436	0.0438225
0.156795	0.0533803
0.188155	0.0620657
0.219514	0.0697608
0.250873	0.0763746
0.282232	0.0818449
0.313591	0.0861387
0.34495	0.0892519
0.376309	0.0912077
0.407668	0.0920543
0.439027	0.091862
0.470386	0.0907197
0.501746	0.0887303
0.533105	0.0860072
0.564464	0.0826698
0.595823	0.0788393
0.627182	0.0746353
0.658541	0.0701722
0.6899	0.0655566
0.721259	0.0608851
0.752618	0.0562426
0.783977	0.0517015
0.815336	0.0473213
0.846696	0.0431484
0.878055	0.0392172
0.909414	0.0355505
0.940773	0.0321609
0.972132	0.0290522
1.00349	0.0262207
1.03485	0.0236568
1.06621	0.0213464
1.09757	0.0192721
1.12893	0.0174144
1.16029	0.0157529
1.19165	0.0142672
1.223	0.0129373
1.25436	0.0117442
1.28572	0.0106706
1.31708	0.00970081
1.34844	0.00882097
1.3798	0.00801909
1.41116	0.00728499
1.44252	0.00661018
1.47388	0.00598771
1.50524	0.00541198
1.5366	0.00487857
1.56795	0.00438402
1.59931	0.00392565
1.63067	0.00350137
1.66203	0.00310952
1.69339	0.00274876
1.72475	0.00241789
1.75611	0.0021158
1.78747	0.00184141
1.81883	0.00159353
1.85019	0.00137095
1.88155	0.00117229
1.9129	0.000996124
1.94426	0.000840882
1.97562	0.000704931
2.00698	0.000590699
2.03834	0.0005035
2.0697	0.000426219
2.10106	0.000358398
2.13242	0.000299473
2.16378	0.000248782
2.19514	0.000205584
2.2265	0.000169073
2.25785	0.000138398
2.28921	0.000112685
2.32057	9.10543e-05
2.35193	7.26389e-05
2.38329	5.65964e-05
2.41465	4.21143e-05
2.44601	2.84013e-05
2.47737	1.46561e-05
2.50873	7.45287e-13
