0	0
0.0313591	0.0116866
0.0627182	0.0231964
0.0940773	0.0343572
0.125436	0.0450049
0.156795	0.0549877
0.188155	0.0641696
0.219514	0.0724334
0.250873	0.0796834
0.282232	0.0858471
0.313591	0.0908762
0.34495	0.0947475
0.376309	0.0974623
0.407668	0.0990454
0.439027	0.0995436
0.470386	0.0990233
0.501746	0.0975677
0.533105	0.0952737
0.564464	0.0922484
0.595823	0.0886054
0.627182	0.0844617
0.658541	0.0799337
0.6899	0.0751348
0.721259	0.0701717
0.752618	0.0651432
0.783977	0.0601375
0.815336	0.0552312
0.846696	0.0504888
0.878055	0.0459621
0.909414	0.0416906
0.940773	0.0377021
0.972132	0.0340135
1.00349	0.030632
1.03485	0.0275563
1.06621	0.0247784
1.09757	0.0222846
1.12893	0.0200571
1.16029	0.0180751
1.19165	0.0163162
1.223	0.0147574
1.25436	0.0133759
1.28572	0.0121495
1.31708	0.0110577
1.34844	0.0100815
1.3798	0.00920411
1.41116	0.00841069
1.44252	0.00768858
1.47388	0.00702713
1.50524	0.0064176
1.5366	0.00585297
1.56795	0.00532776
1.59931	0.00483777
1.63067	0.00437987
1.66203	0.00395182
1.69339	0.00355199
1.72475	0.00317926
1.75611	0.00283278
1.78747	0.00251191
1.81883	0.00221605
1.85019	0.00194458
1.88155	0.00169679
1.9129	0.00147188
1.94426	0.00126885
1.97562	0.00108661
2.00698	0.000930387
2.03834	0.000810521
2.0697	0.000701212
2.10106	0.000602371
2.13242	0.000513765
2.16378	0.000435018
2.19514	0.000365615
2.2265	0.00030492
2.25785	0.000252185
2.28921	0.000206569
2.32057	0.000167154
2.35193	0.000132953
2.38329	0.000102921
2.41465	7.59359e-05
2.44601	5.07737e-05
2.47737	2.60325e-05
2.50873	7.45287e-13
