0	0
0.0313591	0.0115394
0.0627182	0.0229188
0.0940773	0.0339817
0.125436	0.0445778
0.156795	0.0545667
0.188155	0.0638202
0.219514	0.0722255
0.250873	0.0796872
0.282232	0.0861291
0.313591	0.0914959
0.34495	0.0957541
0.376309	0.0988921
0.407668	0.10092
0.439027	0.10187
0.470386	0.101791
0.501746	0.100753
0.533105	0.0988382
0.564464	0.0961423
0.595823	0.0927698
0.627182	0.0888313
0.658541	0.0844397
0.6899	0.0797074
0.721259	0.0747434
0.752618	0.0696505
0.783977	0.0645232
0.815336	0.059446
0.846696	0.054492
0.878055	0.0497224
0.909414	0.0451862
0.940773	0.04092
0.972132	0.0369492
1.00349	0.0332883
1.03485	0.0299427
1.06621	0.0269093
1.09757	0.0241784
1.12893	0.0217346
1.16029	0.019559
1.19165	0.0176296
1.223	0.015923
1.25436	0.0144152
1.28572	0.0130826
1.31708	0.0119027
1.34844	0.0108542
1.3798	0.00991806
1.41116	0.00907704
1.44252	0.00831628
1.47388	0.00762306
1.50524	0.00698681
1.5366	0.00639889
1.56795	0.00585249
1.59931	0.00534231
1.63067	0.00486442
1.66203	0.00441595
1.69339	0.0039949
1.72475	0.00359995
1.75611	0.0032302
1.78747	0.00288507
1.81883	0.00256414
1.85019	0.00226702
1.88155	0.00199328
1.9129	0.00174238
1.94426	0.00151366
1.97562	0.00130627
2.00698	0.00112708
2.03834	0.000989384
2.0697	0.000862377
2.10106	0.000746189
2.13242	0.000640791
2.16378	0.00054599
2.19514	0.000461433
2.2265	0.000386609
2.25785	0.000320866
2.28921	0.000263414
2.32057	0.000213344
2.35193	0.000169627
2.38329	0.000131119
2.41465	9.65349e-05
2.44601	6.44018e-05
2.47737	3.29621e-05
2.50873	7.45287e-13
