0	0
0.0313591	0.00757124
0.0627182	0.0151236
0.0940773	0.0226361
0.125436	0.0300837
0.156795	0.0374353
0.188155	0.0446532
0.219514	0.0516918
0.250873	0.0584979
0.282232	0.0650111
0.313591	0.0711651
0.34495	0.0768897
0.376309	0.0821129
0.407668	0.0867637
0.439027	0.0907747
0.470386	0.0940855
0.501746	0.0966454
0.533105	0.0984157
0.564464	0.0993719
0.595823	0.0995057
0.627182	0.0988252
0.658541	0.0973554
0.6899	0.0951379
0.721259	0.0922293
0.752618	0.0886995
0.783977	0.0846297
0.815336	0.0801091
0.846696	0.0752325
0.878055	0.0700968
0.909414	0.0647982
0.940773	0.0594297
0.972132	0.0540781
1.00349	0.0488223
1.03485	0.0437315
1.06621	0.0388644
1.09757	0.0342682
1.12893	0.0299787
1.16029	0.0260205
1.19165	0.0224079
1.223	0.0191456
1.25436	0.0162301
1.28572	0.0136507
1.31708	0.0113913
1.34844	0.00943136
1.3798	0.00774744
1.41116	0.00631431
1.44252	0.00510594
1.47388	0.00409647
1.50524	0.00326082
1.5366	0.0025753
1.56795	0.00201795
1.59931	0.00156884
1.63067	0.00121012
1.66203	0.000926105
1.69339	0.000703195
1.72475	0.000529751
1.75611	0.000395957
1.78747	0.000293628
1.81883	0.00021603
1.85019	0.000157679
1.88155	0.000114167
1.9129	8.19842e-05
1.94426	5.83664e-05
1.97562	4.11598e-05
2.00698	2.8902e-05
2.03834	2.05242e-05
2.0697	1.43802e-05
2.10106	9.93421e-06
2.13242	6.76188e-06
2.16378	4.53137e-06
2.19514	2.98714e-06
2.2265	1.93528e-06
2.25785	1.23098e-06
2.28921	7.67866e-07
2.32057	4.69071e-07
2.35193	2.80121e-07
2.38329	1.62972e-07
2.41465	9.16398e-08
2.44601	4.83801e-08
2.47737	2.09094e-08
2.50873	7.45287e-13
