0	0
0.0313591	0.0102206
0.0627182	0.020347
0.0940773	0.0302854
0.125436	0.0399424
0.156795	0.0492257
0.188155	0.058045
0.219514	0.0663129
0.250873	0.0739462
0.282232	0.0808675
0.313591	0.0870071
0.34495	0.0923051
0.376309	0.0967127
0.407668	0.100195
0.439027	0.10273
0.470386	0.104315
0.501746	0.10496
0.533105	0.104694
0.564464	0.103561
0.595823	0.101621
0.627182	0.0989462
0.658541	0.0956205
0.6899	0.0917364
0.721259	0.0873922
0.752618	0.082689
0.783977	0.0777283
0.815336	0.0726082
0.846696	0.067422
0.878055	0.0622551
0.909414	0.0571838
0.940773	0.0522739
0.972132	0.0475796
1.00349	0.0431438
1.03485	0.0389978
1.06621	0.0351617
1.09757	0.0316459
1.12893	0.0284513
1.16029	0.0255716
1.19165	0.0229938
1.223	0.0207
1.25436	0.018669
1.28572	0.016877
1.31708	0.0152992
1.34844	0.0139105
1.3798	0.0126866
1.41116	0.0116045
1.44252	0.0106429
1.47388	0.00978284
1.50524	0.00900737
1.5366	0.00830212
1.56795	0.00765498
1.59931	0.00705606
1.63067	0.00649747
1.66203	0.00597316
1.69339	0.00547863
1.72475	0.00501067
1.75611	0.00456716
1.78747	0.00414677
1.81883	0.0037488
1.85019	0.00337291
1.88155	0.00301905
1.9129	0.00268723
1.94426	0.00237745
1.97562	0.00208963
2.00698	0.00183636
2.03834	0.00164182
2.0697	0.00145726
2.10106	0.00128351
2.13242	0.00112127
2.16378	0.000971023
2.19514	0.000833077
2.2265	0.000707492
2.25785	0.000594079
2.28921	0.000492386
2.32057	0.000401679
2.35193	0.000320918
2.38329	0.000248713
2.41465	0.00018326
2.44601	0.000122218
2.47737	6.25099e-05
2.50873	7.45287e-13
