0	0
0.0313591	0.00956177
0.0627182	0.0190531
0.0940773	0.028403
0.125436	0.0375392
0.156795	0.046388
0.188155	0.0548745
0.219514	0.062923
0.250873	0.0704576
0.282232	0.0774042
0.313591	0.0836919
0.34495	0.0892548
0.376309	0.0940347
0.407668	0.0979831
0.439027	0.101063
0.470386	0.103252
0.501746	0.104541
0.533105	0.104938
0.564464	0.104468
0.595823	0.10317
0.627182	0.1011
0.658541	0.0983262
0.6899	0.094929
0.721259	0.0909972
0.752618	0.0866258
0.783977	0.0819131
0.815336	0.0769576
0.846696	0.0718553
0.878055	0.0666968
0.909414	0.0615659
0.940773	0.0565368
0.972132	0.0516738
1.00349	0.0470296
1.03485	0.0426458
1.06621	0.0385523
1.09757	0.0347685
1.12893	0.0313036
1.16029	0.0281581
1.19165	0.0253247
1.223	0.0227903
1.25436	0.0205366
1.28572	0.018542
1.31708	0.0167826
1.34844	0.0152337
1.3798	0.0138702
1.41116	0.0126679
1.44252	0.011604
1.47388	0.0106575
1.50524	0.00980949
1.5366	0.00904344
1.56795	0.00834521
1.59931	0.00770294
1.63067	0.007107
1.66203	0.00654976
1.69339	0.00602539
1.72475	0.0055296
1.75611	0.00505937
1.78747	0.00461275
1.81883	0.00418856
1.85019	0.00378621
1.88155	0.00340551
1.9129	0.00304647
1.94426	0.0027092
1.97562	0.00239376
2.00698	0.00211489
2.03834	0.00190114
2.0697	0.0016967
2.10106	0.00150261
2.13242	0.00131983
2.16378	0.00114911
2.19514	0.000991005
2.2265	0.000845816
2.25785	0.000713573
2.28921	0.000593996
2.32057	0.000486466
2.35193	0.000389982
2.38329	0.000303099
2.41465	0.000223836
2.44601	0.000149521
2.47737	7.65504e-05
2.50873	7.45287e-13
