0	0
0.0313591	0.00725377
0.0627182	0.0145016
0.0940773	0.0217351
0.125436	0.0289413
0.156795	0.0361004
0.188155	0.0431846
0.219514	0.050157
0.250873	0.0569716
0.282232	0.0635733
0.313591	0.0698991
0.34495	0.0758802
0.376309	0.0814438
0.407668	0.0865159
0.439027	0.0910246
0.470386	0.0949028
0.501746	0.0980912
0.533105	0.100541
0.564464	0.102218
0.595823	0.103101
0.627182	0.103187
0.658541	0.102488
0.6899	0.101035
0.721259	0.0988713
0.752618	0.0960581
0.783977	0.0926669
0.815336	0.0887791
0.846696	0.084483
0.878055	0.0798708
0.909414	0.0750354
0.940773	0.0700678
0.972132	0.0650543
1.00349	0.0600744
1.03485	0.0551991
1.06621	0.0504892
1.09757	0.045995
1.12893	0.0417558
1.16029	0.0377998
1.19165	0.0341447
1.223	0.0307989
1.25436	0.027762
1.28572	0.0250266
1.31708	0.022579
1.34844	0.0204014
1.3798	0.0184723
1.41116	0.0167685
1.44252	0.0152656
1.47388	0.0139394
1.50524	0.0127665
1.5366	0.0117247
1.56795	0.0107938
1.59931	0.00995574
1.63067	0.00919466
1.66203	0.00849708
1.69339	0.00785179
1.72475	0.00724971
1.75611	0.00668374
1.78747	0.00614848
1.81883	0.00564003
1.85019	0.00515573
1.88155	0.0046939
1.9129	0.00425362
1.94426	0.00383451
1.97562	0.00343654
2.00698	0.00308138
2.03834	0.00281268
2.0697	0.00255008
2.10106	0.00229507
2.13242	0.00204916
2.16378	0.00181381
2.19514	0.00159033
2.2265	0.00137978
2.25785	0.00118295
2.28921	0.00100018
2.32057	0.000831352
2.35193	0.000675687
2.38329	0.000531653
2.41465	0.000396738
2.44601	0.000267169
2.47737	0.000137499
2.50873	7.45287e-13
