0	0
0.0313591	0.00345804
0.0627182	0.00696906
0.0940773	0.0105836
0.125436	0.0143475
0.156795	0.0182997
0.188155	0.0224698
0.219514	0.0268771
0.250873	0.0315283
0.282232	0.0364168
0.313591	0.0415225
0.34495	0.0468107
0.376309	0.0522335
0.407668	0.05773
0.439027	0.0632285
0.470386	0.0686479
0.501746	0.0739006
0.533105	0.0788952
0.564464	0.0835398
0.595823	0.0877451
0.627182	0.0914278
0.658541	0.0945138
0.6899	0.0969407
0.721259	0.0986608
0.752618	0.0996423
0.783977	0.0998709
0.815336	0.0993501
0.846696	0.098101
0.878055	0.0961614
0.909414	0.0935842
0.940773	0.0904353
0.972132	0.0867909
1.00349	0.082735
1.03485	0.0783557
1.06621	0.073743
1.09757	0.0689853
1.12893	0.064167
1.16029	0.0593664
1.19165	0.0546536
1.223	0.050089
1.25436	0.045723
1.28572	0.0415951
1.31708	0.0377343
1.34844	0.0341591
1.3798	0.0308788
1.41116	0.0278942
1.44252	0.025199
1.47388	0.0227809
1.50524	0.020623
1.5366	0.0187052
1.56795	0.0170052
1.59931	0.0154998
1.63067	0.0141657
1.66203	0.0129802
1.69339	0.011922
1.72475	0.0109715
1.75611	0.0101113
1.78747	0.00932596
1.81883	0.00860249
1.85019	0.00793002
1.88155	0.00729977
1.9129	0.00670488
1.94426	0.00614015
1.97562	0.0056018
2.00698	0.00512303
2.03834	0.00477824
2.0697	0.00443394
2.10106	0.00409047
2.13242	0.00374866
2.16378	0.00340969
2.19514	0.00307497
2.2265	0.00274598
2.25785	0.00242406
2.28921	0.00211025
2.32057	0.00180493
2.35193	0.00150759
2.38329	0.0012164
2.41465	0.000927753
2.44601	0.000635632
2.47737	0.000330852
2.50873	7.45287e-13
