0	0
0.0313591	0.00687517
0.0627182	0.0137493
0.0940773	0.0206187
0.125436	0.027475
0.156795	0.0343031
0.188155	0.0410792
0.219514	0.0477703
0.250873	0.0543333
0.282232	0.0607157
0.313591	0.0668562
0.34495	0.0726863
0.376309	0.0781326
0.407668	0.0831194
0.439027	0.0875715
0.470386	0.0914174
0.501746	0.0945924
0.533105	0.0970417
0.564464	0.0987229
0.595823	0.0996081
0.627182	0.0996856
0.658541	0.0989611
0.6899	0.0974572
0.721259	0.0952135
0.752618	0.092285
0.783977	0.0887402
0.815336	0.0846592
0.846696	0.0801303
0.878055	0.0752476
0.909414	0.0701074
0.940773	0.0648057
0.972132	0.0594349
1.00349	0.0540817
1.03485	0.0488247
1.06621	0.0437332
1.09757	0.0388655
1.12893	0.0342689
1.16029	0.0299792
1.19165	0.0260208
1.223	0.0224081
1.25436	0.0191458
1.28572	0.0162302
1.31708	0.0136508
1.34844	0.0113913
1.3798	0.00943138
1.41116	0.00774746
1.44252	0.00631431
1.47388	0.00510595
1.50524	0.00409647
1.5366	0.00326082
1.56795	0.0025753
1.59931	0.00201795
1.63067	0.00156883
1.66203	0.00121011
1.69339	0.0009261
1.72475	0.000703187
1.75611	0.000529739
1.78747	0.000395938
1.81883	0.0002936
1.85019	0.000215987
1.88155	0.000157616
1.9129	0.000114075
1.94426	8.18498e-05
1.97562	5.81728e-05
2.00698	4.11702e-05
2.03834	2.94702e-05
2.0697	2.08159e-05
2.10106	1.44991e-05
2.13242	9.95196e-06
2.16378	6.72618e-06
2.19514	4.47258e-06
2.2265	2.92334e-06
2.25785	1.87627e-06
2.28921	1.18115e-06
2.32057	7.28329e-07
2.35193	4.3908e-07
2.38329	2.57956e-07
2.41465	1.46422e-07
2.44601	7.8048e-08
2.47737	3.40769e-08
2.50873	7.45287e-13
