0	0
0.0313591	0.00224767
0.0627182	0.00455407
0.0940773	0.00697613
0.125436	0.00956724
0.156795	0.0123755
0.188155	0.015442
0.219514	0.0187991
0.250873	0.0224694
0.282232	0.0264637
0.313591	0.0307806
0.34495	0.0354054
0.376309	0.0403097
0.407668	0.0454515
0.439027	0.0507757
0.470386	0.056215
0.501746	0.0616916
0.533105	0.067119
0.564464	0.0724048
0.595823	0.077453
0.627182	0.0821677
0.658541	0.0864558
0.6899	0.0902308
0.721259	0.0934156
0.752618	0.0959452
0.783977	0.0977695
0.815336	0.0988546
0.846696	0.0991844
0.878055	0.098761
0.909414	0.0976043
0.940773	0.0957511
0.972132	0.0932537
1.00349	0.0901774
1.03485	0.0865983
1.06621	0.0826002
1.09757	0.0782715
1.12893	0.0737022
1.16029	0.0689811
1.19165	0.0641932
1.223	0.0594171
1.25436	0.0547233
1.28572	0.050173
1.31708	0.045817
1.34844	0.0416954
1.3798	0.0378374
1.41116	0.0342623
1.44252	0.0309797
1.47388	0.0279907
1.50524	0.0252895
1.5366	0.0228639
1.56795	0.0206974
1.59931	0.01877
1.63067	0.0170598
1.66203	0.0155435
1.69339	0.0141981
1.72475	0.013001
1.75611	0.011931
1.78747	0.0109686
1.81883	0.0100963
1.85019	0.00929881
1.88155	0.00856313
1.9129	0.0078784
1.94426	0.00723581
1.97562	0.00662846
2.00698	0.00609359
2.03834	0.00571919
2.0697	0.00534567
2.10106	0.0049719
2.13242	0.00459742
2.16378	0.0042223
2.19514	0.00384707
2.2265	0.00347247
2.25785	0.00309933
2.28921	0.00272823
2.32057	0.00235919
2.35193	0.00199133
2.38329	0.00162229
2.41465	0.00124773
2.44601	0.00086052
2.47737	0.000449846
2.50873	7.45287e-13
