0	0
0.0313591	0.000521448
0.0627182	0.00109441
0.0940773	0.00176986
0.125436	0.00259772
0.156795	0.00362615
0.188155	0.00490084
0.219514	0.00646414
0.250873	0.008354
0.282232	0.0106029
0.313591	0.0132365
0.34495	0.0162726
0.376309	0.0197196
0.407668	0.0235756
0.439027	0.027827
0.470386	0.0324481
0.501746	0.0374006
0.533105	0.0426333
0.564464	0.0480828
0.595823	0.0536746
0.627182	0.0593239
0.658541	0.0649384
0.6899	0.07042
0.721259	0.0756683
0.752618	0.0805831
0.783977	0.0850678
0.815336	0.0890328
0.846696	0.0923986
0.878055	0.0950983
0.909414	0.0970802
0.940773	0.0983096
0.972132	0.0987697
1.00349	0.0984623
1.03485	0.0974075
1.06621	0.0956425
1.09757	0.0932201
1.12893	0.0902063
1.16029	0.0866782
1.19165	0.0827204
1.223	0.0784224
1.25436	0.0738751
1.28572	0.0691684
1.31708	0.0643882
1.34844	0.0596139
1.3798	0.054917
1.41116	0.0503593
1.44252	0.0459923
1.47388	0.0418568
1.50524	0.0379825
1.5366	0.0343891
1.56795	0.0310865
1.59931	0.0280765
1.63067	0.0253531
1.66203	0.0229047
1.69339	0.0207148
1.72475	0.0187637
1.75611	0.0170295
1.78747	0.015489
1.81883	0.0141192
1.85019	0.0128975
1.88155	0.0118026
1.9129	0.0108149
1.94426	0.00991683
1.97562	0.00909284
2.00698	0.00838816
2.03834	0.00791987
2.0697	0.00746499
2.10106	0.00701764
2.13242	0.00657266
2.16378	0.00612563
2.19514	0.00567283
2.2265	0.0052111
2.25785	0.00473764
2.28921	0.00424977
2.32057	0.00374451
2.35193	0.00321816
2.38329	0.00266567
2.41465	0.0020799
2.44601	0.00145076
2.47737	0.000764018
2.50873	7.45287e-13
