0	0
0.0313591	-2.20048e-05
0.0627182	-4.67055e-07
0.0940773	0.000108058
0.125436	0.000346776
0.156795	0.000758428
0.188155	0.00138494
0.219514	0.00226693
0.250873	0.00344303
0.282232	0.00494906
0.313591	0.00681704
0.34495	0.00907398
0.376309	0.0117407
0.407668	0.0148304
0.439027	0.0183474
0.470386	0.0222862
0.501746	0.02663
0.533105	0.0313499
0.564464	0.0364051
0.595823	0.0417419
0.627182	0.0472951
0.658541	0.052988
0.6899	0.0587348
0.721259	0.0644416
0.752618	0.0700097
0.783977	0.0753378
0.815336	0.0803252
0.846696	0.0848752
0.878055	0.0888981
0.909414	0.0923144
0.940773	0.0950575
0.972132	0.097076
1.00349	0.0983357
1.03485	0.0988203
1.06621	0.0985321
1.09757	0.0974916
1.12893	0.0957365
1.16029	0.0933203
1.19165	0.0903095
1.223	0.0867815
1.25436	0.0828213
1.28572	0.0785189
1.31708	0.0739656
1.34844	0.0692514
1.3798	0.0644626
1.41116	0.0596787
1.44252	0.0549715
1.47388	0.050403
1.50524	0.0460248
1.5366	0.0418777
1.56795	0.0379916
1.59931	0.0343861
1.63067	0.0310715
1.66203	0.0280493
1.69339	0.0253137
1.72475	0.0228531
1.75611	0.0206509
1.78747	0.0186873
1.81883	0.0169404
1.85019	0.0153869
1.88155	0.0140037
1.9129	0.0127679
1.94426	0.0116581
1.97562	0.0106544
2.00698	0.00980735
2.03834	0.00925072
2.0697	0.00872188
2.10106	0.00821206
2.13242	0.007713
2.16378	0.00721702
2.19514	0.00671705
2.2265	0.00620659
2.25785	0.00567956
2.28921	0.00513012
2.32057	0.00455229
2.35193	0.00393957
2.38329	0.0032843
2.41465	0.00257701
2.44601	0.00180546
2.47737	0.000953565
2.50873	7.45287e-13
