0	0
0.0313591	-0.000391385
0.0627182	-0.00074763
0.0940773	-0.00103344
0.125436	-0.00121325
0.156795	-0.00125116
0.188155	-0.00111104
0.219514	-0.000756646
0.250873	-0.000152017
0.282232	0.000738027
0.313591	0.00194719
0.34495	0.00350682
0.376309	0.00544485
0.407668	0.00778464
0.439027	0.0105437
0.470386	0.0137322
0.501746	0.0173519
0.533105	0.0213949
0.564464	0.0258422
0.595823	0.0306634
0.627182	0.035816
0.658541	0.0412452
0.6899	0.0468848
0.721259	0.0526575
0.752618	0.0584769
0.783977	0.0642491
0.815336	0.069875
0.846696	0.0752536
0.878055	0.0802844
0.909414	0.084871
0.940773	0.0889242
0.972132	0.092365
1.00349	0.0951272
1.03485	0.0971601
1.06621	0.0984298
1.09757	0.0989205
1.12893	0.0986352
1.16029	0.0975948
1.19165	0.0958375
1.223	0.0934169
1.25436	0.0904
1.28572	0.0868645
1.31708	0.0828957
1.34844	0.0785838
1.3798	0.0740201
1.41116	0.0692952
1.44252	0.064495
1.47388	0.0596996
1.50524	0.0549806
1.5366	0.0504001
1.56795	0.0460098
1.59931	0.0418505
1.63067	0.0379522
1.66203	0.0343345
1.69339	0.0310076
1.72475	0.0279729
1.75611	0.0252246
1.78747	0.022751
1.81883	0.0205354
1.85019	0.0185578
1.88155	0.0167959
1.9129	0.0152265
1.94426	0.0138257
1.97562	0.0125706
2.00698	0.0115196
2.03834	0.0108267
2.0697	0.0101819
2.10106	0.0095736
2.13242	0.00899053
2.16378	0.00842144
2.19514	0.00785541
2.2265	0.00728187
2.25785	0.0066906
2.28921	0.00607157
2.32057	0.00541475
2.35193	0.00470977
2.38329	0.00394541
2.41465	0.00310901
2.44601	0.00218562
2.47737	0.00115694
2.50873	7.45287e-13
