0	0
0.0313591	0.00382322
0.0627182	0.0075582
0.0940773	0.0111201
0.125436	0.0144306
0.156795	0.0174209
0.188155	0.0200341
0.219514	0.0222265
0.250873	0.0239694
0.282232	0.025249
0.313591	0.0260659
0.34495	0.0264349
0.376309	0.0263825
0.407668	0.0259458
0.439027	0.0251698
0.470386	0.0241051
0.501746	0.0228056
0.533105	0.0213262
0.564464	0.0197205
0.595823	0.0180392
0.627182	0.0163287
0.658541	0.0146297
0.6899	0.0129769
0.721259	0.0113984
0.752618	0.00991593
0.783977	0.00854487
0.815336	0.00729489
0.846696	0.00617057
0.878055	0.00517216
0.909414	0.00429636
0.940773	0.00353711
0.972132	0.00288636
1.00349	0.00233471
1.03485	0.0018721
1.06621	0.00148819
1.09757	0.00117287
1.12893	0.00091647
1.16029	0.000710046
1.19165	0.000545471
1.223	0.000415517
1.25436	0.000313873
1.28572	0.000235115
1.31708	0.000174655
1.34844	0.000128668
1.3798	9.40056e-05
1.41116	6.81154e-05
1.44252	4.89502e-05
1.47388	3.48891e-05
1.50524	2.46637e-05
1.5366	1.7293e-05
1.56795	1.20263e-05
1.59931	8.29559e-06
1.63067	5.6758e-06
1.66203	3.8519e-06
1.69339	2.59297e-06
1.72475	1.73141e-06
1.75611	1.1468e-06
1.78747	7.53465e-07
1.81883	4.91059e-07
1.85019	3.1747e-07
1.88155	2.03598e-07
1.9129	1.29524e-07
1.94426	8.17045e-08
1.97562	5.10087e-08
2.00698	3.16546e-08
2.03834	1.97955e-08
2.0697	1.21414e-08
2.10106	7.31011e-09
2.13242	4.36428e-09
2.16378	2.58365e-09
2.19514	1.51665e-09
2.2265	8.82799e-10
2.25785	5.09523e-10
2.28921	2.91599e-10
2.32057	1.65473e-10
2.35193	9.31069e-11
2.38329	5.19453e-11
2.41465	2.87354e-11
2.44601	1.55698e-11
2.47737	7.03968e-12
2.50873	7.45287e-13
