0	0
0.0313591	0.00617801
0.0627182	0.0123702
0.0940773	0.0185881
0.125436	0.0248381
0.156795	0.0311189
0.188155	0.0374202
0.219514	0.0437207
0.250873	0.0499881
0.282232	0.0561785
0.313591	0.0622369
0.34495	0.0680991
0.376309	0.0736927
0.407668	0.0789404
0.439027	0.0837621
0.470386	0.0880784
0.501746	0.0918137
0.533105	0.0948997
0.564464	0.0972778
0.595823	0.0989028
0.627182	0.099744
0.658541	0.0997875
0.6899	0.0990368
0.721259	0.097513
0.752618	0.0952542
0.783977	0.0923144
0.815336	0.0887614
0.846696	0.0846743
0.878055	0.080141
0.909414	0.0752551
0.940773	0.0701126
0.972132	0.0648093
1.00349	0.0594373
1.03485	0.0540833
1.06621	0.0488258
1.09757	0.0437339
1.12893	0.038866
1.16029	0.0342693
1.19165	0.0299794
1.223	0.026021
1.25436	0.0224082
1.28572	0.0191458
1.31708	0.0162302
1.34844	0.0136508
1.3798	0.0113914
1.41116	0.00943139
1.44252	0.00774746
1.47388	0.00631432
1.50524	0.00510595
1.5366	0.00409647
1.56795	0.00326082
1.59931	0.0025753
1.63067	0.00201795
1.66203	0.00156883
1.69339	0.00121011
1.72475	0.000926088
1.75611	0.000703167
1.78747	0.00052971
1.81883	0.000395895
1.85019	0.000293537
1.88155	0.000215895
1.9129	0.000157482
1.94426	0.000113881
1.97562	8.15728e-05
2.00698	5.81859e-05
2.03834	4.19835e-05
2.0697	2.98957e-05
2.10106	2.09955e-05
2.13242	1.45322e-05
2.16378	9.90578e-06
2.19514	6.6442e-06
2.2265	4.38125e-06
2.25785	2.83739e-06
2.28921	1.80265e-06
2.32057	1.12199e-06
2.35193	6.82862e-07
2.38329	4.05035e-07
2.41465	2.3211e-07
2.44601	1.24758e-07
2.47737	5.48629e-08
2.50873	7.45287e-13
