0	0
0.0313591	-0.000521277
0.0627182	-0.00101143
0.0940773	-0.00143913
0.125436	-0.00177261
0.156795	-0.00197956
0.188155	-0.00202707
0.219514	-0.00188168
0.250873	-0.00150964
0.282232	-0.000877211
0.313591	4.87768e-05
0.34495	0.00130019
0.376309	0.00290673
0.407668	0.00489484
0.439027	0.00728656
0.470386	0.0100982
0.501746	0.0133389
0.533105	0.0170097
0.564464	0.0211016
0.595823	0.0255954
0.627182	0.03046
0.658541	0.0356525
0.6899	0.0411181
0.721259	0.0467904
0.752618	0.052592
0.783977	0.0584366
0.815336	0.0642304
0.846696	0.0698745
0.878055	0.0752681
0.909414	0.080311
0.940773	0.0849071
0.972132	0.0889673
1.00349	0.0924129
1.03485	0.0951782
1.06621	0.0972124
1.09757	0.098482
1.12893	0.0989715
1.16029	0.0986839
1.19165	0.0976404
1.223	0.0958793
1.25436	0.0934543
1.28572	0.0904326
1.31708	0.0868919
1.34844	0.0829177
1.3798	0.0786001
1.41116	0.0740306
1.44252	0.0692997
1.47388	0.0644936
1.50524	0.0596921
1.5366	0.054967
1.56795	0.0503804
1.59931	0.045984
1.63067	0.0418186
1.66203	0.037914
1.69339	0.03429
1.72475	0.0309566
1.75611	0.0279153
1.78747	0.0251601
1.81883	0.022679
1.85019	0.0204555
1.88155	0.0184692
1.9129	0.0166978
1.94426	0.0151177
1.97562	0.0137048
2.00698	0.0125233
2.03834	0.0117395
2.0697	0.0110156
2.10106	0.0103392
2.13242	0.00969761
2.16378	0.00907789
2.19514	0.00846715
2.2265	0.00785265
2.25785	0.00722186
2.28921	0.00656236
2.32057	0.00586175
2.35193	0.00510736
2.38329	0.00428582
2.41465	0.00338254
2.44601	0.00238092
2.47737	0.00126139
2.50873	7.45287e-13
