0	0
0.0313591	-0.000620049
0.0627182	-0.00121278
0.0940773	-0.00175061
0.125436	-0.00220545
0.156795	-0.00254851
0.188155	-0.0027502
0.219514	-0.00278006
0.250873	-0.00260688
0.282232	-0.00219889
0.313591	-0.00152421
0.34495	-0.00055131
0.376309	0.000750188
0.407668	0.00240865
0.439027	0.00444935
0.470386	0.0068933
0.501746	0.00975591
0.533105	0.0130457
0.564464	0.0167629
0.595823	0.0208982
0.627182	0.0254319
0.658541	0.0303329
0.6899	0.0355581
0.721259	0.0410526
0.752618	0.04675
0.783977	0.0525733
0.815336	0.0584361
0.846696	0.0642449
0.878055	0.0699012
0.909414	0.0753042
0.940773	0.0803541
0.972132	0.084955
1.00349	0.0890183
1.03485	0.0924652
1.06621	0.0952304
1.09757	0.0972633
1.12893	0.0985307
1.16029	0.0990171
1.19165	0.0987257
1.223	0.0976778
1.25436	0.0959119
1.28572	0.0934817
1.31708	0.0904546
1.34844	0.0869082
1.3798	0.0829282
1.41116	0.0786046
1.44252	0.0740292
1.47388	0.0692922
1.50524	0.06448
1.5366	0.0596724
1.56795	0.0549412
1.59931	0.0503485
1.63067	0.0459458
1.66203	0.0417741
1.69339	0.0378631
1.72475	0.0342325
1.75611	0.0308921
1.78747	0.0278433
1.81883	0.0250802
1.85019	0.0225905
1.88155	0.0203574
1.9129	0.0183604
1.94426	0.0165769
1.97562	0.0149829
2.00698	0.0136495
2.03834	0.0127571
2.0697	0.0119374
2.10106	0.0111774
2.13242	0.0104632
2.16378	0.00978044
2.19514	0.00911429
2.2265	0.00844988
2.25785	0.00777228
2.28921	0.00706658
2.32057	0.00631784
2.35193	0.00551085
2.38329	0.0046299
2.41465	0.00365824
2.44601	0.00257742
2.47737	0.00136636
2.50873	7.45287e-13
