0	0
0.0313591	-0.000691503
0.0627182	-0.00135922
0.0940773	-0.00197909
0.125436	-0.00252651
0.156795	-0.00297609
0.188155	-0.00330151
0.219514	-0.0034754
0.250873	-0.00346931
0.282232	-0.00325387
0.313591	-0.00279898
0.34495	-0.00207421
0.376309	-0.00104939
0.407668	0.000304699
0.439027	0.00201539
0.470386	0.00410709
0.501746	0.00660004
0.533105	0.00950908
0.564464	0.0128422
0.595823	0.0165994
0.627182	0.0207711
0.658541	0.0253375
0.6899	0.0302674
0.721259	0.0355178
0.752618	0.0410339
0.783977	0.0467496
0.815336	0.0525879
0.846696	0.0584628
0.878055	0.064281
0.909414	0.0699443
0.940773	0.0753522
0.972132	0.0804051
1.00349	0.0850073
1.03485	0.0890705
1.06621	0.0925162
1.09757	0.0952791
1.12893	0.0973089
1.16029	0.0985725
1.19165	0.0990545
1.223	0.0987583
1.25436	0.0977052
1.28572	0.0959338
1.31708	0.093498
1.34844	0.0904651
1.3798	0.0869128
1.41116	0.0829268
1.44252	0.0785971
1.47388	0.0740156
1.50524	0.0692726
1.5366	0.0644542
1.56795	0.0596405
1.59931	0.0549031
1.63067	0.050304
1.66203	0.0458949
1.69339	0.0417165
1.72475	0.0377985
1.75611	0.0341605
1.78747	0.0308122
1.81883	0.0277548
1.85019	0.0249821
1.88155	0.0224817
1.9129	0.0202365
1.94426	0.0182257
1.97562	0.0164263
2.00698	0.0149182
2.03834	0.0138983
2.0697	0.0129643
2.10106	0.012103
2.13242	0.0112999
2.16378	0.0105392
2.19514	0.00980455
2.2265	0.00907898
2.25785	0.00834523
2.28921	0.00758582
2.32057	0.00678314
2.35193	0.00591934
2.38329	0.00497614
2.41465	0.00393441
2.44601	0.00277363
2.47737	0.00147099
2.50873	7.45287e-13
