0	0
0.0313591	-0.000739173
0.0627182	-0.00145782
0.0940773	-0.00213512
0.125436	-0.00274974
0.156795	-0.00327951
0.188155	-0.00370128
0.219514	-0.00399076
0.250873	-0.00412239
0.282232	-0.0040694
0.313591	-0.00380388
0.34495	-0.00329706
0.376309	-0.0025197
0.407668	-0.00144265
0.439027	-3.75684e-05
0.470386	0.00172213
0.501746	0.00386026
0.533105	0.0063966
0.564464	0.00934563
0.595823	0.0127152
0.627182	0.016505
0.658541	0.0207056
0.6899	0.0252972
0.721259	0.0302487
0.752618	0.0355173
0.783977	0.0410485
0.815336	0.0467762
0.846696	0.0526239
0.878055	0.0585059
0.909414	0.0643289
0.940773	0.0699952
0.972132	0.0754045
1.00349	0.0804573
1.03485	0.0850583
1.06621	0.0891192
1.09757	0.0925618
1.12893	0.0953209
1.16029	0.0973463
1.19165	0.0986051
1.223	0.0990819
1.25436	0.0987803
1.28572	0.0977216
1.31708	0.0959443
1.34844	0.0935026
1.3798	0.0904636
1.41116	0.0869053
1.44252	0.0829132
1.47388	0.0785775
1.50524	0.0739898
1.5366	0.0692406
1.56795	0.0644161
1.59931	0.059596
1.63067	0.0548521
1.66203	0.0502464
1.69339	0.0458304
1.72475	0.0416445
1.75611	0.0377187
1.78747	0.034072
1.81883	0.0307141
1.85019	0.027646
1.88155	0.0248612
1.9129	0.022347
1.94426	0.0200859
1.97562	0.0180568
2.00698	0.0163506
2.03834	0.0151834
2.0697	0.0141152
2.10106	0.0131331
2.13242	0.0122224
2.16378	0.0113666
2.19514	0.0105479
2.2265	0.00974752
2.25785	0.00894596
2.28921	0.00812328
2.32057	0.00725918
2.35193	0.00633304
2.38329	0.00532386
2.41465	0.00420997
2.44601	0.00296851
2.47737	0.00157462
2.50873	7.45287e-13
