0	0
0.0313591	-0.000725193
0.0627182	-0.00144225
0.0940773	-0.00214283
0.125436	-0.00281824
0.156795	-0.00345915
0.188155	-0.00405549
0.219514	-0.00459614
0.250873	-0.0050688
0.282232	-0.00545969
0.313591	-0.00575344
0.34495	-0.00593287
0.376309	-0.00597889
0.407668	-0.00587043
0.439027	-0.00558451
0.470386	-0.00509633
0.501746	-0.00437961
0.533105	-0.00340699
0.564464	-0.00215064
0.595823	-0.000583068
0.627182	0.00132195
0.658541	0.00358824
0.6899	0.00623593
0.721259	0.00928014
0.752618	0.0127295
0.783977	0.0165849
0.815336	0.0208378
0.846696	0.0254696
0.878055	0.0304505
0.909414	0.0357389
0.940773	0.0412814
0.972132	0.047013
1.00349	0.0528581
1.03485	0.0587321
1.06621	0.0645426
1.09757	0.0701925
1.12893	0.0755822
1.16029	0.0806128
1.19165	0.0851896
1.223	0.0892246
1.25436	0.09264
1.28572	0.0953709
1.31708	0.0973675
1.34844	0.0985967
1.3798	0.0990437
1.41116	0.0987118
1.44252	0.0976225
1.47388	0.0958144
1.50524	0.0933414
1.5366	0.0902706
1.56795	0.0866797
1.59931	0.0826539
1.63067	0.078283
1.66203	0.0736582
1.69339	0.0688693
1.72475	0.0640017
1.75611	0.0591344
1.78747	0.0543381
1.81883	0.0496735
1.85019	0.045191
1.88155	0.0409295
1.9129	0.0369173
1.94426	0.0331719
1.97562	0.0297011
2.00698	0.0266906
2.03834	0.0245147
2.0697	0.022473
2.10106	0.0205664
2.13242	0.0187901
2.16378	0.0171343
2.19514	0.0155843
2.2265	0.0141205
2.25785	0.0127196
2.28921	0.0113545
2.32057	0.00999522
2.35193	0.00860949
2.38329	0.00716289
2.41465	0.00561915
2.44601	0.00393972
2.47737	0.00208263
2.50873	7.45287e-13
