0	0
0.0313591	0.00549505
0.0627182	0.0110169
0.0940773	0.0165896
0.125436	0.022232
0.156795	0.0279552
0.188155	0.0337604
0.219514	0.039638
0.250873	0.0455659
0.282232	0.0515093
0.313591	0.0574213
0.34495	0.0632434
0.376309	0.0689069
0.407668	0.0743355
0.439027	0.0794474
0.470386	0.0841585
0.501746	0.0883857
0.533105	0.0920499
0.564464	0.0950796
0.595823	0.0974138
0.627182	0.0990046
0.658541	0.0998196
0.6899	0.0998432
0.721259	0.0990774
0.752618	0.0975424
0.783977	0.0952754
0.815336	0.0923295
0.846696	0.088772
0.878055	0.0846817
0.909414	0.0801462
0.940773	0.0752586
0.972132	0.0701151
1.00349	0.0648109
1.03485	0.0594384
1.06621	0.0540841
1.09757	0.0488263
1.12893	0.0437343
1.16029	0.0388662
1.19165	0.0342694
1.223	0.0299795
1.25436	0.026021
1.28572	0.0224082
1.31708	0.0191459
1.34844	0.0162302
1.3798	0.0136508
1.41116	0.0113914
1.44252	0.00943139
1.47388	0.00774746
1.50524	0.00631432
1.5366	0.00510595
1.56795	0.00409647
1.59931	0.00326082
1.63067	0.00257529
1.66203	0.00201794
1.69339	0.00156882
1.72475	0.00121009
1.75611	0.000926059
1.78747	0.000703125
1.81883	0.000529647
1.85019	0.000395802
1.88155	0.000293402
1.9129	0.000215701
1.94426	0.000157205
1.97562	0.000113488
2.00698	8.15889e-05
2.03834	5.93407e-05
2.0697	4.2599e-05
2.10106	3.01643e-05
2.13242	2.10539e-05
2.16378	1.4474e-05
2.19514	9.79282e-06
2.2265	6.51476e-06
2.25785	4.25722e-06
2.28921	2.72962e-06
2.32057	1.71488e-06
2.35193	1.05366e-06
2.38329	6.30942e-07
2.41465	3.6497e-07
2.44601	1.97777e-07
2.47737	8.74175e-08
2.50873	7.45287e-13
