0	0
0.0313591	-0.000646998
0.0627182	-0.00128934
0.0940773	-0.0019222
0.125436	-0.00254041
0.156795	-0.00313833
0.188155	-0.00370957
0.219514	-0.00424691
0.250873	-0.004742
0.282232	-0.00518524
0.313591	-0.0055655
0.34495	-0.00586997
0.376309	-0.00608395
0.407668	-0.00619073
0.439027	-0.00617147
0.470386	-0.00600517
0.501746	-0.00566873
0.533105	-0.00513713
0.564464	-0.00438376
0.595823	-0.00338082
0.627182	-0.00210001
0.658541	-0.000513333
0.6899	0.00140598
0.721259	0.00368226
0.752618	0.00633618
0.783977	0.00938331
0.815336	0.0128328
0.846696	0.0166858
0.878055	0.0209343
0.909414	0.0255601
0.940773	0.0305335
0.972132	0.0358133
1.00349	0.0413462
1.03485	0.0470675
1.06621	0.0529019
1.09757	0.0587646
1.12893	0.0645635
1.16029	0.0702015
1.19165	0.0755792
1.223	0.0805978
1.25436	0.0851625
1.28572	0.0891852
1.31708	0.0925884
1.34844	0.095307
1.3798	0.0972911
1.41116	0.0985076
1.44252	0.0989416
1.47388	0.0985963
1.50524	0.097493
1.5366	0.09567
1.56795	0.0931809
1.59931	0.0900926
1.63067	0.0864824
1.66203	0.0824349
1.69339	0.0780395
1.72475	0.0733867
1.75611	0.0685657
1.78747	0.0636612
1.81883	0.0587515
1.85019	0.0539063
1.88155	0.0491858
1.9129	0.0446394
1.94426	0.0403054
1.97562	0.0362114
2.00698	0.0326021
2.03834	0.0299522
2.0697	0.0274183
2.10106	0.0250126
2.13242	0.0227409
2.16378	0.020603
2.19514	0.018592
2.2265	0.0166949
2.25785	0.0148927
2.28921	0.0131611
2.32057	0.0114708
2.35193	0.00978807
2.38329	0.00807515
2.41465	0.00629015
2.44601	0.00438642
2.47737	0.0023108
2.50873	7.45287e-13
