0	0
0.0313591	-0.000600087
0.0627182	-0.001197
0.0940773	-0.00178742
0.125436	-0.00236768
0.156795	-0.00293367
0.188155	-0.00348059
0.219514	-0.00400283
0.250873	-0.00449374
0.282232	-0.00494545
0.313591	-0.00534869
0.34495	-0.00569256
0.376309	-0.00596438
0.407668	-0.00614947
0.439027	-0.00623106
0.470386	-0.00619018
0.501746	-0.00600565
0.533105	-0.00565418
0.564464	-0.00511048
0.595823	-0.00434769
0.627182	-0.00333773
0.658541	-0.00205206
0.6899	-0.000462393
0.721259	0.00145827
0.752618	0.00373449
0.783977	0.00638715
0.815336	0.00943201
0.846696	0.0128784
0.878055	0.0167276
0.909414	0.0209718
0.940773	0.0255927
0.972132	0.0305609
1.00349	0.0358353
1.03485	0.0413625
1.06621	0.047078
1.09757	0.0529064
1.12893	0.0587631
1.16029	0.064556
1.19165	0.070188
1.223	0.0755596
1.25436	0.0805721
1.28572	0.0851305
1.31708	0.0891471
1.34844	0.0925439
1.3798	0.095256
1.41116	0.0972335
1.44252	0.0984431
1.47388	0.0988697
1.50524	0.0985164
1.5366	0.0974045
1.56795	0.0955719
1.59931	0.0930721
1.63067	0.0899717
1.66203	0.0863476
1.69339	0.0822843
1.72475	0.0778706
1.75611	0.0731968
1.78747	0.0683516
1.81883	0.0634193
1.85019	0.0584778
1.88155	0.0535966
1.9129	0.0488353
1.94426	0.0442432
1.97562	0.0398584
2.00698	0.0359595
2.03834	0.0330804
2.0697	0.0302972
2.10106	0.0276288
2.13242	0.0250878
2.16378	0.0226801
2.19514	0.0204046
2.2265	0.0182532
2.25785	0.0162111
2.28921	0.014257
2.32057	0.0123635
2.35193	0.0104976
2.38329	0.00862055
2.41465	0.00668815
2.44601	0.00464937
2.47737	0.00244434
2.50873	7.45287e-13
