0	0
0.0313591	-0.000393257
0.0627182	-0.000787756
0.0940773	-0.0011846
0.125436	-0.00158459
0.156795	-0.00198813
0.188155	-0.00239504
0.219514	-0.00280444
0.250873	-0.00321464
0.282232	-0.00362296
0.313591	-0.00402561
0.34495	-0.00441757
0.376309	-0.00479241
0.407668	-0.00514219
0.439027	-0.00545726
0.470386	-0.00572616
0.501746	-0.00593545
0.533105	-0.00606959
0.564464	-0.00611087
0.595823	-0.00603931
0.627182	-0.00583275
0.658541	-0.00546689
0.6899	-0.00491553
0.721259	-0.00415088
0.752618	-0.00314408
0.783977	-0.00186579
0.815336	-0.000287076
0.846696	0.00161967
0.878055	0.00387955
0.909414	0.00651389
0.940773	0.00953886
0.972132	0.0129641
1.00349	0.0167912
1.03485	0.0210126
1.06621	0.0256102
1.09757	0.0305547
1.12893	0.035805
1.16029	0.041308
1.19165	0.0469991
1.223	0.0528029
1.25436	0.0586347
1.28572	0.0644023
1.31708	0.0700085
1.34844	0.0753536
1.3798	0.0803385
1.41116	0.084868
1.44252	0.0888536
1.47388	0.0922171
1.50524	0.0948926
1.5366	0.0968295
1.56795	0.0979936
1.59931	0.0983688
1.63067	0.0979569
1.66203	0.096778
1.69339	0.0948686
1.72475	0.0922808
1.75611	0.0890796
1.78747	0.0853405
1.81883	0.0811466
1.85019	0.0765854
1.88155	0.0717461
1.9129	0.0667164
1.94426	0.0615801
1.97562	0.056415
2.00698	0.0516514
2.03834	0.0481134
2.0697	0.0445066
2.10106	0.040877
2.13242	0.0372672
2.16378	0.0337146
2.19514	0.0302498
2.2265	0.0268959
2.25785	0.0236666
2.28921	0.0205654
2.32057	0.017585
2.35193	0.0147053
2.38329	0.0118928
2.41465	0.00909799
2.44601	0.00625208
2.47737	0.00326165
2.50873	7.45287e-13
