0	0
0.0313591	-0.000293258
0.0627182	-0.000589095
0.0940773	-0.00088996
0.125436	-0.00119803
0.156795	-0.00151511
0.188155	-0.00184245
0.219514	-0.00218071
0.250873	-0.00252977
0.282232	-0.00288867
0.313591	-0.00325545
0.34495	-0.00362711
0.376309	-0.00399944
0.407668	-0.00436694
0.439027	-0.00472267
0.470386	-0.00505816
0.501746	-0.00536324
0.533105	-0.00562592
0.564464	-0.00583228
0.595823	-0.00596634
0.627182	-0.00600994
0.658541	-0.00594275
0.6899	-0.00574226
0.721259	-0.00538388
0.752618	-0.00484114
0.783977	-0.00408604
0.815336	-0.00308951
0.846696	-0.00182206
0.878055	-0.000254615
0.909414	0.00164054
0.940773	0.0038886
0.972132	0.00651097
1.00349	0.00952386
1.03485	0.0129369
1.06621	0.0167518
1.09757	0.0209609
1.12893	0.0255462
1.16029	0.0304782
1.19165	0.0357159
1.223	0.0412059
1.25436	0.0468836
1.28572	0.0526733
1.31708	0.0584902
1.34844	0.0642419
1.3798	0.0698306
1.41116	0.0751563
1.44252	0.0801195
1.47388	0.0846244
1.50524	0.0885821
1.5366	0.0919135
1.56795	0.0945521
1.59931	0.0964465
1.63067	0.0975618
1.66203	0.097881
1.69339	0.0974053
1.72475	0.0961539
1.75611	0.0941627
1.78747	0.0914834
1.81883	0.0881805
1.85019	0.0843294
1.88155	0.0800133
1.9129	0.07532
1.94426	0.0703394
1.97562	0.0651601
2.00698	0.0602882
2.03834	0.0567143
2.0697	0.052941
2.10106	0.0490231
2.13242	0.0450153
2.16378	0.04097
2.19514	0.0369352
2.2265	0.0329526
2.25785	0.029055
2.28921	0.0252645
2.32057	0.02159
2.35193	0.0180245
2.38329	0.0145422
2.41465	0.0110946
2.44601	0.00760484
2.47737	0.0039601
2.50873	7.45287e-13
