0	0
0.0313591	-0.000246828
0.0627182	-0.000496702
0.0940773	-0.000752545
0.125436	-0.00101703
0.156795	-0.00129245
0.188155	-0.00158063
0.219514	-0.00188278
0.250873	-0.00219942
0.282232	-0.00253026
0.313591	-0.00287411
0.34495	-0.0032288
0.376309	-0.00359104
0.407668	-0.00395636
0.439027	-0.00431899
0.470386	-0.00467173
0.501746	-0.00500587
0.533105	-0.00531101
0.564464	-0.00557495
0.595823	-0.00578358
0.627182	-0.00592075
0.658541	-0.00596815
0.6899	-0.00590533
0.721259	-0.00570966
0.752618	-0.00535646
0.783977	-0.00481917
0.815336	-0.00406973
0.846696	-0.00307902
0.878055	-0.0018175
0.909414	-0.000256051
0.940773	0.00163306
0.972132	0.00387504
1.00349	0.0064913
1.03485	0.00949807
1.06621	0.012905
1.09757	0.0167137
1.12893	0.0209165
1.16029	0.0254953
1.19165	0.0304206
1.223	0.0356513
1.25436	0.0411339
1.28572	0.0468037
1.31708	0.0525848
1.34844	0.0583922
1.3798	0.0641331
1.41116	0.0697097
1.44252	0.0750216
1.47388	0.0799689
1.50524	0.0844556
1.5366	0.0883922
1.56795	0.0916994
1.59931	0.0943102
1.63067	0.0961729
1.66203	0.0972521
1.69339	0.0975306
1.72475	0.0970092
1.75611	0.0957069
1.78747	0.0936598
1.81883	0.0909192
1.85019	0.0875502
1.88155	0.0836282
1.9129	0.079237
1.94426	0.074465
1.97562	0.0694029
2.00698	0.0645912
2.03834	0.0611051
2.0697	0.0573457
2.10106	0.0533698
2.13242	0.0492356
2.16378	0.0450015
2.19514	0.0407228
2.2265	0.0364498
2.25785	0.0322251
2.28921	0.0280802
2.32057	0.024033
2.35193	0.020084
2.38329	0.0162124
2.41465	0.012371
2.44601	0.00847939
2.47737	0.00441502
2.50873	7.45287e-13
