0	0
0.0313591	0.00483889
0.0627182	0.00971447
0.0940773	0.0146608
0.125436	0.0197067
0.156795	0.0248736
0.188155	0.030173
0.219514	0.0356056
0.250873	0.0411592
0.282232	0.0468087
0.313591	0.0525158
0.34495	0.0582292
0.376309	0.0638861
0.407668	0.0694138
0.439027	0.0747318
0.470386	0.0797546
0.501746	0.0843946
0.533105	0.0885656
0.564464	0.0921858
0.595823	0.0951814
0.627182	0.0974894
0.658541	0.0990603
0.6899	0.0998603
0.721259	0.0998726
0.752618	0.0990986
0.783977	0.0975575
0.815336	0.095286
0.846696	0.092337
0.878055	0.0887772
0.909414	0.0846853
0.940773	0.0801486
0.972132	0.0752603
1.00349	0.0701162
1.03485	0.0648117
1.06621	0.0594389
1.09757	0.0540844
1.12893	0.0488265
1.16029	0.0437344
1.19165	0.0388663
1.223	0.0342695
1.25436	0.0299795
1.28572	0.026021
1.31708	0.0224083
1.34844	0.0191459
1.3798	0.0162302
1.41116	0.0136508
1.44252	0.0113914
1.47388	0.00943139
1.50524	0.00774746
1.5366	0.00631431
1.56795	0.00510595
1.59931	0.00409647
1.63067	0.00326081
1.66203	0.00257528
1.69339	0.00201792
1.72475	0.00156879
1.75611	0.00121004
1.78747	0.000925996
1.81883	0.000703032
1.85019	0.000529513
1.88155	0.000395609
1.9129	0.000293125
1.94426	0.000215308
1.97562	0.000156651
2.00698	0.000113507
2.03834	8.3216e-05
2.0697	6.02241e-05
2.10106	4.2997e-05
2.13242	3.02631e-05
2.16378	2.09831e-05
2.19514	1.43204e-05
2.2265	9.61123e-06
2.25785	6.33747e-06
2.28921	4.10084e-06
2.32057	2.60052e-06
2.35193	1.61302e-06
2.38329	9.75115e-07
2.41465	5.69234e-07
2.44601	3.10985e-07
2.47737	1.38164e-07
2.50873	7.45287e-13
