0	0
0.0313591	-4.83553e-07
0.0627182	-4.1503e-06
0.0940773	-1.41556e-05
0.125436	-3.35978e-05
0.156795	-6.54872e-05
0.188155	-0.000112711
0.219514	-0.000177997
0.250873	-0.000263867
0.282232	-0.000372595
0.313591	-0.000506155
0.34495	-0.000666162
0.376309	-0.000853822
0.407668	-0.00106986
0.439027	-0.00131448
0.470386	-0.00158727
0.501746	-0.00188715
0.533105	-0.0022123
0.564464	-0.00256009
0.595823	-0.002927
0.627182	-0.00330852
0.658541	-0.00369908
0.6899	-0.00409191
0.721259	-0.00447896
0.752618	-0.00485075
0.783977	-0.00519625
0.815336	-0.00550275
0.846696	-0.0057557
0.878055	-0.00593861
0.909414	-0.00603298
0.940773	-0.00601821
0.972132	-0.00587166
1.00349	-0.00556871
1.03485	-0.00508301
1.06621	-0.00438681
1.09757	-0.00345143
1.12893	-0.00224793
1.16029	-0.000747941
1.19165	0.00107537
1.223	0.00324611
1.25436	0.00578442
1.28572	0.00870504
1.31708	0.0120159
1.34844	0.0157169
1.3798	0.0197983
1.41116	0.0242397
1.44252	0.0290096
1.47388	0.0340642
1.50524	0.0393479
1.5366	0.0447935
1.56795	0.0503231
1.59931	0.0558497
1.63067	0.0612789
1.66203	0.0665118
1.69339	0.0714471
1.72475	0.0759851
1.75611	0.0800301
1.78747	0.0834941
1.81883	0.0862997
1.85019	0.0883829
1.88155	0.0896955
1.9129	0.0902064
1.94426	0.089903
1.97562	0.0887914
2.00698	0.0875066
2.03834	0.0876107
2.0697	0.0869543
2.10106	0.0855139
2.13242	0.0832798
2.16378	0.0802566
2.19514	0.0764616
2.2265	0.0719233
2.25785	0.0666771
2.28921	0.0607606
2.32057	0.0542064
2.35193	0.0470331
2.38329	0.0392342
2.41465	0.0307654
2.44601	0.0215294
2.47737	0.0113591
2.50873	7.45287e-13
