0	0
0.0313591	1.45531e-05
0.0627182	2.61676e-05
0.0940773	3.19218e-05
0.125436	2.89284e-05
0.156795	1.4356e-05
0.188155	-1.45469e-05
0.219514	-6.04221e-05
0.250873	-0.000125768
0.282232	-0.000212897
0.313591	-0.000323895
0.34495	-0.000460565
0.376309	-0.000624376
0.407668	-0.000816402
0.439027	-0.00103726
0.470386	-0.00128706
0.501746	-0.0015653
0.533105	-0.00187084
0.564464	-0.00220181
0.595823	-0.00255552
0.627182	-0.00292843
0.658541	-0.00331601
0.6899	-0.00371264
0.721259	-0.00411157
0.752618	-0.00450475
0.783977	-0.0048827
0.815336	-0.00523442
0.846696	-0.00554723
0.878055	-0.00580663
0.909414	-0.00599621
0.940773	-0.00609754
0.972132	-0.00609015
1.00349	-0.00595153
1.03485	-0.00565723
1.06621	-0.0051811
1.09757	-0.0044956
1.12893	-0.00357234
1.16029	-0.00238267
1.19165	-0.000898542
1.223	0.000906509
1.25436	0.00305622
1.28572	0.00557032
1.31708	0.00846315
1.34844	0.0117423
1.3798	0.0154072
1.41116	0.0194478
1.44252	0.0238436
1.47388	0.0285626
1.50524	0.0335612
1.5366	0.0387837
1.56795	0.0441631
1.59931	0.0496219
1.63067	0.0550733
1.66203	0.0604239
1.69339	0.0655752
1.72475	0.0704272
1.75611	0.0748809
1.78747	0.0788418
1.81883	0.082223
1.85019	0.0849484
1.88155	0.0869548
1.9129	0.0881948
1.94426	0.0886381
1.97562	0.0882723
2.00698	0.0877158
2.03834	0.0885442
2.0697	0.0886022
2.10106	0.0878461
2.13242	0.0862455
2.16378	0.0837833
2.19514	0.0804556
2.2265	0.0762701
2.25785	0.0712431
2.28921	0.0653947
2.32057	0.0587425
2.35193	0.0512926
2.38329	0.0430294
2.41465	0.0339023
2.44601	0.0238118
2.47737	0.012593
2.50873	7.45287e-13
