0	0
0.0313591	2.66512e-05
0.0627182	5.06252e-05
0.0940773	6.92516e-05
0.125436	7.98756e-05
0.156795	7.98687e-05
0.188155	6.66451e-05
0.219514	3.76822e-05
0.250873	-9.45229e-06
0.282232	-7.7067e-05
0.313591	-0.000167307
0.34495	-0.000282108
0.376309	-0.000423145
0.407668	-0.000591775
0.439027	-0.000788979
0.470386	-0.00101529
0.501746	-0.00127075
0.533105	-0.00155481
0.564464	-0.00186627
0.595823	-0.00220324
0.627182	-0.00256301
0.658541	-0.002942
0.6899	-0.00333567
0.721259	-0.00373843
0.752618	-0.00414353
0.783977	-0.00454292
0.815336	-0.00492718
0.846696	-0.00528535
0.878055	-0.00560482
0.909414	-0.00587119
0.940773	-0.00606815
0.972132	-0.00617742
1.00349	-0.00617868
1.03485	-0.00604962
1.06621	-0.00576602
1.09757	-0.00530201
1.12893	-0.00463034
1.16029	-0.00372294
1.19165	-0.00255153
1.223	-0.00108844
1.25436	0.000692406
1.28572	0.00281433
1.31708	0.00529668
1.34844	0.00815343
1.3798	0.0113918
1.41116	0.015011
1.44252	0.0190008
1.47388	0.0233406
1.50524	0.0279985
1.5366	0.0329309
1.56795	0.0380825
1.59931	0.0433868
1.63067	0.0487668
1.66203	0.0541368
1.69339	0.059404
1.72475	0.064471
1.75611	0.0692389
1.78747	0.0736098
1.81883	0.0774905
1.85019	0.0807949
1.88155	0.0834477
1.9129	0.0853865
1.94426	0.0865641
1.97562	0.0869501
2.00698	0.0871399
2.03834	0.0887089
2.0697	0.0895147
2.10106	0.0894931
2.13242	0.0885911
2.16378	0.0867679
2.19514	0.0839948
2.2265	0.0802549
2.25785	0.0755406
2.28921	0.0698494
2.32057	0.0631788
2.35193	0.0555178
2.38329	0.0468372
2.41465	0.0370779
2.44601	0.0261374
2.47737	0.0138554
2.50873	7.45287e-13
