0	0
0.0313591	3.60721e-05
0.0627182	6.97352e-05
0.0940773	9.8579e-05
0.125436	0.000120192
0.156795	0.000132165
0.188155	0.000132098
0.219514	0.000117615
0.250873	8.63828e-05
0.282232	3.61377e-05
0.313591	-3.52805e-05
0.34495	-0.000129888
0.376309	-0.000249508
0.407668	-0.000395721
0.439027	-0.000569805
0.470386	-0.000772671
0.501746	-0.0010048
0.533105	-0.00126619
0.564464	-0.00155624
0.595823	-0.00187376
0.627182	-0.00221681
0.658541	-0.00258268
0.6899	-0.00296779
0.721259	-0.00336762
0.752618	-0.0037766
0.783977	-0.004188
0.815336	-0.00459385
0.846696	-0.00498477
0.878055	-0.00534991
0.909414	-0.00567676
0.940773	-0.00595106
0.972132	-0.00615667
1.00349	-0.0062755
1.03485	-0.00628747
1.06621	-0.00617053
1.09757	-0.00590076
1.12893	-0.00545261
1.16029	-0.0047992
1.19165	-0.00391284
1.223	-0.00276563
1.25436	-0.00133032
1.28572	0.000418768
1.31708	0.00250461
1.34844	0.0049462
1.3798	0.00775727
1.41116	0.0109449
1.44252	0.0145081
1.47388	0.0184367
1.50524	0.0227103
1.5366	0.0272972
1.56795	0.0321545
1.59931	0.0372275
1.63067	0.0424503
1.66203	0.0477469
1.69339	0.0530326
1.72475	0.0582157
1.75611	0.0632
1.78747	0.0678876
1.81883	0.0721817
1.85019	0.0759898
1.88155	0.0792266
1.9129	0.081817
1.94426	0.0836985
1.97562	0.0848234
2.00698	0.0857589
2.03834	0.0880652
2.0697	0.0896329
2.10106	0.0903776
2.13242	0.0902229
2.16378	0.0891023
2.19514	0.0869601
2.2265	0.0837511
2.25785	0.0794394
2.28921	0.0739956
2.32057	0.0673917
2.35193	0.0595947
2.38329	0.050558
2.41465	0.0402111
2.44601	0.028448
2.47737	0.0151151
2.50873	7.45287e-13
