0	0
0.0313591	0.00421943
0.0627182	0.00848279
0.0940773	0.0128315
0.125436	0.0173023
0.156795	0.0219246
0.188155	0.0267187
0.219514	0.0316942
0.250873	0.0368484
0.282232	0.0421656
0.313591	0.0476166
0.34495	0.0531585
0.376309	0.0587361
0.407668	0.0642824
0.439027	0.069721
0.470386	0.0749679
0.501746	0.0799345
0.533105	0.0845305
0.564464	0.0886674
0.595823	0.0922614
0.627182	0.0952371
0.658541	0.0975301
0.6899	0.0990898
0.721259	0.0998815
0.752618	0.0998877
0.783977	0.0991093
0.815336	0.097565
0.846696	0.0952912
0.878055	0.0923406
0.909414	0.0887797
0.940773	0.084687
0.972132	0.0801497
1.00349	0.075261
1.03485	0.0701167
1.06621	0.064812
1.09757	0.0594391
1.12893	0.0540845
1.16029	0.0488266
1.19165	0.0437344
1.223	0.0388664
1.25436	0.0342695
1.28572	0.0299795
1.31708	0.026021
1.34844	0.0224083
1.3798	0.0191459
1.41116	0.0162303
1.44252	0.0136508
1.47388	0.0113914
1.50524	0.00943139
1.5366	0.00774746
1.56795	0.00631431
1.59931	0.00510594
1.63067	0.00409645
1.66203	0.00326079
1.69339	0.00257525
1.72475	0.00201788
1.75611	0.00156872
1.78747	0.00120995
1.81883	0.000925861
1.85019	0.000702838
1.88155	0.000529236
1.9129	0.000395216
1.94426	0.000292572
1.97562	0.000214534
2.00698	0.000156673
2.03834	0.000115782
2.0697	8.44734e-05
2.10106	6.08084e-05
2.13242	4.31592e-05
2.16378	3.01807e-05
2.19514	2.07769e-05
2.2265	1.40683e-05
2.25785	9.36023e-06
2.28921	6.1126e-06
2.32057	3.9126e-06
2.35193	2.4499e-06
2.38329	1.49511e-06
2.41465	8.80741e-07
2.44601	4.85038e-07
2.47737	2.16776e-07
2.50873	7.45287e-13
