0	0
0.0313591	5.22891e-05
0.0627182	0.000103169
0.0940773	0.000151213
0.125436	0.000194954
0.156795	0.000232875
0.188155	0.000263392
0.219514	0.000284847
0.250873	0.000295508
0.282232	0.000293568
0.313591	0.000277156
0.34495	0.000244356
0.376309	0.000193231
0.407668	0.000121853
0.439027	2.83449e-05
0.470386	-8.90767e-05
0.501746	-0.000232048
0.533105	-0.000402001
0.564464	-0.000600107
0.595823	-0.00082721
0.627182	-0.00108376
0.658541	-0.00136977
0.6899	-0.0016847
0.721259	-0.00202745
0.752618	-0.00239626
0.783977	-0.00278864
0.815336	-0.00320133
0.846696	-0.00363016
0.878055	-0.00407006
0.909414	-0.00451486
0.940773	-0.00495728
0.972132	-0.00538877
1.00349	-0.00579939
1.03485	-0.00617768
1.06621	-0.00651056
1.09757	-0.00678317
1.12893	-0.0069788
1.16029	-0.00707881
1.19165	-0.00706263
1.223	-0.00690784
1.25436	-0.00659027
1.28572	-0.00608437
1.31708	-0.00536357
1.34844	-0.00440085
1.3798	-0.00316951
1.41116	-0.00164403
1.44252	0.00019882
1.47388	0.00237885
1.50524	0.00491111
1.5366	0.00780454
1.56795	0.0110607
1.59931	0.0146722
1.63067	0.0186222
1.66203	0.0228827
1.69339	0.0274146
1.72475	0.0321673
1.75611	0.0370786
1.78747	0.0420759
1.81883	0.0470771
1.85019	0.0519922
1.88155	0.0567256
1.9129	0.0611782
1.94426	0.0652506
1.97562	0.0688456
2.00698	0.0723765
2.03834	0.0771987
2.0697	0.0815337
2.10106	0.0852302
2.13242	0.0881281
2.16378	0.0900599
2.19514	0.0908539
2.2265	0.0903363
2.25785	0.088334
2.28921	0.0846769
2.32057	0.0791999
2.35193	0.0717452
2.38329	0.0621631
2.41465	0.0503147
2.44601	0.0360736
2.47737	0.0193304
2.50873	7.45287e-13
