0	0
0.0313591	5.22291e-05
0.0627182	0.000103259
0.0940773	0.00015187
0.125436	0.000196803
0.156795	0.00023674
0.188155	0.000270294
0.219514	0.000295992
0.250873	0.000312271
0.282232	0.000317479
0.313591	0.000309876
0.34495	0.000287647
0.376309	0.00024892
0.407668	0.000191795
0.439027	0.000114368
0.470386	1.47801e-05
0.501746	-0.000108744
0.533105	-0.00025784
0.564464	-0.000433953
0.595823	-0.000638275
0.627182	-0.000871687
0.658541	-0.00113469
0.6899	-0.00142736
0.721259	-0.00174926
0.752618	-0.00209939
0.783977	-0.00247613
0.815336	-0.00287717
0.846696	-0.00329941
0.878055	-0.00373896
0.909414	-0.00419097
0.940773	-0.0046496
0.972132	-0.00510788
1.00349	-0.00555763
1.03485	-0.00598928
1.06621	-0.00639178
1.09757	-0.00675244
1.12893	-0.00705681
1.16029	-0.00728852
1.19165	-0.00742928
1.223	-0.00745879
1.25436	-0.00735479
1.28572	-0.00709324
1.31708	-0.00664852
1.34844	-0.00599391
1.3798	-0.00510207
1.41116	-0.00394584
1.44252	-0.00249906
1.47388	-0.000737713
1.50524	0.00135891
1.5366	0.00380688
1.56795	0.00661625
1.59931	0.00978964
1.63067	0.0133209
1.66203	0.017194
1.69339	0.021382
1.72475	0.0258463
1.75611	0.0305365
1.78747	0.0353906
1.81883	0.0403352
1.85019	0.0452872
1.88155	0.050155
1.9129	0.0548408
1.94426	0.0592427
1.97562	0.063258
2.00698	0.0672551
2.03834	0.0725047
2.0697	0.0773564
2.10106	0.0816494
2.13242	0.0852086
2.16378	0.0878468
2.19514	0.0893669
2.2265	0.0895653
2.25785	0.0882346
2.28921	0.0851684
2.32057	0.0801645
2.35193	0.0730299
2.38329	0.0635857
2.41465	0.0516728
2.44601	0.0371595
2.47737	0.0199506
2.50873	7.45287e-13
