0	0
0.0313591	5.09698e-05
0.0627182	0.00010093
0.0940773	0.000148849
0.125436	0.000193656
0.156795	0.000234222
0.188155	0.000269341
0.219514	0.000297718
0.250873	0.000317962
0.282232	0.000328579
0.313591	0.00032797
0.34495	0.00031444
0.376309	0.00028621
0.407668	0.000241435
0.439027	0.00017823
0.470386	9.47013e-05
0.501746	-1.10119e-05
0.533105	-0.000140695
0.564464	-0.000296008
0.595823	-0.00047843
0.627182	-0.000689206
0.658541	-0.000929283
0.6899	-0.00119926
0.721259	-0.00149931
0.752618	-0.00182914
0.783977	-0.00218792
0.815336	-0.00257422
0.846696	-0.00298596
0.878055	-0.00342032
0.909414	-0.0038737
0.940773	-0.00434157
0.972132	-0.00481846
1.00349	-0.00529778
1.03485	-0.00577173
1.06621	-0.00623117
1.09757	-0.00666542
1.12893	-0.00706217
1.16029	-0.00740728
1.19165	-0.00768468
1.223	-0.00787624
1.25436	-0.00796176
1.28572	-0.00791894
1.31708	-0.00772358
1.34844	-0.00734974
1.3798	-0.00677024
1.41116	-0.0059571
1.44252	-0.00488237
1.47388	-0.003519
1.50524	-0.00184194
1.5366	0.000170616
1.56795	0.00253587
1.59931	0.00526495
1.63067	0.00836151
1.66203	0.0118203
1.69339	0.0156257
1.72475	0.0197513
1.75611	0.0241583
1.78747	0.0287958
1.81883	0.0336006
1.85019	0.0384979
1.88155	0.0434024
1.9129	0.0482195
1.94426	0.0528481
1.97562	0.0571826
2.00698	0.0615455
2.03834	0.0671113
2.0697	0.0723727
2.10106	0.0771628
2.13242	0.0812958
2.16378	0.0845684
2.19514	0.0867622
2.2265	0.0876471
2.25785	0.0869851
2.28921	0.0845358
2.32057	0.0800622
2.35193	0.0733378
2.38329	0.0641556
2.41465	0.0523375
2.44601	0.0377469
2.47737	0.0203032
2.50873	7.45287e-13
