0	0
0.0313591	4.87006e-05
0.0627182	9.65598e-05
0.0940773	0.000142716
0.125436	0.000186268
0.156795	0.000226257
0.188155	0.000261646
0.219514	0.000291311
0.250873	0.000314026
0.282232	0.000328453
0.313591	0.000333143
0.34495	0.000326533
0.376309	0.000306955
0.407668	0.000272645
0.439027	0.000221768
0.470386	0.000152438
0.501746	6.27497e-05
0.533105	-4.918e-05
0.564464	-0.000185172
0.595823	-0.000346938
0.627182	-0.000536026
0.658541	-0.000753769
0.6899	-0.00100123
0.721259	-0.00127913
0.752618	-0.00158783
0.783977	-0.00192722
0.815336	-0.00229671
0.846696	-0.00269513
0.878055	-0.0031207
0.909414	-0.00357093
0.940773	-0.00404255
0.972132	-0.00453146
1.00349	-0.00503256
1.03485	-0.00553966
1.06621	-0.00604537
1.09757	-0.00654089
1.12893	-0.00701589
1.16029	-0.00745832
1.19165	-0.00785424
1.223	-0.00818764
1.25436	-0.00844039
1.28572	-0.0085921
1.31708	-0.00862016
1.34844	-0.0084999
1.3798	-0.00820477
1.41116	-0.00770677
1.44252	-0.00697704
1.47388	-0.0059866
1.50524	-0.00470729
1.5366	-0.00311296
1.56795	-0.00118068
1.59931	0.00110774
1.63067	0.00376429
1.66203	0.00679321
1.69339	0.0101895
1.72475	0.0139377
1.75611	0.0180105
1.78747	0.0223683
1.81883	0.0269586
1.85019	0.0317158
1.88155	0.0365625
1.9129	0.0414097
1.94426	0.0461594
1.97562	0.0507059
2.00698	0.0553252
2.03834	0.0610855
2.0697	0.0666353
2.10106	0.0718056
2.13242	0.0764042
2.16378	0.0802164
2.19514	0.0830074
2.2265	0.0845255
2.25785	0.0845067
2.28921	0.0826814
2.32057	0.0787817
2.35193	0.0725516
2.38329	0.0637585
2.41465	0.0522074
2.44601	0.0377582
2.47737	0.020345
2.50873	7.45287e-13
