0	0
0.0313591	4.17865e-05
0.0627182	8.30095e-05
0.0940773	0.000123087
0.125436	0.000161403
0.156795	0.000197287
0.188155	0.00023
0.219514	0.000258718
0.250873	0.000282518
0.282232	0.000300366
0.313591	0.000311105
0.34495	0.000313452
0.376309	0.000305991
0.407668	0.000287177
0.439027	0.000255336
0.470386	0.000208685
0.501746	0.00014534
0.533105	6.33392e-05
0.564464	-3.93238e-05
0.595823	-0.000164673
0.627182	-0.000314711
0.658541	-0.000491375
0.6899	-0.000696491
0.721259	-0.000931728
0.752618	-0.00119854
0.783977	-0.00149813
0.815336	-0.00183136
0.846696	-0.00219873
0.878055	-0.00260031
0.909414	-0.00303563
0.940773	-0.00350366
0.972132	-0.00400271
1.00349	-0.0045303
1.03485	-0.00508307
1.06621	-0.00565667
1.09757	-0.00624554
1.12893	-0.0068428
1.16029	-0.00744001
1.19165	-0.008027
1.223	-0.00859163
1.25436	-0.00911961
1.28572	-0.00959431
1.31708	-0.00999664
1.34844	-0.010305
1.3798	-0.0104951
1.41116	-0.0105407
1.44252	-0.010413
1.47388	-0.010082
1.50524	-0.00951663
1.5366	-0.00868574
1.56795	-0.00755925
1.59931	-0.00610938
1.63067	-0.00431207
1.66203	-0.00214859
1.69339	0.00039281
1.72475	0.00331523
1.75611	0.00661154
1.78747	0.0102629
1.81883	0.0142378
1.85019	0.0184909
1.88155	0.022963
1.9129	0.0275809
1.94426	0.0322586
1.97562	0.0368982
2.00698	0.041683
2.03834	0.0474426
2.0697	0.0531665
2.10106	0.0586936
2.13242	0.0638326
2.16378	0.0683623
2.19514	0.0720329
2.2265	0.074569
2.25785	0.0756751
2.28921	0.0750435
2.32057	0.0723645
2.35193	0.0673406
2.38329	0.059704
2.41465	0.0492376
2.44601	0.0358001
2.47737	0.0193545
2.50873	7.45287e-13
