0	0
0.0313591	3.74195e-05
0.0627182	7.43868e-05
0.0940773	0.000110433
0.125436	0.000145058
0.156795	0.000177711
0.188155	0.000207778
0.219514	0.000234564
0.250873	0.000257282
0.282232	0.000275033
0.313591	0.000286801
0.34495	0.000291438
0.376309	0.00028766
0.407668	0.00027404
0.439027	0.000249009
0.470386	0.000210859
0.501746	0.000157755
0.533105	8.77434e-05
0.564464	-1.22368e-06
0.595823	-0.000111267
0.627182	-0.000244547
0.658541	-0.000403234
0.6899	-0.000589461
0.721259	-0.000805285
0.752618	-0.00105264
0.783977	-0.00133328
0.815336	-0.00164873
0.846696	-0.00200022
0.878055	-0.00238863
0.909414	-0.00281441
0.940773	-0.00327751
0.972132	-0.0037773
1.00349	-0.00431243
1.03485	-0.00488077
1.06621	-0.00547923
1.09757	-0.00610363
1.12893	-0.00674851
1.16029	-0.00740695
1.19165	-0.00807035
1.223	-0.00872822
1.25436	-0.00936796
1.28572	-0.00997463
1.31708	-0.0105308
1.34844	-0.0110166
1.3798	-0.0114092
1.41116	-0.0116834
1.44252	-0.0118117
1.47388	-0.0117643
1.50524	-0.0115101
1.5366	-0.0110173
1.56795	-0.010254
1.59931	-0.00918998
1.63067	-0.00779741
1.66203	-0.00605282
1.69339	-0.00393854
1.72475	-0.00144442
1.75611	0.00143042
1.78747	0.00467606
1.81883	0.00827033
1.85019	0.0121777
1.88155	0.0163486
1.9129	0.0207192
1.94426	0.0252116
1.97562	0.029735
2.00698	0.0344274
2.03834	0.0399883
2.0697	0.0455883
2.10106	0.0510757
2.13242	0.0562667
2.16378	0.0609456
2.19514	0.064865
2.2265	0.0677496
2.25785	0.0693003
2.28921	0.0692035
2.32057	0.0671417
2.35193	0.0628094
2.38329	0.0559319
2.41465	0.0462893
2.44601	0.0337441
2.47737	0.0182727
2.50873	7.45287e-13
