0	0
0.0313591	0.0036439
0.0627182	0.0073365
0.0940773	0.0111243
0.125436	0.0150494
0.156795	0.0191474
0.188155	0.0234457
0.219514	0.0279616
0.250873	0.0327007
0.282232	0.0376563
0.313591	0.0428084
0.34495	0.0481235
0.376309	0.0535549
0.407668	0.0590433
0.439027	0.0645186
0.470386	0.0699009
0.501746	0.0751038
0.533105	0.0800363
0.564464	0.0846061
0.595823	0.0887231
0.627182	0.0923021
0.658541	0.0952666
0.6899	0.0975513
0.721259	0.0991049
0.752618	0.0998921
0.783977	0.0998952
0.815336	0.0991145
0.846696	0.0975685
0.878055	0.0952937
0.909414	0.0923422
0.940773	0.0887808
0.972132	0.0846877
1.00349	0.0801502
1.03485	0.0752613
1.06621	0.0701169
1.09757	0.0648121
1.12893	0.0594392
1.16029	0.0540846
1.19165	0.0488267
1.223	0.0437345
1.25436	0.0388664
1.28572	0.0342695
1.31708	0.0299795
1.34844	0.026021
1.3798	0.0224083
1.41116	0.0191459
1.44252	0.0162302
1.47388	0.0136508
1.50524	0.0113914
1.5366	0.00943139
1.56795	0.00774745
1.59931	0.0063143
1.63067	0.00510592
1.66203	0.00409643
1.69339	0.00326075
1.72475	0.00257519
1.75611	0.00201779
1.78747	0.00156859
1.81883	0.00120976
1.85019	0.000925584
1.88155	0.000702445
1.9129	0.000528682
1.94426	0.000394442
1.97562	0.000291499
2.00698	0.000214557
2.03834	0.000159827
2.0697	0.000117557
2.10106	8.53232e-05
2.13242	6.1068e-05
2.16378	4.30695e-05
2.19514	2.9908e-05
2.2265	2.04308e-05
2.25785	1.37163e-05
2.28921	9.03983e-06
2.32057	5.84049e-06
2.35193	3.69176e-06
2.38329	2.27425e-06
2.41465	1.35192e-06
2.44601	7.50513e-07
2.47737	3.37506e-07
2.50873	7.45287e-13
