0	0
0.0313591	3.26002e-05
0.0627182	6.48433e-05
0.0940773	9.63574e-05
0.125436	0.000126741
0.156795	0.000155549
0.188155	0.000182275
0.219514	0.000206342
0.250873	0.000227079
0.282232	0.000243717
0.313591	0.000255366
0.34495	0.000261009
0.376309	0.000259487
0.407668	0.000249492
0.439027	0.000229562
0.470386	0.000198078
0.501746	0.000153263
0.533105	9.31919e-05
0.564464	1.58005e-05
0.595823	-8.10976e-05
0.627182	-0.000199789
0.658541	-0.000342633
0.6899	-0.000512028
0.721259	-0.000710373
0.752618	-0.000940023
0.783977	-0.00120324
0.815336	-0.00150214
0.846696	-0.00183862
0.878055	-0.00221432
0.909414	-0.00263052
0.940773	-0.00308805
0.972132	-0.00358724
1.00349	-0.00412777
1.03485	-0.00470859
1.06621	-0.00532773
1.09757	-0.0059822
1.12893	-0.00666778
1.16029	-0.00737885
1.19165	-0.00810817
1.223	-0.00884668
1.25436	-0.00958325
1.28572	-0.0103045
1.31708	-0.0109946
1.34844	-0.0116351
1.3798	-0.0122049
1.41116	-0.0126802
1.44252	-0.0130347
1.47388	-0.0132398
1.50524	-0.013265
1.5366	-0.0130784
1.56795	-0.012648
1.59931	-0.0119421
1.63067	-0.0109307
1.66203	-0.00958736
1.69339	-0.00789006
1.72475	-0.00582335
1.75611	-0.00337991
1.78747	-0.0005622
1.81883	0.00261595
1.85019	0.00612806
1.88155	0.00993397
1.9129	0.0139793
1.94426	0.0181956
1.97562	0.0225005
2.00698	0.0269877
2.03834	0.0322216
2.0697	0.0375576
2.10106	0.0428565
2.13242	0.0479469
2.16378	0.0526242
2.19514	0.0566508
2.2265	0.0597594
2.25785	0.0616571
2.28921	0.0620345
2.32057	0.0605768
2.35193	0.0569803
2.38329	0.0509727
2.41465	0.0423378
2.44601	0.0309456
2.47737	0.016785
2.50873	7.45287e-13
