0	0
0.0313591	1.63078e-05
0.0627182	3.24614e-05
0.0940773	4.8296e-05
0.125436	6.36253e-05
0.156795	7.82303e-05
0.188155	9.18471e-05
0.219514	0.000104154
0.250873	0.000114756
0.282232	0.000123172
0.313591	0.000128817
0.34495	0.000130984
0.376309	0.000128826
0.407668	0.000121341
0.439027	0.000107347
0.470386	8.54704e-05
0.501746	5.41248e-05
0.533105	1.15012e-05
0.564464	-4.44443e-05
0.595823	-0.000115996
0.627182	-0.00020568
0.658541	-0.000316254
0.6899	-0.000450696
0.721259	-0.00061218
0.752618	-0.000804041
0.783977	-0.00102973
0.815336	-0.00129276
0.846696	-0.00159662
0.878055	-0.00194475
0.909414	-0.00234036
0.940773	-0.00278639
0.972132	-0.00328539
1.00349	-0.00383936
1.03485	-0.00444963
1.06621	-0.0051167
1.09757	-0.0058401
1.12893	-0.00661822
1.16029	-0.00744812
1.19165	-0.0083254
1.223	-0.00924397
1.25436	-0.0101959
1.28572	-0.0111714
1.31708	-0.0121585
1.34844	-0.0131428
1.3798	-0.0141079
1.41116	-0.0150348
1.44252	-0.0159025
1.47388	-0.0166876
1.50524	-0.0173647
1.5366	-0.0179069
1.56795	-0.0182861
1.59931	-0.0184737
1.63067	-0.0184412
1.66203	-0.0181615
1.69339	-0.0176094
1.72475	-0.0167636
1.75611	-0.0156071
1.78747	-0.0141294
1.81883	-0.0123275
1.85019	-0.0102074
1.88155	-0.00778493
1.9129	-0.00508708
1.94426	-0.00215242
1.97562	0.000968714
2.00698	0.00424416
2.03834	0.00781259
2.0697	0.011589
2.10106	0.015488
2.13242	0.0193981
2.16378	0.0231804
2.19514	0.0266679
2.2265	0.0296671
2.25785	0.0319614
2.28921	0.0333179
2.32057	0.033497
2.35193	0.0322666
2.38329	0.0294203
2.41465	0.0247994
2.44601	0.01832
2.47737	0.0100019
2.50873	7.45287e-13
