0	0
0.0313591	4.56436e-06
0.0627182	9.05448e-06
0.0940773	1.3387e-05
0.125436	1.74603e-05
0.156795	2.11441e-05
0.188155	2.42686e-05
0.219514	2.6612e-05
0.250873	2.7887e-05
0.282232	2.77246e-05
0.313591	2.5657e-05
0.34495	2.10983e-05
0.376309	1.33232e-05
0.407668	1.44453e-06
0.439027	-1.56104e-05
0.470386	-3.91239e-05
0.501746	-7.0612e-05
0.533105	-0.000111846
0.564464	-0.000164873
0.595823	-0.000232031
0.627182	-0.000315957
0.658541	-0.000419593
0.6899	-0.000546175
0.721259	-0.000699217
0.752618	-0.000882478
0.783977	-0.00109992
0.815336	-0.00135565
0.846696	-0.00165384
0.878055	-0.00199864
0.909414	-0.00239406
0.940773	-0.00284387
0.972132	-0.00335146
1.00349	-0.0039197
1.03485	-0.00455076
1.06621	-0.00524603
1.09757	-0.00600587
1.12893	-0.00682956
1.16029	-0.00771507
1.19165	-0.00865898
1.223	-0.00965636
1.25436	-0.0107006
1.28572	-0.0117836
1.31708	-0.0128951
1.34844	-0.0140234
1.3798	-0.0151549
1.41116	-0.0162742
1.44252	-0.0173642
1.47388	-0.0184063
1.50524	-0.0193805
1.5366	-0.0202655
1.56795	-0.0210394
1.59931	-0.0216796
1.63067	-0.0221635
1.66203	-0.0224693
1.69339	-0.0225761
1.72475	-0.0224653
1.75611	-0.022121
1.78747	-0.0215309
1.81883	-0.0206875
1.85019	-0.0195887
1.88155	-0.0182387
1.9129	-0.016649
1.94426	-0.0148386
1.97562	-0.0128343
2.00698	-0.0107462
2.03834	-0.008725
2.0697	-0.00649221
2.10106	-0.00408877
2.13242	-0.00157164
2.16378	0.000985003
2.19514	0.00348929
2.2265	0.00583233
2.25785	0.00789039
2.28921	0.00952906
2.32057	0.0106097
2.35193	0.0109987
2.38329	0.0105795
2.41465	0.00926763
2.44601	0.00702866
2.47737	0.00389767
2.50873	7.45287e-13
