0	0
0.0313591	-7.48515e-06
0.0627182	-1.50011e-05
0.0940773	-2.25876e-05
0.125436	-3.03023e-05
0.156795	-3.82313e-05
0.188155	-4.64998e-05
0.219514	-5.52849e-05
0.250873	-6.48301e-05
0.282232	-7.54615e-05
0.313591	-8.76064e-05
0.34495	-0.000101814
0.376309	-0.00011878
0.407668	-0.000139367
0.439027	-0.000164636
0.470386	-0.000195872
0.501746	-0.000234608
0.533105	-0.000282656
0.564464	-0.000342125
0.595823	-0.000415443
0.627182	-0.000505369
0.658541	-0.000614994
0.6899	-0.00074774
0.721259	-0.000907335
0.752618	-0.00109779
0.783977	-0.00132333
0.815336	-0.00158836
0.846696	-0.00189735
0.878055	-0.00225477
0.909414	-0.00266495
0.940773	-0.00313194
0.972132	-0.00365943
1.00349	-0.00425053
1.03485	-0.00490771
1.06621	-0.00563256
1.09757	-0.00642573
1.12893	-0.00728679
1.16029	-0.00821411
1.19165	-0.0092048
1.223	-0.0102547
1.25436	-0.0113581
1.28572	-0.0125083
1.31708	-0.0136971
1.34844	-0.0149149
1.3798	-0.0161514
1.41116	-0.0173949
1.44252	-0.0186329
1.47388	-0.0198522
1.50524	-0.0210389
1.5366	-0.022179
1.56795	-0.0232579
1.59931	-0.0242611
1.63067	-0.0251743
1.66203	-0.0259834
1.69339	-0.0266751
1.72475	-0.0272367
1.75611	-0.0276566
1.78747	-0.0279246
1.81883	-0.0280322
1.85019	-0.0279726
1.88155	-0.0277412
1.9129	-0.0273359
1.94426	-0.0267574
1.97562	-0.026009
2.00698	-0.0252736
2.03834	-0.0249879
2.0697	-0.0245242
2.10106	-0.0238761
2.13242	-0.0230402
2.16378	-0.0220168
2.19514	-0.0208095
2.2265	-0.0194255
2.25785	-0.0178751
2.28921	-0.01617
2.32057	-0.0143218
2.35193	-0.0123395
2.38329	-0.0102254
2.41465	-0.00797103
2.44601	-0.00555149
2.47737	-0.0029197
2.50873	7.45287e-13
