0	0
0.0313591	-1.35648e-05
0.0627182	-2.71519e-05
0.0940773	-4.07931e-05
0.125436	-5.45391e-05
0.156795	-6.84704e-05
0.188155	-8.27087e-05
0.219514	-9.74303e-05
0.250873	-0.000112881
0.282232	-0.000129393
0.313591	-0.000147404
0.34495	-0.00016748
0.376309	-0.000190337
0.407668	-0.000216865
0.439027	-0.000248161
0.470386	-0.000285549
0.501746	-0.00033061
0.533105	-0.000385209
0.564464	-0.000451515
0.595823	-0.00053202
0.627182	-0.000629547
0.658541	-0.000747256
0.6899	-0.000888632
0.721259	-0.00105746
0.752618	-0.00125781
0.783977	-0.00149394
0.815336	-0.00177029
0.846696	-0.00209132
0.878055	-0.0024615
0.909414	-0.00288511
0.940773	-0.00336617
0.972132	-0.00390827
1.00349	-0.00451445
1.03485	-0.00518707
1.06621	-0.00592765
1.09757	-0.00673678
1.12893	-0.00761402
1.16029	-0.0085578
1.19165	-0.00956541
1.223	-0.0106329
1.25436	-0.0117553
1.28572	-0.0129264
1.31708	-0.014139
1.34844	-0.0153851
1.3798	-0.0166557
1.41116	-0.0179414
1.44252	-0.0192321
1.47388	-0.0205177
1.50524	-0.0217876
1.5366	-0.0230316
1.56795	-0.0242391
1.59931	-0.0254002
1.63067	-0.0265049
1.66203	-0.0275436
1.69339	-0.0285071
1.72475	-0.0293862
1.75611	-0.0301723
1.78747	-0.0308566
1.81883	-0.0314306
1.85019	-0.0318858
1.88155	-0.0322139
1.9129	-0.0324062
1.94426	-0.0324547
1.97562	-0.0323509
2.00698	-0.0323125
2.03834	-0.0329161
2.0697	-0.0333651
2.10106	-0.0336295
2.13242	-0.033675
2.16378	-0.0334639
2.19514	-0.0329541
2.2265	-0.0320996
2.25785	-0.0308509
2.28921	-0.0291549
2.32057	-0.0269559
2.35193	-0.0241965
2.38329	-0.0208183
2.41465	-0.0167636
2.44601	-0.0119763
2.47737	-0.00640427
2.50873	7.45287e-13
