0	0
0.0313591	0.00311708
0.0627182	0.00628541
0.0940773	0.00955435
0.125436	0.0129694
0.156795	0.0165706
0.188155	0.0203903
0.219514	0.0244522
0.250873	0.0287694
0.282232	0.0333434
0.313591	0.0381632
0.34495	0.0432047
0.376309	0.0484307
0.407668	0.053791
0.439027	0.0592232
0.470386	0.0646545
0.501746	0.0700028
0.533105	0.0751795
0.564464	0.080092
0.595823	0.0846468
0.627182	0.0887526
0.658541	0.0923233
0.6899	0.0952816
0.721259	0.0975619
0.752618	0.0991123
0.783977	0.0998973
0.815336	0.0998988
0.846696	0.0991169
0.878055	0.0975702
0.909414	0.0952948
0.940773	0.092343
0.972132	0.0887813
1.00349	0.084688
1.03485	0.0801504
1.06621	0.0752615
1.09757	0.070117
1.12893	0.0648122
1.16029	0.0594393
1.19165	0.0540846
1.223	0.0488267
1.25436	0.0437345
1.28572	0.0388664
1.31708	0.0342695
1.34844	0.0299795
1.3798	0.026021
1.41116	0.0224083
1.44252	0.0191459
1.47388	0.0162302
1.50524	0.0136508
1.5366	0.0113913
1.56795	0.00943137
1.59931	0.00774743
1.63067	0.00631427
1.66203	0.00510588
1.69339	0.00409636
1.72475	0.00326066
1.75611	0.00257505
1.78747	0.00201759
1.81883	0.00156831
1.85019	0.00120937
1.88155	0.000925031
1.9129	0.000701672
1.94426	0.00052761
1.97562	0.000392967
2.00698	0.000291522
2.03834	0.000218897
2.0697	0.000162314
2.10106	0.000118782
2.13242	8.573e-05
2.16378	6.09802e-05
2.19514	4.27144e-05
2.2265	2.9438e-05
2.25785	1.99421e-05
2.28921	1.3264e-05
2.32057	8.6499e-06
2.35193	5.51933e-06
2.38329	3.43215e-06
2.41465	2.05873e-06
2.44601	1.15217e-06
2.47737	5.21231e-07
2.50873	7.45287e-13
