0	0
0.0313591	-2.5792e-05
0.0627182	-5.16183e-05
0.0940773	-7.75249e-05
0.125436	-0.000103581
0.156795	-0.000129892
0.188155	-0.000156613
0.219514	-0.000183964
0.250873	-0.000212248
0.282232	-0.000241867
0.313591	-0.000273346
0.34495	-0.000307352
0.376309	-0.000344721
0.407668	-0.000386478
0.439027	-0.000433869
0.470386	-0.000488378
0.501746	-0.000551758
0.533105	-0.000626044
0.564464	-0.000713573
0.595823	-0.000816991
0.627182	-0.000939257
0.658541	-0.00108363
0.6899	-0.00125366
0.721259	-0.00145314
0.752618	-0.00168606
0.783977	-0.00195658
0.815336	-0.00226891
0.846696	-0.00262725
0.878055	-0.00303566
0.909414	-0.00349799
0.940773	-0.00401775
0.972132	-0.00459797
1.00349	-0.00524113
1.03485	-0.00594903
1.06621	-0.00672269
1.09757	-0.00756231
1.12893	-0.00846724
1.16029	-0.00943593
1.19165	-0.010466
1.223	-0.0115542
1.25436	-0.0126968
1.28572	-0.0138893
1.31708	-0.0151268
1.34844	-0.0164044
1.3798	-0.017717
1.41116	-0.0190599
1.44252	-0.0204284
1.47388	-0.0218188
1.50524	-0.0232277
1.5366	-0.0246526
1.56795	-0.0260915
1.59931	-0.0275431
1.63067	-0.0290065
1.66203	-0.0304807
1.69339	-0.0319642
1.72475	-0.0334548
1.75611	-0.0349487
1.78747	-0.0364399
1.81883	-0.0379196
1.85019	-0.0393753
1.88155	-0.0407906
1.9129	-0.0421443
1.94426	-0.0434104
1.97562	-0.0445578
2.00698	-0.0458708
2.03834	-0.0481946
2.0697	-0.050408
2.10106	-0.0524346
2.13242	-0.054181
2.16378	-0.0555357
2.19514	-0.0563687
2.2265	-0.0565317
2.25785	-0.0558603
2.28921	-0.0541772
2.32057	-0.0512977
2.35193	-0.0470369
2.38329	-0.0412203
2.41465	-0.0336957
2.44601	-0.0243476
2.47737	-0.0131135
2.50873	7.45287e-13
