0	0
0.0313591	-3.81681e-05
0.0627182	-7.6429e-05
0.0940773	-0.000114891
0.125436	-0.000153692
0.156795	-0.000193018
0.188155	-0.00023312
0.219514	-0.000274329
0.250873	-0.000317078
0.282232	-0.000361923
0.313591	-0.000409564
0.34495	-0.000460865
0.376309	-0.000516878
0.407668	-0.000578865
0.439027	-0.000648318
0.470386	-0.000726974
0.501746	-0.000816832
0.533105	-0.000920161
0.564464	-0.0010395
0.595823	-0.00117766
0.627182	-0.00133768
0.658541	-0.00152287
0.6899	-0.00173669
0.721259	-0.00198275
0.752618	-0.00226476
0.783977	-0.00258644
0.815336	-0.00295143
0.846696	-0.00336325
0.878055	-0.00382516
0.909414	-0.00434011
0.940773	-0.00491062
0.972132	-0.00553875
1.00349	-0.00622598
1.03485	-0.00697322
1.06621	-0.00778072
1.09757	-0.00864817
1.12893	-0.00957465
1.16029	-0.0105587
1.19165	-0.0115986
1.223	-0.0126923
1.25436	-0.0138375
1.28572	-0.0150322
1.31708	-0.0162748
1.34844	-0.017564
1.3798	-0.0188995
1.41116	-0.0202818
1.44252	-0.0217126
1.47388	-0.0231947
1.50524	-0.0247323
1.5366	-0.0263304
1.56795	-0.0279951
1.59931	-0.029733
1.63067	-0.0315508
1.66203	-0.0334543
1.69339	-0.0354481
1.72475	-0.0375343
1.75611	-0.0397114
1.78747	-0.0419735
1.81883	-0.0443087
1.85019	-0.0466984
1.88155	-0.0491162
1.9129	-0.0515269
1.94426	-0.0538864
1.97562	-0.0561416
2.00698	-0.0586398
2.03834	-0.0624767
2.0697	-0.0662229
2.10106	-0.06976
2.13242	-0.0729421
2.16378	-0.075594
2.19514	-0.0775106
2.2265	-0.0784581
2.25785	-0.0781769
2.28921	-0.0763878
2.32057	-0.0728009
2.35193	-0.0671284
2.38329	-0.0591018
2.41465	-0.0484921
2.44601	-0.0351344
2.47737	-0.0189552
2.50873	7.45287e-13
