0	0
0.0313591	-5.09305e-05
0.0627182	-0.000102073
0.0940773	-0.000153662
0.125436	-0.000205968
0.156795	-0.000259327
0.188155	-0.000314157
0.219514	-0.000370978
0.250873	-0.000430436
0.282232	-0.000493326
0.313591	-0.00056061
0.34495	-0.000633436
0.376309	-0.000713161
0.407668	-0.000801361
0.439027	-0.000899841
0.470386	-0.00101065
0.501746	-0.00113606
0.533105	-0.00127859
0.564464	-0.00144094
0.595823	-0.00162604
0.627182	-0.00183693
0.658541	-0.00207678
0.6899	-0.00234879
0.721259	-0.00265618
0.752618	-0.00300206
0.783977	-0.00338942
0.815336	-0.00382101
0.846696	-0.0042993
0.878055	-0.0048264
0.909414	-0.00540401
0.940773	-0.0060334
0.972132	-0.00671535
1.00349	-0.00745021
1.03485	-0.00823789
1.06621	-0.00907794
1.09757	-0.00996964
1.12893	-0.0109121
1.16029	-0.0119045
1.19165	-0.0129461
1.223	-0.0140367
1.25436	-0.0151766
1.28572	-0.016367
1.31708	-0.0176102
1.34844	-0.0189096
1.3798	-0.0202704
1.41116	-0.0216989
1.44252	-0.0232034
1.47388	-0.0247934
1.50524	-0.02648
1.5366	-0.0282752
1.56795	-0.0301916
1.59931	-0.0322415
1.63067	-0.0344367
1.66203	-0.0367867
1.69339	-0.039298
1.72475	-0.041973
1.75611	-0.0448081
1.78747	-0.0477928
1.81883	-0.050908
1.85019	-0.0541251
1.88155	-0.0574045
1.9129	-0.0606957
1.94426	-0.0639361
1.97562	-0.067052
2.00698	-0.0704508
2.03834	-0.0754542
2.0697	-0.0803441
2.10106	-0.0849673
2.13242	-0.0891367
2.16378	-0.0926297
2.19514	-0.0951881
2.2265	-0.0965195
2.25785	-0.0963018
2.28921	-0.0941904
2.32057	-0.0898298
2.35193	-0.0828689
2.38329	-0.072981
2.41465	-0.0598892
2.44601	-0.0433954
2.47737	-0.0234128
2.50873	7.45287e-13
