0	0
0.0313591	-5.75961e-05
0.0627182	-0.000115493
0.0940773	-0.000174016
0.125436	-0.000233535
0.156795	-0.00029449
0.188155	-0.000357413
0.219514	-0.000422951
0.250873	-0.00049189
0.282232	-0.000565174
0.313591	-0.000643927
0.34495	-0.000729469
0.376309	-0.000823331
0.407668	-0.000927265
0.439027	-0.00104325
0.470386	-0.00117348
0.501746	-0.00132037
0.533105	-0.00148653
0.564464	-0.00167474
0.595823	-0.0018879
0.627182	-0.00212901
0.658541	-0.00240108
0.6899	-0.00270712
0.721259	-0.00305001
0.752618	-0.0034325
0.783977	-0.00385708
0.815336	-0.00432595
0.846696	-0.00484095
0.878055	-0.00540353
0.909414	-0.00601469
0.940773	-0.00667503
0.972132	-0.00738469
1.00349	-0.00814348
1.03485	-0.00895088
1.06621	-0.00980619
1.09757	-0.0107087
1.12893	-0.0116577
1.16029	-0.0126529
1.19165	-0.0136944
1.223	-0.0147834
1.25436	-0.0159215
1.28572	-0.0171121
1.31708	-0.0183596
1.34844	-0.0196703
1.3798	-0.0210519
1.41116	-0.0225141
1.44252	-0.0240682
1.47388	-0.025727
1.50524	-0.0275046
1.5366	-0.0294157
1.56795	-0.0314752
1.59931	-0.0336975
1.63067	-0.0360952
1.66203	-0.038678
1.69339	-0.0414517
1.72475	-0.0444168
1.75611	-0.0475665
1.78747	-0.050886
1.81883	-0.0543509
1.85019	-0.057926
1.88155	-0.0615642
1.9129	-0.0652065
1.94426	-0.0687816
1.97562	-0.0722066
2.00698	-0.0759177
2.03834	-0.0813387
2.0697	-0.0866164
2.10106	-0.0915834
2.13242	-0.0960378
2.16378	-0.099741
2.19514	-0.102418
2.2265	-0.10376
2.25785	-0.103428
2.28921	-0.101061
2.32057	-0.0962889
2.35193	-0.088745
2.38329	-0.0780903
2.41465	-0.0640361
2.44601	-0.0463745
2.47737	-0.0250111
2.50873	7.45287e-13
