0	0
0.0313591	-6.45629e-05
0.0627182	-0.000129539
0.0940773	-0.000195367
0.125436	-0.000262539
0.156795	-0.000331621
0.188155	-0.000403284
0.219514	-0.000478325
0.250873	-0.000557689
0.282232	-0.000642491
0.313591	-0.000734033
0.34495	-0.000833822
0.376309	-0.000943573
0.407668	-0.00106522
0.439027	-0.0012009
0.470386	-0.00135297
0.501746	-0.00152395
0.533105	-0.00171653
0.564464	-0.00193349
0.595823	-0.00217771
0.627182	-0.00245205
0.658541	-0.00275934
0.6899	-0.0031023
0.721259	-0.00348344
0.752618	-0.00390504
0.783977	-0.00436904
0.815336	-0.00487703
0.846696	-0.00543018
0.878055	-0.00602925
0.909414	-0.00667454
0.940773	-0.00736599
0.972132	-0.00810315
1.00349	-0.00888536
1.03485	-0.00971178
1.06621	-0.0105816
1.09757	-0.0114942
1.12893	-0.0124494
1.16029	-0.0134476
1.19165	-0.0144901
1.223	-0.0155793
1.25436	-0.0167188
1.28572	-0.0179141
1.31708	-0.0191722
1.34844	-0.0205019
1.3798	-0.021914
1.41116	-0.0234212
1.44252	-0.0250378
1.47388	-0.0267794
1.50524	-0.0286627
1.5366	-0.0307046
1.56795	-0.0329216
1.59931	-0.0353289
1.63067	-0.0379388
1.66203	-0.0407602
1.69339	-0.0437967
1.72475	-0.0470452
1.75611	-0.0504946
1.78747	-0.0541246
1.81883	-0.057904
1.85019	-0.0617901
1.88155	-0.065728
1.9129	-0.0696502
1.94426	-0.073477
1.97562	-0.0771173
2.00698	-0.081036
2.03834	-0.08675
2.0697	-0.0922784
2.10106	-0.0974432
2.13242	-0.102031
2.16378	-0.105794
2.19514	-0.108447
2.2265	-0.109674
2.25785	-0.109129
2.28921	-0.106446
2.32057	-0.101251
2.35193	-0.0931758
2.38329	-0.081878
2.41465	-0.0670659
2.44601	-0.0485266
2.47737	-0.0261573
2.50873	7.45287e-13
