0	0
0.0313591	-7.19429e-05
0.0627182	-0.000144437
0.0940773	-0.000218061
0.125436	-0.000293453
0.156795	-0.000371333
0.188155	-0.000452533
0.219514	-0.000538022
0.250873	-0.000628926
0.282232	-0.000726548
0.313591	-0.000832386
0.34495	-0.000948137
0.376309	-0.00107571
0.407668	-0.00121721
0.439027	-0.00137494
0.470386	-0.00155138
0.501746	-0.00174913
0.533105	-0.00197091
0.564464	-0.00221949
0.595823	-0.00249764
0.627182	-0.00280805
0.658541	-0.00315327
0.6899	-0.00353567
0.721259	-0.00395733
0.752618	-0.00441998
0.783977	-0.00492498
0.815336	-0.00547326
0.846696	-0.00606532
0.878055	-0.00670119
0.909414	-0.00738054
0.940773	-0.00810267
0.972132	-0.00886665
1.00349	-0.00967145
1.03485	-0.0105161
1.06621	-0.0113998
1.09757	-0.0123224
1.12893	-0.0132842
1.16029	-0.0142867
1.19165	-0.0153324
1.223	-0.0164256
1.25436	-0.0175719
1.28572	-0.0187789
1.31708	-0.0200564
1.34844	-0.021416
1.3798	-0.0228712
1.41116	-0.0244377
1.44252	-0.0261324
1.47388	-0.0279734
1.50524	-0.0299794
1.5366	-0.0321686
1.56795	-0.0345582
1.59931	-0.0371629
1.63067	-0.0399939
1.66203	-0.0430575
1.69339	-0.0463537
1.72475	-0.0498746
1.75611	-0.0536033
1.78747	-0.0575126
1.81883	-0.0615637
1.85019	-0.065706
1.88155	-0.069876
1.9129	-0.0739984
1.94426	-0.0779859
1.97562	-0.0817406
2.00698	-0.0857551
2.03834	-0.0916303
2.0697	-0.0972668
2.10106	-0.102479
2.13242	-0.107047
2.16378	-0.110718
2.19514	-0.113207
2.2265	-0.114196
2.25785	-0.113345
2.28921	-0.110292
2.32057	-0.104673
2.35193	-0.0961258
2.38329	-0.0843172
2.41465	-0.0689599
2.44601	-0.0498398
2.47737	-0.0268455
2.50873	7.45287e-13
