0	0
0.0313591	-8.85223e-05
0.0627182	-0.000177959
0.0940773	-0.000269259
0.125436	-0.000363435
0.156795	-0.000461593
0.188155	-0.000564966
0.219514	-0.00067493
0.250873	-0.000793029
0.282232	-0.000920985
0.313591	-0.00106071
0.34495	-0.00121429
0.376309	-0.001384
0.407668	-0.00157225
0.439027	-0.00178159
0.470386	-0.00201464
0.501746	-0.00227406
0.533105	-0.00256248
0.564464	-0.00288243
0.595823	-0.00323628
0.627182	-0.00362616
0.658541	-0.00405389
0.6899	-0.00452091
0.721259	-0.00502824
0.752618	-0.00557643
0.783977	-0.00616556
0.815336	-0.00679522
0.846696	-0.00746457
0.878055	-0.00817241
0.909414	-0.00891728
0.940773	-0.00969762
0.972132	-0.0105119
1.00349	-0.011359
1.03485	-0.0122381
1.06621	-0.0131494
1.09757	-0.0140941
1.12893	-0.0150746
1.16029	-0.0160951
1.19165	-0.0171616
1.223	-0.0182822
1.25436	-0.0194673
1.28572	-0.0207294
1.31708	-0.0220835
1.34844	-0.0235463
1.3798	-0.0251369
1.41116	-0.0268752
1.44252	-0.0287824
1.47388	-0.0308793
1.50524	-0.033186
1.5366	-0.0357207
1.56795	-0.0384981
1.59931	-0.0415286
1.63067	-0.0448167
1.66203	-0.0483595
1.69339	-0.0521455
1.72475	-0.0561534
1.75611	-0.060351
1.78747	-0.0646945
1.81883	-0.0691284
1.85019	-0.073585
1.88155	-0.0779854
1.9129	-0.0822401
1.94426	-0.0862507
1.97562	-0.0899121
2.00698	-0.0937692
2.03834	-0.0995598
2.0697	-0.104981
2.10106	-0.109841
2.13242	-0.113924
2.16378	-0.116986
2.19514	-0.118757
2.2265	-0.118949
2.25785	-0.117252
2.28921	-0.113349
2.32057	-0.106917
2.35193	-0.0976434
2.38329	-0.0852336
2.41465	-0.0694293
2.44601	-0.0500259
2.47737	-0.0268934
2.50873	7.45287e-13
