0	0
0.0313591	0.00264151
0.0627182	0.00533492
0.0940773	0.00813054
0.125436	0.0110755
0.156795	0.0142123
0.188155	0.017577
0.219514	0.0211981
0.250873	0.0250949
0.282232	0.0292763
0.313591	0.0337397
0.34495	0.0384704
0.376309	0.0434408
0.407668	0.0486106
0.439027	0.0539269
0.470386	0.059325
0.501746	0.0647301
0.533105	0.0700585
0.564464	0.0752202
0.595823	0.0801215
0.627182	0.084668
0.658541	0.0887676
0.6899	0.0923339
0.721259	0.0952891
0.752618	0.0975671
0.783977	0.0991159
0.815336	0.0998998
0.846696	0.0999004
0.878055	0.099118
0.909414	0.0975709
0.940773	0.0952953
0.972132	0.0923433
1.00349	0.0887815
1.03485	0.0846882
1.06621	0.0801505
1.09757	0.0752615
1.12893	0.070117
1.16029	0.0648122
1.19165	0.0594393
1.223	0.0540846
1.25436	0.0488267
1.28572	0.0437345
1.31708	0.0388664
1.34844	0.0342695
1.3798	0.0299795
1.41116	0.026021
1.44252	0.0224083
1.47388	0.0191459
1.50524	0.0162302
1.5366	0.0136508
1.56795	0.0113913
1.59931	0.00943135
1.63067	0.00774739
1.66203	0.0063142
1.69339	0.00510578
1.72475	0.00409623
1.75611	0.00326046
1.78747	0.00257477
1.81883	0.0020172
1.85019	0.00156776
1.88155	0.00120859
1.9129	0.000923958
1.94426	0.000700197
1.97562	0.000525596
2.00698	0.000392985
2.03834	0.000297445
2.0697	0.000222351
2.10106	0.000164063
2.13242	0.000119407
2.16378	8.56619e-05
2.19514	6.05258e-05
2.2265	4.20836e-05
2.25785	2.87663e-05
2.28921	1.93093e-05
2.32057	1.27101e-05
2.35193	8.18671e-06
2.38329	5.13875e-06
2.41465	3.11032e-06
2.44601	1.75474e-06
2.47737	7.98424e-07
2.50873	7.45287e-13
