0	0
0.0313591	-0.000108794
0.0627182	-0.000218998
0.0940773	-0.000332054
0.125436	-0.000449472
0.156795	-0.000572856
0.188155	-0.00070393
0.219514	-0.000844556
0.250873	-0.000996748
0.282232	-0.00116267
0.313591	-0.00134464
0.34495	-0.0015451
0.376309	-0.00176659
0.407668	-0.00201172
0.439027	-0.00228312
0.470386	-0.00258335
0.501746	-0.00291489
0.533105	-0.00328001
0.564464	-0.00368073
0.595823	-0.00411873
0.627182	-0.00459529
0.658541	-0.00511125
0.6899	-0.00566692
0.721259	-0.00626212
0.752618	-0.00689615
0.783977	-0.00756783
0.815336	-0.00827558
0.846696	-0.00901752
0.878055	-0.00979164
0.909414	-0.010596
0.940773	-0.0114287
0.972132	-0.0122888
1.00349	-0.0131756
1.03485	-0.0140899
1.06621	-0.0150338
1.09757	-0.0160108
1.12893	-0.0170269
1.16029	-0.0180897
1.19165	-0.0192095
1.223	-0.0203989
1.25436	-0.0216732
1.28572	-0.0230496
1.31708	-0.0245478
1.34844	-0.0261887
1.3798	-0.0279946
1.41116	-0.029988
1.44252	-0.0321905
1.47388	-0.0346225
1.50524	-0.0373011
1.5366	-0.0402393
1.56795	-0.0434445
1.59931	-0.0469173
1.63067	-0.0506497
1.66203	-0.0546245
1.69339	-0.058814
1.72475	-0.0631795
1.75611	-0.0676706
1.78747	-0.0722258
1.81883	-0.0767726
1.85019	-0.0812286
1.88155	-0.0855031
1.9129	-0.0894987
1.94426	-0.093114
1.97562	-0.096246
2.00698	-0.0994875
2.03834	-0.104666
2.0697	-0.109329
2.10106	-0.113299
2.13242	-0.116378
2.16378	-0.118353
2.19514	-0.118998
2.2265	-0.118076
2.25785	-0.115341
2.28921	-0.110545
2.32057	-0.103439
2.35193	-0.0937815
2.38329	-0.0813428
2.41465	-0.065911
2.44601	-0.0473007
2.47737	-0.0253634
2.50873	7.45287e-13
