0	0
0.0313591	-0.000120912
0.0627182	-0.000243532
0.0940773	-0.000369599
0.125436	-0.000500914
0.156795	-0.000639367
0.188155	-0.00078696
0.219514	-0.000945818
0.250873	-0.00111819
0.282232	-0.00130647
0.313591	-0.00151315
0.34495	-0.0017408
0.376309	-0.00199205
0.407668	-0.00226955
0.439027	-0.00257587
0.470386	-0.00291346
0.501746	-0.00328458
0.533105	-0.00369122
0.564464	-0.00413504
0.595823	-0.00461726
0.627182	-0.00513867
0.658541	-0.00569952
0.6899	-0.00629954
0.721259	-0.00693793
0.752618	-0.00761342
0.783977	-0.00832428
0.815336	-0.00906849
0.846696	-0.00984387
0.878055	-0.0106482
0.909414	-0.0114797
0.940773	-0.0123367
0.972132	-0.0132187
1.00349	-0.014126
1.03485	-0.0150604
1.06621	-0.0160254
1.09757	-0.0170264
1.12893	-0.018071
1.16029	-0.0191691
1.19165	-0.0203334
1.223	-0.0215788
1.25436	-0.0229226
1.28572	-0.0243843
1.31708	-0.0259853
1.34844	-0.0277478
1.3798	-0.0296947
1.41116	-0.0318483
1.44252	-0.0342292
1.47388	-0.0368556
1.50524	-0.0397412
1.5366	-0.0428945
1.56795	-0.0463172
1.59931	-0.0500027
1.63067	-0.0539352
1.66203	-0.0580888
1.69339	-0.0624265
1.72475	-0.0669
1.75611	-0.0714499
1.78747	-0.0760063
1.81883	-0.0804895
1.85019	-0.0848116
1.88155	-0.0888787
1.9129	-0.0925927
1.94426	-0.0958546
1.97562	-0.0985666
2.00698	-0.101343
2.03834	-0.106035
2.0697	-0.110144
2.10106	-0.113502
2.13242	-0.115927
2.16378	-0.117231
2.19514	-0.117213
2.2265	-0.115671
2.25785	-0.112396
2.28921	-0.107182
2.32057	-0.0998235
2.35193	-0.0901192
2.38329	-0.077875
2.41465	-0.0629055
2.44601	-0.0450374
2.47737	-0.0241134
2.50873	7.45287e-13
