0	0
0.0313591	-0.000134738
0.0627182	-0.000271513
0.0940773	-0.000412391
0.125436	-0.000559493
0.156795	-0.000715017
0.188155	-0.000881255
0.219514	-0.0010606
0.250873	-0.00125554
0.282232	-0.00146867
0.313591	-0.00170263
0.34495	-0.0019601
0.376309	-0.00224376
0.407668	-0.0025562
0.439027	-0.00289989
0.470386	-0.00327709
0.501746	-0.00368978
0.533105	-0.0041396
0.564464	-0.00462775
0.595823	-0.00515498
0.627182	-0.00572149
0.658541	-0.00632696
0.6899	-0.00697053
0.721259	-0.00765084
0.752618	-0.00836606
0.783977	-0.00911408
0.815336	-0.00989257
0.846696	-0.0106992
0.878055	-0.0115319
0.909414	-0.012389
0.940773	-0.0132696
0.972132	-0.0141739
1.00349	-0.0151035
1.03485	-0.0160615
1.06621	-0.017053
1.09757	-0.0180855
1.12893	-0.0191687
1.16029	-0.0203147
1.19165	-0.0215384
1.223	-0.0228571
1.25436	-0.0242899
1.28572	-0.0258582
1.31708	-0.0275844
1.34844	-0.0294913
1.3798	-0.0316014
1.41116	-0.033936
1.44252	-0.0365133
1.47388	-0.039348
1.50524	-0.042449
1.5366	-0.0458191
1.56795	-0.0494527
1.59931	-0.0533351
1.63067	-0.0574418
1.66203	-0.0617372
1.69339	-0.0661748
1.72475	-0.0706969
1.75611	-0.0752357
1.78747	-0.0797136
1.81883	-0.0840453
1.85019	-0.0881395
1.88155	-0.0919012
1.9129	-0.0952345
1.94426	-0.0980453
1.97562	-0.100244
2.00698	-0.102464
2.03834	-0.106568
2.0697	-0.110026
2.10106	-0.112686
2.13242	-0.114387
2.16378	-0.114964
2.19514	-0.11425
2.2265	-0.112077
2.25785	-0.108278
2.28921	-0.10269
2.32057	-0.0951498
2.35193	-0.0854992
2.38329	-0.0735798
2.41465	-0.0592331
2.44601	-0.0422976
2.47737	-0.0226089
2.50873	7.45287e-13
