0	0
0.0313591	-0.000189895
0.0627182	-0.000382963
0.0940773	-0.000582383
0.125436	-0.000791339
0.156795	-0.00101302
0.188155	-0.00125061
0.219514	-0.00150726
0.250873	-0.00178609
0.282232	-0.0020901
0.313591	-0.00242218
0.34495	-0.002785
0.376309	-0.003181
0.407668	-0.00361226
0.439027	-0.0040805
0.470386	-0.00458696
0.501746	-0.00513239
0.533105	-0.00571698
0.564464	-0.00634035
0.595823	-0.00700156
0.627182	-0.00769913
0.658541	-0.00843112
0.6899	-0.00919523
0.721259	-0.00998893
0.752618	-0.0108096
0.783977	-0.011655
0.815336	-0.012523
0.846696	-0.0134123
0.878055	-0.0143228
0.909414	-0.0152554
0.940773	-0.0162127
0.972132	-0.0171993
1.00349	-0.0182218
1.03485	-0.0192893
1.06621	-0.0204133
1.09757	-0.0216077
1.12893	-0.022889
1.16029	-0.0242758
1.19165	-0.0257885
1.223	-0.0274491
1.25436	-0.02928
1.28572	-0.0313032
1.31708	-0.03354
1.34844	-0.0360086
1.3798	-0.0387242
1.41116	-0.0416965
1.44252	-0.0449291
1.47388	-0.0484181
1.50524	-0.0521505
1.5366	-0.056104
1.56795	-0.0602458
1.59931	-0.0645323
1.63067	-0.0689095
1.66203	-0.0733135
1.69339	-0.0776712
1.72475	-0.0819024
1.75611	-0.0859213
1.78747	-0.0896391
1.81883	-0.0929665
1.85019	-0.0958168
1.88155	-0.0981088
1.9129	-0.0997695
1.94426	-0.100737
1.97562	-0.100962
2.00698	-0.101117
2.03834	-0.103009
2.0697	-0.10414
2.10106	-0.104417
2.13242	-0.103755
2.16378	-0.102079
2.19514	-0.09932
2.2265	-0.0954232
2.25785	-0.0903403
2.28921	-0.0840293
2.32057	-0.0764493
2.35193	-0.0675538
2.38329	-0.0572811
2.41465	-0.0455434
2.44601	-0.0322142
2.47737	-0.0171144
2.50873	7.45287e-13
