0	0
0.0313591	-0.000241887
0.0627182	-0.000487742
0.0940773	-0.000741506
0.125436	-0.00100707
0.156795	-0.00128826
0.188155	-0.00158877
0.219514	-0.00191214
0.250873	-0.00226171
0.282232	-0.00264057
0.313591	-0.00305146
0.34495	-0.00349677
0.376309	-0.00397842
0.407668	-0.00449786
0.439027	-0.00505596
0.470386	-0.00565302
0.501746	-0.00628873
0.533105	-0.0069622
0.564464	-0.00767198
0.595823	-0.00841612
0.627182	-0.00919231
0.658541	-0.00999799
0.6899	-0.0108305
0.721259	-0.0116875
0.752618	-0.0125667
0.783977	-0.0134669
0.815336	-0.0143876
0.846696	-0.0153298
0.878055	-0.0162957
0.909414	-0.0172898
0.940773	-0.0183184
0.972132	-0.0193903
1.00349	-0.0205165
1.03485	-0.0217109
1.06621	-0.0229892
1.09757	-0.0243698
1.12893	-0.0258726
1.16029	-0.0275189
1.19165	-0.0293306
1.223	-0.0313294
1.25436	-0.0335358
1.28572	-0.0359678
1.31708	-0.03864
1.34844	-0.0415618
1.3798	-0.0447366
1.41116	-0.0481602
1.44252	-0.05182
1.47388	-0.0556938
1.50524	-0.0597491
1.5366	-0.0639432
1.56795	-0.068223
1.59931	-0.0725257
1.63067	-0.0767799
1.66203	-0.0809069
1.69339	-0.0848232
1.72475	-0.0884421
1.75611	-0.0916771
1.78747	-0.0944446
1.81883	-0.0966666
1.85019	-0.0982737
1.88155	-0.099208
1.9129	-0.099425
1.94426	-0.0988956
1.97562	-0.0976074
2.00698	-0.0962368
2.03834	-0.0964835
2.0697	-0.0959695
2.10106	-0.0946504
2.13242	-0.0924947
2.16378	-0.0894843
2.19514	-0.0856147
2.2265	-0.0808933
2.25785	-0.075337
2.28921	-0.0689667
2.32057	-0.061801
2.35193	-0.0538466
2.38329	-0.0450869
2.41465	-0.0354677
2.44601	-0.0248814
2.47737	-0.0131486
2.50873	7.45287e-13
