0	0
0.0313591	-0.000273638
0.0627182	-0.000551611
0.0940773	-0.000838216
0.125436	-0.00113766
0.156795	-0.00145403
0.188155	-0.00179123
0.219514	-0.00215292
0.250873	-0.00254248
0.282232	-0.00296294
0.313591	-0.00341689
0.34495	-0.00390648
0.376309	-0.0044333
0.407668	-0.00499837
0.439027	-0.00560209
0.470386	-0.00624426
0.501746	-0.00692404
0.533105	-0.00764003
0.564464	-0.00839033
0.595823	-0.00917265
0.627182	-0.00998442
0.658541	-0.010823
0.6899	-0.011686
0.721259	-0.0125713
0.752618	-0.0134774
0.783977	-0.0144039
0.815336	-0.0153517
0.846696	-0.0163231
0.878055	-0.0173224
0.909414	-0.0183558
0.940773	-0.019432
0.972132	-0.0205621
1.00349	-0.0217596
1.03485	-0.0230402
1.06621	-0.024422
1.09757	-0.0259249
1.12893	-0.0275698
1.16029	-0.0293785
1.19165	-0.0313725
1.223	-0.0335719
1.25436	-0.0359945
1.28572	-0.0386545
1.31708	-0.0415613
1.34844	-0.0447178
1.3798	-0.0481199
1.41116	-0.0517545
1.44252	-0.0555993
1.47388	-0.059622
1.50524	-0.0637797
1.5366	-0.0680195
1.56795	-0.0722789
1.59931	-0.0764866
1.63067	-0.0805647
1.66203	-0.0844299
1.69339	-0.0879966
1.72475	-0.0911791
1.75611	-0.0938946
1.78747	-0.0960665
1.81883	-0.0976267
1.85019	-0.0985187
1.88155	-0.0986998
1.9129	-0.0981426
1.94426	-0.0968367
1.97562	-0.0947889
2.00698	-0.0926701
2.03834	-0.0921059
2.0697	-0.0908067
2.10106	-0.0887521
2.13242	-0.0859356
2.16378	-0.0823657
2.19514	-0.0780643
2.2265	-0.0730652
2.25785	-0.0674105
2.28921	-0.0611449
2.32057	-0.0543083
2.35193	-0.0469263
2.38329	-0.0389979
2.41465	-0.0304811
2.44601	-0.0212761
2.47737	-0.0112068
2.50873	7.45287e-13
