0	0
0.0313591	0.00221784
0.0627182	0.00448664
0.0940773	0.0068561
0.125436	0.00937341
0.156795	0.012082
0.188155	0.0150201
0.219514	0.0182198
0.250873	0.0217051
0.282232	0.0254913
0.313591	0.0295835
0.34495	0.0339758
0.376309	0.0386503
0.407668	0.0435768
0.439027	0.0487124
0.470386	0.0540025
0.501746	0.0593808
0.533105	0.0647708
0.564464	0.0700879
0.595823	0.0752413
0.627182	0.0801366
0.658541	0.0846787
0.6899	0.0887751
0.721259	0.0923391
0.752618	0.0952927
0.783977	0.0975695
0.815336	0.0991176
0.846696	0.0999009
0.878055	0.0999012
0.909414	0.0991185
0.940773	0.0975713
0.972132	0.0952955
1.00349	0.0923434
1.03485	0.0887816
1.06621	0.0846882
1.09757	0.0801505
1.12893	0.0752616
1.16029	0.070117
1.19165	0.0648122
1.223	0.0594393
1.25436	0.0540846
1.28572	0.0488267
1.31708	0.0437345
1.34844	0.0388664
1.3798	0.0342695
1.41116	0.0299795
1.44252	0.026021
1.47388	0.0224082
1.50524	0.0191458
1.5366	0.0162302
1.56795	0.0136508
1.59931	0.0113913
1.63067	0.00943128
1.66203	0.0077473
1.69339	0.00631407
1.72475	0.00510559
1.75611	0.00409595
1.78747	0.00326007
1.81883	0.00257422
1.85019	0.00201643
1.88155	0.00156669
1.9129	0.00120712
1.94426	0.000921945
1.97562	0.000697471
2.00698	0.000525603
2.03834	0.000401006
2.0697	0.000302206
2.10106	0.000224827
2.13242	0.000165009
2.16378	0.000119389
2.19514	8.50915e-05
2.2265	5.96892e-05
2.25785	4.11696e-05
2.28921	2.78894e-05
2.32057	1.85295e-05
2.35193	1.20477e-05
2.38329	7.6333e-06
2.41465	4.66187e-06
2.44601	2.65099e-06
2.47737	1.21316e-06
2.50873	7.45287e-13
