0	0
0.0313591	-0.000309724
0.0627182	-0.000624112
0.0940773	-0.000947767
0.125436	-0.00128517
0.156795	-0.00164063
0.188155	-0.00201818
0.219514	-0.00242157
0.250873	-0.00285414
0.282232	-0.00331881
0.313591	-0.00381796
0.34495	-0.00435343
0.376309	-0.00492642
0.407668	-0.00553753
0.439027	-0.00618666
0.470386	-0.0068731
0.501746	-0.00759555
0.533105	-0.00835216
0.564464	-0.00914069
0.595823	-0.00995863
0.627182	-0.0108034
0.658541	-0.0116724
0.6899	-0.0125638
0.721259	-0.013476
0.752618	-0.0144085
0.783977	-0.0153622
0.815336	-0.0163394
0.846696	-0.0173443
0.878055	-0.0183832
0.909414	-0.0194646
0.940773	-0.0205996
0.972132	-0.0218014
1.00349	-0.0230858
1.03485	-0.0244707
1.06621	-0.0259758
1.09757	-0.027622
1.12893	-0.0294308
1.16029	-0.0314234
1.19165	-0.0336198
1.223	-0.0360376
1.25436	-0.0386906
1.28572	-0.0415879
1.31708	-0.0447324
1.34844	-0.0481194
1.3798	-0.0517358
1.41116	-0.055559
1.44252	-0.0595565
1.47388	-0.0636853
1.50524	-0.0678925
1.5366	-0.0721154
1.56795	-0.0762832
1.59931	-0.0803179
1.63067	-0.0841366
1.66203	-0.0876543
1.69339	-0.0907858
1.72475	-0.0934491
1.75611	-0.0955684
1.78747	-0.0970767
1.81883	-0.0979186
1.85019	-0.0980528
1.88155	-0.0974533
1.9129	-0.0961115
1.94426	-0.0940359
1.97562	-0.0912524
2.00698	-0.0884206
2.03834	-0.0870799
2.0697	-0.0850462
2.10106	-0.0823216
2.13242	-0.0789231
2.16378	-0.0748822
2.19514	-0.070244
2.2265	-0.065064
2.25785	-0.0594045
2.28921	-0.0533282
2.32057	-0.046891
2.35193	-0.040132
2.38329	-0.0330617
2.41465	-0.0256474
2.44601	-0.0177965
2.47737	-0.0093378
2.50873	7.45287e-13
