0	0
0.0313591	-0.000350474
0.0627182	-0.00070588
0.0940773	-0.00107107
0.125436	-0.00145073
0.156795	-0.00184932
0.188155	-0.00227097
0.219514	-0.0027194
0.250873	-0.00319789
0.282232	-0.00370916
0.313591	-0.00425534
0.34495	-0.0048379
0.376309	-0.00545765
0.407668	-0.00611472
0.439027	-0.00680854
0.470386	-0.00753795
0.501746	-0.00830123
0.533105	-0.00909622
0.564464	-0.00992046
0.595823	-0.0107714
0.627182	-0.0116467
0.658541	-0.0125441
0.6899	-0.0134624
0.721259	-0.014401
0.752618	-0.0153608
0.783977	-0.016344
0.815336	-0.0173548
0.846696	-0.0183995
0.878055	-0.0194866
0.909414	-0.020627
0.940773	-0.021834
0.972132	-0.0231232
1.00349	-0.0245125
1.03485	-0.0260214
1.06621	-0.0276707
1.09757	-0.0294818
1.12893	-0.0314757
1.16029	-0.0336721
1.19165	-0.0360885
1.223	-0.0387385
1.25436	-0.041631
1.28572	-0.0447685
1.31708	-0.0481461
1.34844	-0.0517504
1.3798	-0.0555585
1.41116	-0.0595378
1.44252	-0.063645
1.47388	-0.067827
1.50524	-0.072021
1.5366	-0.0761561
1.56795	-0.0801544
1.59931	-0.0839332
1.63067	-0.0874075
1.66203	-0.0904925
1.69339	-0.0931069
1.72475	-0.0951752
1.75611	-0.0966312
1.78747	-0.0974206
1.81883	-0.0975028
1.85019	-0.0968532
1.88155	-0.0954645
1.9129	-0.0933467
1.94426	-0.0905272
1.97562	-0.0870503
2.00698	-0.0835582
2.03834	-0.0814934
2.0697	-0.0787922
2.10106	-0.0754774
2.13242	-0.0715866
2.16378	-0.0671714
2.19514	-0.0622956
2.2265	-0.0570318
2.25785	-0.0514572
2.28921	-0.0456473
2.32057	-0.0396688
2.35193	-0.0335696
2.38329	-0.0273676
2.41465	-0.0210369
2.44601	-0.0144916
2.47737	-0.0075674
2.50873	7.45287e-13
