0	0
0.0313591	-0.000396156
0.0627182	-0.000797431
0.0940773	-0.00120884
0.125436	-0.00163522
0.156795	-0.00208107
0.188155	-0.00255054
0.219514	-0.00304729
0.250873	-0.00357443
0.282232	-0.00413443
0.313591	-0.00472911
0.34495	-0.00535957
0.376309	-0.00602619
0.407668	-0.00672867
0.439027	-0.00746601
0.470386	-0.00823667
0.501746	-0.00903862
0.533105	-0.00986953
0.564464	-0.0107269
0.595823	-0.0116085
0.627182	-0.0125122
0.658541	-0.0134366
0.6899	-0.0143814
0.721259	-0.0153472
0.752618	-0.0163365
0.783977	-0.0173534
0.815336	-0.0184041
0.846696	-0.0194971
0.878055	-0.0206433
0.909414	-0.0218559
0.940773	-0.0231506
0.972132	-0.0245451
1.00349	-0.0260588
1.03485	-0.0277125
1.06621	-0.0295274
1.09757	-0.0315244
1.12893	-0.0337231
1.16029	-0.0361407
1.19165	-0.0387908
1.223	-0.041682
1.25436	-0.0448164
1.28572	-0.0481891
1.31708	-0.0517864
1.34844	-0.0555852
1.3798	-0.0595523
1.41116	-0.0636445
1.44252	-0.0678083
1.47388	-0.0719807
1.50524	-0.0760906
1.5366	-0.08006
1.56795	-0.0838061
1.59931	-0.087244
1.63067	-0.0902891
1.66203	-0.09286
1.69339	-0.0948819
1.72475	-0.0962889
1.75611	-0.0970273
1.78747	-0.0970573
1.81883	-0.0963552
1.85019	-0.0949145
1.88155	-0.0927466
1.9129	-0.0898803
1.94426	-0.086361
1.97562	-0.0822496
2.00698	-0.0781653
2.03834	-0.0754443
2.0697	-0.0721559
2.10106	-0.0683413
2.13242	-0.0640556
2.16378	-0.0593667
2.19514	-0.0543529
2.2265	-0.049099
2.25785	-0.0436923
2.28921	-0.0382163
2.32057	-0.0327434
2.35193	-0.0273264
2.38329	-0.0219871
2.41465	-0.0167046
2.44601	-0.0113991
2.47737	-0.00591526
2.50873	7.45287e-13
