0	0
0.0313591	-0.000502965
0.0627182	-0.00101111
0.0940773	-0.00152946
0.125436	-0.0020628
0.156795	-0.00261551
0.188155	-0.00319146
0.219514	-0.00379393
0.250873	-0.00442551
0.282232	-0.00508805
0.313591	-0.00578266
0.34495	-0.00650967
0.376309	-0.0072687
0.407668	-0.00805871
0.439027	-0.00887815
0.470386	-0.00972509
0.501746	-0.0105974
0.533105	-0.011493
0.564464	-0.0124101
0.595823	-0.0133475
0.627182	-0.0143049
0.658541	-0.0152833
0.6899	-0.0162849
0.721259	-0.017314
0.752618	-0.0183769
0.783977	-0.0194821
0.815336	-0.0206404
0.846696	-0.021865
0.878055	-0.0231715
0.909414	-0.0245776
0.940773	-0.0261026
0.972132	-0.0277671
1.00349	-0.0295922
1.03485	-0.0315988
1.06621	-0.0338061
1.09757	-0.0362312
1.12893	-0.0388874
1.16029	-0.0417829
1.19165	-0.0449197
1.223	-0.0482923
1.25436	-0.0518867
1.28572	-0.0556792
1.31708	-0.0596364
1.34844	-0.0637142
1.3798	-0.0678589
1.41116	-0.0720069
1.44252	-0.0760865
1.47388	-0.0800192
1.50524	-0.0837219
1.5366	-0.0871093
1.56795	-0.0900965
1.59931	-0.0926022
1.63067	-0.0945514
1.66203	-0.0958787
1.69339	-0.0965306
1.72475	-0.0964682
1.75611	-0.0956686
1.78747	-0.0941268
1.81883	-0.0918553
1.85019	-0.0888848
1.88155	-0.0852629
1.9129	-0.0810526
1.94426	-0.0763302
1.97562	-0.0711826
2.00698	-0.0661661
2.03834	-0.062384
2.0697	-0.058199
2.10106	-0.0536804
2.13242	-0.0489082
2.16378	-0.0439713
2.19514	-0.038964
2.2265	-0.0339828
2.25785	-0.0291221
2.28921	-0.0244684
2.32057	-0.0200949
2.35193	-0.0160539
2.38329	-0.0123686
2.41465	-0.00902299
2.44601	-0.00594989
2.47737	-0.00301545
2.50873	7.45287e-13
