0	0
0.0313591	0.00184513
0.0627182	0.00373902
0.0940773	0.00572951
0.125436	0.00786256
0.156795	0.0101812
0.188155	0.0127247
0.219514	0.0155271
0.250873	0.0186161
0.282232	0.0220123
0.313591	0.0257274
0.34495	0.0297634
0.376309	0.0341118
0.407668	0.0387521
0.439027	0.0436524
0.470386	0.0487681
0.501746	0.0540432
0.533105	0.0594102
0.564464	0.064792
0.595823	0.070103
0.627182	0.075252
0.658541	0.080144
0.6899	0.0846838
0.721259	0.0887787
0.752618	0.0923415
0.783977	0.0952943
0.815336	0.0975706
0.846696	0.0991183
0.878055	0.0999014
0.909414	0.0999015
0.940773	0.0991187
0.972132	0.0975714
1.00349	0.0952956
1.03485	0.0923435
1.06621	0.0887816
1.09757	0.0846882
1.12893	0.0801505
1.16029	0.0752616
1.19165	0.070117
1.223	0.0648122
1.25436	0.0594393
1.28572	0.0540846
1.31708	0.0488267
1.34844	0.0437345
1.3798	0.0388664
1.41116	0.0342695
1.44252	0.0299795
1.47388	0.026021
1.50524	0.0224082
1.5366	0.0191458
1.56795	0.0162302
1.59931	0.0136507
1.63067	0.0113912
1.66203	0.00943115
1.69339	0.0077471
1.72475	0.00631379
1.75611	0.0051052
1.78747	0.0040954
1.81883	0.00325929
1.85019	0.00257315
1.88155	0.00201495
1.9129	0.00156467
1.94426	0.00120439
1.97562	0.000918282
2.00698	0.000697457
2.03834	0.00053638
2.0697	0.000407514
2.10106	0.000305679
2.13242	0.000226236
2.16378	0.00016509
2.19514	0.000118689
2.2265	8.39959e-05
2.25785	5.84585e-05
2.28921	3.99659e-05
2.32057	2.68012e-05
2.35193	1.75902e-05
2.38329	1.12494e-05
2.41465	6.93192e-06
2.44601	3.97286e-06
2.47737	1.82845e-06
2.50873	7.45287e-13
