0	0
0.0313591	-0.00101994
0.0627182	-0.00204076
0.0940773	-0.00306326
0.125436	-0.0040881
0.156795	-0.00511578
0.188155	-0.00614657
0.219514	-0.00718059
0.250873	-0.00821783
0.282232	-0.00925827
0.313591	-0.010302
0.34495	-0.0113495
0.376309	-0.0124017
0.407668	-0.0134604
0.439027	-0.0145284
0.470386	-0.01561
0.501746	-0.0167109
0.533105	-0.0178389
0.564464	-0.0190038
0.595823	-0.0202174
0.627182	-0.021494
0.658541	-0.0228499
0.6899	-0.0243032
0.721259	-0.025874
0.752618	-0.0275831
0.783977	-0.0294519
0.815336	-0.0315013
0.846696	-0.0337508
0.878055	-0.0362173
0.909414	-0.038914
0.940773	-0.0418489
0.972132	-0.0450238
1.00349	-0.0484329
1.03485	-0.0520615
1.06621	-0.0558856
1.09757	-0.0598709
1.12893	-0.063973
1.16029	-0.0681368
1.19165	-0.0722982
1.223	-0.0763842
1.25436	-0.0803152
1.28572	-0.0840068
1.31708	-0.0873722
1.34844	-0.0903252
1.3798	-0.092783
1.41116	-0.094669
1.44252	-0.0959164
1.47388	-0.0964702
1.50524	-0.0962902
1.5366	-0.0953525
1.56795	-0.093651
1.59931	-0.0911979
1.63067	-0.0880236
1.66203	-0.0841762
1.69339	-0.0797193
1.72475	-0.0747309
1.75611	-0.0692998
1.78747	-0.0635235
1.81883	-0.0575043
1.85019	-0.0513466
1.88155	-0.0451533
1.9129	-0.0390233
1.94426	-0.0330483
1.97562	-0.0273111
2.00698	-0.0220375
2.03834	-0.0174993
2.0697	-0.0131212
2.10106	-0.00897679
2.13242	-0.00513726
2.16378	-0.00166997
2.19514	0.00136288
2.2265	0.00390542
2.25785	0.00590915
2.28921	0.00733381
2.32057	0.00814826
2.35193	0.00833145
2.38329	0.00787376
2.41465	0.00677903
2.44601	0.00506794
2.47737	0.00278353
2.50873	7.45287e-13
