0	0
0.0313591	-0.00110423
0.0627182	-0.00220824
0.0940773	-0.00331178
0.125436	-0.00441455
0.156795	-0.00551623
0.188155	-0.00661644
0.219514	-0.00771487
0.250873	-0.00881131
0.282232	-0.00990586
0.313591	-0.010999
0.34495	-0.012092
0.376309	-0.0131867
0.407668	-0.0142865
0.439027	-0.0153959
0.470386	-0.016521
0.501746	-0.0176701
0.533105	-0.0188532
0.564464	-0.0200827
0.595823	-0.0213731
0.627182	-0.0227411
0.658541	-0.0242052
0.6899	-0.0257855
0.721259	-0.0275033
0.752618	-0.02938
0.783977	-0.0314368
0.815336	-0.0336932
0.846696	-0.0361664
0.878055	-0.0388695
0.909414	-0.0418108
0.940773	-0.0449919
0.972132	-0.0484071
1.00349	-0.0520418
1.03485	-0.055872
1.06621	-0.0598634
1.09757	-0.0639715
1.12893	-0.0681414
1.16029	-0.0723087
1.19165	-0.0764005
1.223	-0.0803371
1.25436	-0.0840342
1.28572	-0.0874048
1.31708	-0.0903627
1.34844	-0.0928248
1.3798	-0.0947146
1.41116	-0.0959651
1.44252	-0.0965211
1.47388	-0.0963424
1.50524	-0.0954048
1.5366	-0.0937019
1.56795	-0.0912458
1.59931	-0.0880667
1.63067	-0.0842122
1.66203	-0.079746
1.69339	-0.0747454
1.72475	-0.0692993
1.75611	-0.0635048
1.78747	-0.057464
1.81883	-0.051281
1.85019	-0.0450589
1.88155	-0.0388962
1.9129	-0.0328849
1.94426	-0.0271077
1.97562	-0.0216368
2.00698	-0.0166488
2.03834	-0.0123179
2.0697	-0.00819741
2.10106	-0.00435354
2.13242	-0.00084914
2.16378	0.00225729
2.19514	0.0049125
2.2265	0.00706923
2.25785	0.00868684
2.28921	0.00973168
2.32057	0.0101776
2.35193	0.0100063
2.38329	0.0092086
2.41465	0.0077854
2.44601	0.00575082
2.47737	0.00313665
2.50873	7.45287e-13
