0	0
0.0313591	-0.00118829
0.0627182	-0.00237524
0.0940773	-0.00355953
0.125436	-0.0047399
0.156795	-0.00591522
0.188155	-0.00708453
0.219514	-0.00824717
0.250873	-0.0094029
0.282232	-0.0105521
0.313591	-0.0116958
0.34495	-0.0128363
0.376309	-0.0139768
0.407668	-0.0151222
0.439027	-0.0162791
0.470386	-0.017456
0.501746	-0.0186633
0.533105	-0.0199138
0.564464	-0.0212225
0.595823	-0.0226063
0.627182	-0.0240842
0.658541	-0.0256767
0.6899	-0.0274052
0.721259	-0.0292915
0.752618	-0.0313569
0.783977	-0.0336213
0.815336	-0.0361018
0.846696	-0.0388119
0.878055	-0.0417598
0.909414	-0.0449474
0.940773	-0.0483689
0.972132	-0.0520098
1.00349	-0.0558462
1.03485	-0.0598438
1.06621	-0.063958
1.09757	-0.0681339
1.12893	-0.0723072
1.16029	-0.076405
1.19165	-0.0803476
1.223	-0.0840505
1.25436	-0.0874268
1.28572	-0.0903901
1.31708	-0.0928574
1.34844	-0.094752
1.3798	-0.0960068
1.41116	-0.0965667
1.44252	-0.0963911
1.47388	-0.0954558
1.50524	-0.0937542
1.5366	-0.0912981
1.56795	-0.0881177
1.59931	-0.0842602
1.63067	-0.0797891
1.66203	-0.0747815
1.69339	-0.069326
1.72475	-0.0635193
1.75611	-0.0574635
1.78747	-0.0512623
1.81883	-0.0450186
1.85019	-0.0388307
1.88155	-0.0327905
1.9129	-0.0269806
1.94426	-0.0214733
1.97562	-0.0163291
2.00698	-0.0116774
2.03834	-0.00760381
2.0697	-0.00378066
2.10106	-0.000265884
2.13242	0.00288639
2.16378	0.00562655
2.19514	0.00791002
2.2265	0.00969767
2.25785	0.010956
2.28921	0.0116571
2.32057	0.011779
2.35193	0.0113056
2.38329	0.0102274
2.41465	0.00854233
2.44601	0.00625839
2.47737	0.00339705
2.50873	7.45287e-13
