0	0
0.0313591	-0.00127101
0.0627182	-0.00253959
0.0940773	-0.00380337
0.125436	-0.0050602
0.156795	-0.0063082
0.188155	-0.00754594
0.219514	-0.00877256
0.250873	-0.00998792
0.282232	-0.0111928
0.313591	-0.0123893
0.34495	-0.0135806
0.376309	-0.0147717
0.407668	-0.0159694
0.439027	-0.0171823
0.470386	-0.0184214
0.501746	-0.0196997
0.533105	-0.0210326
0.564464	-0.0224375
0.595823	-0.0239336
0.627182	-0.025542
0.658541	-0.0272843
0.6899	-0.0291827
0.721259	-0.0312588
0.752618	-0.0335328
0.783977	-0.036022
0.815336	-0.03874
0.846696	-0.0416953
0.878055	-0.0448898
0.909414	-0.048318
0.940773	-0.0519654
0.972132	-0.055808
1.00349	-0.0598118
1.03485	-0.0639322
1.06621	-0.0681142
1.09757	-0.0722937
1.12893	-0.0763976
1.16029	-0.0803462
1.19165	-0.0840551
1.223	-0.0874373
1.25436	-0.0904064
1.28572	-0.0928793
1.31708	-0.0947794
1.34844	-0.0960394
1.3798	-0.0966042
1.41116	-0.0964329
1.44252	-0.0955013
1.47388	-0.0938029
1.50524	-0.0913491
1.5366	-0.0881699
1.56795	-0.0843125
1.59931	-0.07984
1.63067	-0.0748295
1.66203	-0.0693691
1.69339	-0.0635554
1.72475	-0.0574901
1.75611	-0.0512769
1.78747	-0.0450181
1.81883	-0.038812
1.85019	-0.0327501
1.88155	-0.0269151
1.9129	-0.0213789
1.94426	-0.016202
1.97562	-0.0114324
2.00698	-0.00715564
2.03834	-0.00337821
2.0697	0.000119099
2.10106	0.00328683
2.13242	0.00607959
2.16378	0.00845638
2.19514	0.0103808
2.2265	0.0118211
2.25785	0.0127501
2.28921	0.013145
2.32057	0.012987
2.35193	0.0122615
2.38329	0.0109586
2.41465	0.00907316
2.44601	0.00660744
2.47737	0.00357373
2.50873	7.45287e-13
