0	0
0.0313591	-0.0013513
0.0627182	-0.00269914
0.0940773	-0.00404025
0.125436	-0.00537167
0.156795	-0.00669092
0.188155	-0.00799623
0.219514	-0.0092867
0.250873	-0.0105625
0.282232	-0.0118252
0.313591	-0.0130777
0.34495	-0.0143248
0.376309	-0.0155732
0.407668	-0.0168319
0.439027	-0.0181117
0.470386	-0.0194261
0.501746	-0.0207907
0.533105	-0.0222234
0.564464	-0.0237437
0.595823	-0.0253731
0.627182	-0.0271337
0.658541	-0.0290479
0.6899	-0.0311379
0.721259	-0.033424
0.752618	-0.0359239
0.783977	-0.0386515
0.815336	-0.0416154
0.846696	-0.0448179
0.878055	-0.0482534
0.909414	-0.0519078
0.940773	-0.0557571
0.972132	-0.0597673
1.00349	-0.063894
1.03485	-0.0680823
1.06621	-0.0722679
1.09757	-0.0763779
1.12893	-0.0803326
1.16029	-0.0840476
1.19165	-0.0874358
1.223	-0.0904109
1.25436	-0.0928898
1.28572	-0.0947957
1.31708	-0.0960614
1.34844	-0.0966316
1.3798	-0.0964655
1.41116	-0.0955388
1.44252	-0.0938447
1.47388	-0.0913947
1.50524	-0.0882186
1.5366	-0.0843635
1.56795	-0.0798922
1.59931	-0.0748817
1.63067	-0.06942
1.66203	-0.0636033
1.69339	-0.0575332
1.72475	-0.051313
1.75611	-0.0450448
1.78747	-0.0388266
1.81883	-0.0327497
1.85019	-0.0268964
1.88155	-0.0213386
1.9129	-0.0161365
1.94426	-0.011338
1.97562	-0.00697862
2.00698	-0.00310362
2.03834	0.000349872
2.0697	0.00350325
2.10106	0.00631556
2.13242	0.00874979
2.16378	0.0107731
2.19514	0.0123564
2.2265	0.0134748
2.25785	0.0141064
2.28921	0.0142325
2.32057	0.0138371
2.35193	0.0129068
2.38329	0.0114305
2.41465	0.00940074
2.44601	0.00681428
2.47737	0.00367538
2.50873	7.45287e-13
