0	0
0.0313591	-0.00142813
0.0627182	-0.00285196
0.0940773	-0.00426744
0.125436	-0.00567098
0.156795	-0.0070597
0.188155	-0.00843167
0.219514	-0.00978618
0.250873	-0.0111239
0.282232	-0.0124473
0.313591	-0.0137606
0.34495	-0.0150703
0.376309	-0.0163849
0.407668	-0.0177155
0.439027	-0.0190756
0.470386	-0.020481
0.501746	-0.0219497
0.533105	-0.0235019
0.564464	-0.025159
0.595823	-0.0269438
0.627182	-0.0288791
0.658541	-0.0309873
0.6899	-0.0332892
0.721259	-0.035803
0.752618	-0.0385427
0.783977	-0.0415173
0.815336	-0.0447293
0.846696	-0.0481735
0.878055	-0.0518358
0.909414	-0.0556925
0.940773	-0.0597098
0.972132	-0.0638431
1.00349	-0.0680378
1.03485	-0.0722297
1.06621	-0.0763459
1.09757	-0.0803068
1.12893	-0.0840279
1.16029	-0.0874223
1.19165	-0.0904035
1.223	-0.0928884
1.25436	-0.0948003
1.28572	-0.0960719
1.31708	-0.0966479
1.34844	-0.0964875
1.3798	-0.0955662
1.41116	-0.0938773
1.44252	-0.0914321
1.47388	-0.0882604
1.50524	-0.084409
1.5366	-0.0799409
1.56795	-0.0749327
1.59931	-0.0694722
1.63067	-0.0636556
1.66203	-0.0575841
1.69339	-0.0513609
1.72475	-0.0450878
1.75611	-0.0388626
1.78747	-0.0327763
1.81883	-0.0269109
1.85019	-0.0213381
1.88155	-0.0161178
1.9129	-0.0112976
1.94426	-0.0069131
1.97562	-0.00298754
2.00698	0.000470146
2.03834	0.00358216
2.0697	0.00638302
2.10106	0.00883989
2.13242	0.0109237
2.16378	0.0126088
2.19514	0.0138731
2.2265	0.014697
2.25785	0.0150637
2.28921	0.0149578
2.32057	0.0143654
2.35193	0.0132737
2.38329	0.0116711
2.41465	0.00954725
2.44601	0.00689461
2.47737	0.00371034
2.50873	7.45287e-13
