0	0
0.0313591	-0.0015683
0.0627182	-0.00313139
0.0940773	-0.00468445
0.125436	-0.00622344
0.156795	-0.00774542
0.188155	-0.00924897
0.219514	-0.0107345
0.250873	-0.0122044
0.282232	-0.0136636
0.313591	-0.0151195
0.34495	-0.0165822
0.376309	-0.0180645
0.407668	-0.0195819
0.439027	-0.0211523
0.470386	-0.022796
0.501746	-0.0245349
0.533105	-0.0263922
0.564464	-0.0283913
0.595823	-0.0305555
0.627182	-0.0329063
0.658541	-0.0354625
0.6899	-0.0382391
0.721259	-0.0412458
0.752618	-0.0444858
0.783977	-0.0479545
0.815336	-0.0516385
0.846696	-0.0555146
0.878055	-0.0595493
0.909414	-0.0636986
0.940773	-0.0679083
0.972132	-0.0721142
1.00349	-0.0762439
1.03485	-0.0802177
1.06621	-0.0839515
1.09757	-0.0873583
1.12893	-0.0903518
1.16029	-0.092849
1.19165	-0.0947732
1.223	-0.0960569
1.25436	-0.096645
1.28572	-0.0964965
1.31708	-0.0955871
1.34844	-0.0939097
1.3798	-0.0914758
1.41116	-0.088315
1.44252	-0.0844739
1.47388	-0.0800153
1.50524	-0.0750157
1.5366	-0.0695627
1.56795	-0.0637522
1.59931	-0.0576851
1.63067	-0.0514642
1.66203	-0.045191
1.69339	-0.0389629
1.72475	-0.0328703
1.75611	-0.026995
1.78747	-0.0214078
1.81883	-0.0161684
1.85019	-0.0113238
1.88155	-0.00690895
1.9129	-0.00294673
1.94426	0.000551087
1.97562	0.00358288
2.00698	0.00619917
2.03834	0.00861185
2.0697	0.010714
2.10106	0.0124871
2.13242	0.0139156
2.16378	0.0149863
2.19514	0.0156876
2.2265	0.0160093
2.25785	0.0159417
2.28921	0.0154745
2.32057	0.0145973
2.35193	0.0132982
2.38329	0.0115643
2.41465	0.00938145
2.44601	0.00673518
2.47737	0.00361166
2.50873	7.45287e-13
