0	0
0.0313591	-0.00163072
0.0627182	-0.00325633
0.0940773	-0.00487214
0.125436	-0.0064744
0.156795	-0.00806067
0.188155	-0.00963023
0.219514	-0.0111844
0.250873	-0.0127271
0.282232	-0.0142645
0.313591	-0.0158059
0.34495	-0.0173633
0.376309	-0.0189515
0.407668	-0.0205881
0.439027	-0.022293
0.470386	-0.0240879
0.501746	-0.025996
0.533105	-0.0280409
0.564464	-0.0302458
0.595823	-0.0326326
0.627182	-0.0352206
0.658541	-0.038025
0.6899	-0.0410559
0.721259	-0.044317
0.752618	-0.0478039
0.783977	-0.0515038
0.815336	-0.0553937
0.846696	-0.0594405
0.878055	-0.0636005
0.909414	-0.0678198
0.940773	-0.0720343
0.972132	-0.0761719
1.00349	-0.0801532
1.03485	-0.0838939
1.06621	-0.0873074
1.09757	-0.0903074
1.12893	-0.0928109
1.16029	-0.0947412
1.19165	-0.0960311
1.223	-0.0966253
1.25436	-0.096483
1.28572	-0.0955796
1.31708	-0.0939083
1.34844	-0.0914804
1.3798	-0.0883254
1.41116	-0.0844902
1.44252	-0.0800373
1.47388	-0.0750431
1.50524	-0.0695953
1.5366	-0.0637896
1.56795	-0.0577269
1.59931	-0.0515098
1.63067	-0.0452397
1.66203	-0.0390139
1.69339	-0.0329226
1.72475	-0.0270472
1.75611	-0.0214588
1.78747	-0.0162164
1.81883	-0.0113669
1.85019	-0.00694502
1.88155	-0.00297338
1.9129	0.000536534
1.94426	0.00358336
1.97562	0.00617459
2.00698	0.00838365
2.03834	0.0104537
2.0697	0.0122225
2.10106	0.0136776
2.13242	0.0148089
2.16378	0.015608
2.19514	0.0160678
2.2265	0.0161813
2.25785	0.0159415
2.28921	0.0153405
2.32057	0.014369
2.35193	0.0130157
2.38329	0.0112675
2.41465	0.00910906
2.44601	0.00652344
2.47737	0.00349284
2.50873	7.45287e-13
