0	0
0.0313591	0.00152118
0.0627182	0.003088
0.0940773	0.00474548
0.125436	0.00653734
0.156795	0.00850529
0.188155	0.0106882
0.219514	0.0131211
0.250873	0.0158343
0.282232	0.0188522
0.313591	0.0221922
0.34495	0.0258633
0.376309	0.0298653
0.407668	0.0341874
0.439027	0.0388078
0.470386	0.0436931
0.501746	0.0487976
0.533105	0.0540644
0.564464	0.0594253
0.595823	0.0648026
0.627182	0.0701105
0.658541	0.0752572
0.6899	0.0801476
0.721259	0.0846863
0.752618	0.0887803
0.783977	0.0923427
0.815336	0.0952951
0.846696	0.0975711
0.878055	0.0991186
0.909414	0.0999016
0.940773	0.0999016
0.972132	0.0991188
1.00349	0.0975715
1.03485	0.0952956
1.06621	0.0923435
1.09757	0.0887816
1.12893	0.0846882
1.16029	0.0801506
1.19165	0.0752616
1.223	0.070117
1.25436	0.0648122
1.28572	0.0594393
1.31708	0.0540846
1.34844	0.0488267
1.3798	0.0437345
1.41116	0.0388664
1.44252	0.0342695
1.47388	0.0299795
1.50524	0.026021
1.5366	0.0224082
1.56795	0.0191458
1.59931	0.0162301
1.63067	0.0136506
1.66203	0.011391
1.69339	0.00943087
1.72475	0.00774671
1.75611	0.00631324
1.78747	0.00510442
1.81883	0.00409432
1.85019	0.00325782
1.88155	0.00257113
1.9129	0.00201222
1.94426	0.00156101
1.97562	0.00119951
2.00698	0.000918233
2.03834	0.000711822
2.0697	0.000545204
2.10106	0.000412344
2.13242	0.000307746
2.16378	0.000226493
2.19514	0.000164253
2.2265	0.000117273
2.25785	8.23565e-05
2.28921	5.68221e-05
2.32057	3.84608e-05
2.35193	2.54804e-05
2.38329	1.64475e-05
2.41465	1.02253e-05
2.44601	5.90608e-06
2.47737	2.73346e-06
2.50873	7.45287e-13
