0	0
0.0313591	-0.00168803
0.0627182	-0.00337148
0.0940773	-0.00504628
0.125436	-0.00670938
0.156795	-0.00835922
0.188155	-0.00999616
0.219514	-0.0116229
0.250873	-0.0132446
0.282232	-0.0148694
0.313591	-0.0165082
0.34495	-0.0181752
0.376309	-0.0198869
0.407668	-0.0216627
0.439027	-0.0235238
0.470386	-0.025493
0.501746	-0.0275939
0.533105	-0.0298496
0.564464	-0.0322821
0.595823	-0.0349109
0.627182	-0.0377513
0.658541	-0.040814
0.6899	-0.0441029
0.721259	-0.047614
0.752618	-0.0513349
0.783977	-0.0552431
0.815336	-0.0593058
0.846696	-0.0634796
0.878055	-0.067711
0.909414	-0.0719363
0.940773	-0.0760834
0.972132	-0.0800733
1.00349	-0.0838219
1.03485	-0.0872428
1.06621	-0.0902498
1.09757	-0.0927599
1.12893	-0.0946967
1.16029	-0.0959929
1.19165	-0.0965933
1.223	-0.0964572
1.25436	-0.0955599
1.28572	-0.0938947
1.31708	-0.0914729
1.34844	-0.088324
1.3798	-0.0844948
1.41116	-0.0800478
1.44252	-0.0750595
1.47388	-0.0696173
1.50524	-0.063817
1.5366	-0.0577595
1.56795	-0.0515472
1.59931	-0.0452815
1.63067	-0.0390595
1.66203	-0.0329713
1.69339	-0.0270982
1.72475	-0.021511
1.75611	-0.0162686
1.78747	-0.0114178
1.81883	-0.00699297
1.85019	-0.00301647
1.88155	0.000500462
1.9129	0.00355671
1.94426	0.00616003
1.97562	0.0083256
2.00698	0.0101454
2.03834	0.0118854
2.0697	0.013338
2.10106	0.0144959
2.13242	0.0153535
2.16378	0.0159065
2.19514	0.0161513
2.2265	0.0160839
2.25785	0.0156997
2.28921	0.0149925
2.32057	0.0139543
2.35193	0.0125746
2.38329	0.0108403
2.41465	0.00873539
2.44601	0.00624131
2.47737	0.003337
2.50873	7.45287e-13
