0	0
0.0313591	-0.00174075
0.0627182	-0.00347798
0.0940773	-0.00520871
0.125436	-0.00693109
0.156795	-0.00864486
0.188155	-0.0103518
0.219514	-0.0120563
0.250873	-0.0137651
0.282232	-0.0154883
0.313591	-0.0172387
0.34495	-0.0190319
0.376309	-0.0208863
0.407668	-0.0228226
0.439027	-0.0248627
0.470386	-0.0270297
0.501746	-0.0293467
0.533105	-0.0318352
0.564464	-0.0345147
0.595823	-0.0374009
0.627182	-0.0405043
0.658541	-0.0438292
0.6899	-0.0473721
0.721259	-0.0511208
0.752618	-0.0550532
0.783977	-0.0591369
0.815336	-0.063329
0.846696	-0.0675762
0.878055	-0.0718153
0.909414	-0.0759746
0.940773	-0.0799752
0.972132	-0.0837334
1.00349	-0.0871629
1.03485	-0.0901778
1.06621	-0.0926954
1.09757	-0.0946391
1.12893	-0.095942
1.16029	-0.0965489
1.19165	-0.096419
1.223	-0.095528
1.25436	-0.0938689
1.28572	-0.0914533
1.31708	-0.0883104
1.34844	-0.0844873
1.3798	-0.0800463
1.41116	-0.075064
1.44252	-0.0696278
1.47388	-0.0638333
1.50524	-0.0577814
1.5366	-0.0515746
1.56795	-0.0453141
1.59931	-0.0390969
1.63067	-0.033013
1.66203	-0.0271438
1.69339	-0.0215597
1.72475	-0.0163196
1.75611	-0.0114701
1.78747	-0.00704526
1.81883	-0.00306741
1.85019	0.000452508
1.88155	0.00351363
1.9129	0.00612396
1.94426	0.00829894
1.97562	0.01006
2.00698	0.0115134
2.03834	0.0129406
2.0697	0.0140975
2.10106	0.0149811
2.13242	0.0155896
2.16378	0.0159222
2.19514	0.015978
2.2265	0.0157556
2.25785	0.0152524
2.28921	0.0144639
2.32057	0.0133833
2.35193	0.0120012
2.38329	0.0103049
2.41465	0.00827812
2.44601	0.0059012
2.47737	0.00315075
2.50873	7.45287e-13
