0	0
0.0313591	-0.00193548
0.0627182	-0.00387743
0.0940773	-0.00583283
0.125436	-0.00780966
0.156795	-0.00981733
0.188155	-0.011867
0.219514	-0.0139717
0.250873	-0.0161464
0.282232	-0.018408
0.313591	-0.0207746
0.34495	-0.0232653
0.376309	-0.0258992
0.407668	-0.0286949
0.439027	-0.0316685
0.470386	-0.0348335
0.501746	-0.0381985
0.533105	-0.0417664
0.564464	-0.045533
0.595823	-0.0494856
0.627182	-0.0536024
0.658541	-0.0578517
0.6899	-0.0621914
0.721259	-0.0665692
0.752618	-0.0709232
0.783977	-0.0751833
0.815336	-0.0792719
0.846696	-0.0831069
0.878055	-0.0866034
0.909414	-0.0896769
0.940773	-0.0922459
0.972132	-0.0942351
1.00349	-0.0955786
1.03485	-0.096222
1.06621	-0.0961255
1.09757	-0.0952654
1.12893	-0.0936354
1.16029	-0.0912473
1.19165	-0.088131
1.223	-0.0843336
1.25436	-0.0799179
1.28572	-0.0749604
1.31708	-0.0695488
1.34844	-0.0637788
1.3798	-0.0577511
1.41116	-0.0515683
1.44252	-0.0453316
1.47388	-0.0391377
1.50524	-0.0330767
1.5366	-0.0272295
1.56795	-0.0216666
1.59931	-0.0164464
1.63067	-0.0116151
1.66203	-0.00720666
1.69339	-0.00324272
1.72475	0.000266239
1.75611	0.00331997
1.78747	0.00592716
1.81883	0.00810399
1.85019	0.00987269
1.88155	0.0112601
1.9129	0.0122961
1.94426	0.0130128
1.97562	0.013443
2.00698	0.0137152
2.03834	0.0141136
2.0697	0.014325
2.10106	0.0143567
2.13242	0.0142161
2.16378	0.0139103
2.19514	0.0134458
2.2265	0.0128278
2.25785	0.0120602
2.28921	0.0111447
2.32057	0.0100805
2.35193	0.0088635
2.38329	0.00748549
2.41465	0.00593335
2.44601	0.00418778
2.47737	0.00222197
2.50873	7.45287e-13
