0	0
0.0313591	0.00522799
0.0627182	0.0103372
0.0940773	0.0152135
0.125436	0.0197512
0.156795	0.0238573
0.188155	0.0274545
0.219514	0.0304834
0.250873	0.0329042
0.282232	0.034697
0.313591	0.0358616
0.34495	0.0364161
0.376309	0.0363952
0.407668	0.0358475
0.439027	0.0348327
0.470386	0.0334182
0.501746	0.0316763
0.533105	0.0296808
0.564464	0.0275042
0.595823	0.0252156
0.627182	0.0228781
0.658541	0.0205481
0.6899	0.0182736
0.721259	0.0160939
0.752618	0.0140399
0.783977	0.0121338
0.815336	0.01039
0.846696	0.00881607
0.878055	0.00741344
0.909414	0.00617863
0.940773	0.0051042
0.972132	0.00417984
1.00349	0.00339327
1.03485	0.00273106
1.06621	0.00217933
1.09757	0.0017243
1.12893	0.00135278
1.16029	0.00105239
1.19165	0.000811866
1.223	0.000621103
1.25436	0.000471226
1.28572	0.000354563
1.31708	0.000264588
1.34844	0.000195825
1.3798	0.000143748
1.41116	0.000104659
1.44252	7.55791e-05
1.47388	5.41362e-05
1.50524	3.84629e-05
1.5366	2.71063e-05
1.56795	1.89487e-05
1.59931	1.31395e-05
1.63067	9.03792e-06
1.66203	6.16678e-06
1.69339	4.17399e-06
1.72475	2.80255e-06
1.75611	1.86668e-06
1.78747	1.23339e-06
1.81883	8.08452e-07
1.85019	5.25693e-07
1.88155	3.39108e-07
1.9129	2.16972e-07
1.94426	1.37604e-07
1.97562	8.64207e-08
2.00698	5.39974e-08
2.03834	3.40333e-08
2.0697	2.11022e-08
2.10106	1.28283e-08
2.13242	7.66053e-09
2.16378	4.53465e-09
2.19514	2.66084e-09
2.2265	1.54766e-09
2.25785	8.92294e-10
2.28921	5.09924e-10
2.32057	2.88842e-10
2.35193	1.62167e-10
2.38329	9.02404e-11
2.41465	4.96638e-11
2.44601	2.62335e-11
2.47737	1.12646e-11
2.50873	7.45287e-13
