0	0
0.0313591	0.00124287
0.0627182	0.00252764
0.0940773	0.00389583
0.125436	0.00538821
0.156795	0.00704426
0.188155	0.00890164
0.219514	0.0109954
0.250873	0.0133572
0.282232	0.0160142
0.313591	0.0189881
0.34495	0.022294
0.376309	0.0259389
0.407668	0.029921
0.439027	0.0342281
0.470386	0.0388373
0.501746	0.0437142
0.533105	0.0488127
0.564464	0.054075
0.595823	0.0594328
0.627182	0.0648078
0.658541	0.0701141
0.6899	0.0752596
0.721259	0.0801493
0.752618	0.0846874
0.783977	0.0887811
0.815336	0.0923432
0.846696	0.0952954
0.878055	0.0975714
0.909414	0.0991188
0.940773	0.0999017
0.972132	0.0999017
1.00349	0.0991188
1.03485	0.0975715
1.06621	0.0952956
1.09757	0.0923435
1.12893	0.0887816
1.16029	0.0846882
1.19165	0.0801506
1.223	0.0752616
1.25436	0.070117
1.28572	0.0648122
1.31708	0.0594393
1.34844	0.0540846
1.3798	0.0488267
1.41116	0.0437345
1.44252	0.0388664
1.47388	0.0342694
1.50524	0.0299794
1.5366	0.0260209
1.56795	0.0224081
1.59931	0.0191456
1.63067	0.0162299
1.66203	0.0136503
1.69339	0.0113906
1.72475	0.00943032
1.75611	0.00774593
1.78747	0.00631217
1.81883	0.00510295
1.85019	0.00409231
1.88155	0.00325509
1.9129	0.00256747
1.94426	0.00200734
1.97562	0.00155455
2.00698	0.0011994
2.03834	0.000937229
2.0697	0.00072369
2.10106	0.000551862
2.13242	0.000415338
2.16378	0.000308295
2.19514	0.000225525
2.2265	0.00016245
2.25785	0.000115113
2.28921	8.01534e-05
2.32057	5.47593e-05
2.35193	3.66192e-05
2.38329	2.38574e-05
2.41465	1.49631e-05
2.44601	8.70943e-06
2.47737	4.0532e-06
2.50873	7.45287e-13
