0	0
0.0313591	0.00100646
0.0627182	0.0020507
0.0940773	0.00317037
0.125436	0.00440275
0.156795	0.00578456
0.188155	0.00735149
0.219514	0.00913775
0.250873	0.0111753
0.282232	0.0134931
0.313591	0.016116
0.34495	0.0190638
0.376309	0.0223497
0.407668	0.0259796
0.439027	0.0299504
0.470386	0.0342493
0.501746	0.0388524
0.533105	0.0437249
0.564464	0.0488202
0.595823	0.0540802
0.627182	0.0594363
0.658541	0.0648103
0.6899	0.0701157
0.721259	0.0752607
0.752618	0.08015
0.783977	0.0846879
0.815336	0.0887814
0.846696	0.0923434
0.878055	0.0952955
0.909414	0.0975714
0.940773	0.0991188
0.972132	0.0999017
1.00349	0.0999017
1.03485	0.0991188
1.06621	0.0975715
1.09757	0.0952956
1.12893	0.0923435
1.16029	0.0887816
1.19165	0.0846882
1.223	0.0801506
1.25436	0.0752616
1.28572	0.070117
1.31708	0.0648122
1.34844	0.0594393
1.3798	0.0540846
1.41116	0.0488266
1.44252	0.0437344
1.47388	0.0388663
1.50524	0.0342694
1.5366	0.0299793
1.56795	0.0260208
1.59931	0.0224079
1.63067	0.0191453
1.66203	0.0162295
1.69339	0.0136497
1.72475	0.0113898
1.75611	0.00942924
1.78747	0.00774446
1.81883	0.00631015
1.85019	0.00510022
1.88155	0.00408865
1.9129	0.00325021
1.94426	0.00256101
1.97562	0.00199886
2.00698	0.00155436
2.03834	0.00122432
2.0697	0.000953064
2.10106	0.000732786
2.13242	0.000556145
2.16378	0.000416347
2.19514	0.000307222
2.2265	0.000223262
2.25785	0.000159636
2.28921	0.000112177
2.32057	7.73515e-05
2.35193	5.22125e-05
2.38329	3.43316e-05
2.41465	2.17217e-05
2.44601	1.27399e-05
2.47737	5.96122e-06
2.50873	7.45287e-13
