0	0
0.0313591	0.000807834
0.0627182	0.00164919
0.0940773	0.00255762
0.125436	0.00356672
0.156795	0.00470998
0.188155	0.00602067
0.219514	0.0075314
0.250873	0.00927367
0.282232	0.0112771
0.313591	0.0135687
0.34495	0.0161717
0.376309	0.0191045
0.407668	0.0223792
0.439027	0.0260008
0.470386	0.0299655
0.501746	0.0342599
0.533105	0.0388599
0.564464	0.0437301
0.595823	0.0488237
0.627182	0.0540827
0.658541	0.059438
0.6899	0.0648114
0.721259	0.0701165
0.752618	0.0752612
0.783977	0.0801503
0.815336	0.0846881
0.846696	0.0887815
0.878055	0.0923434
0.909414	0.0952956
0.940773	0.0975715
0.972132	0.0991188
1.00349	0.0999017
1.03485	0.0999017
1.06621	0.0991188
1.09757	0.0975715
1.12893	0.0952956
1.16029	0.0923435
1.19165	0.0887816
1.223	0.0846882
1.25436	0.0801505
1.28572	0.0752616
1.31708	0.070117
1.34844	0.0648122
1.3798	0.0594393
1.41116	0.0540846
1.44252	0.0488266
1.47388	0.0437344
1.50524	0.0388662
1.5366	0.0342692
1.56795	0.0299791
1.59931	0.0260205
1.63067	0.0224075
1.66203	0.0191448
1.69339	0.0162287
1.72475	0.0136487
1.75611	0.0113884
1.78747	0.00942723
1.81883	0.00774173
1.85019	0.00630649
1.88155	0.00509534
1.9129	0.00408219
1.94426	0.00324173
1.97562	0.00254997
2.00698	0.00199855
2.03834	0.0015868
2.0697	0.00124528
2.10106	0.000965385
2.13242	0.000738839
2.16378	0.000557854
2.19514	0.000415229
2.2265	0.000304431
2.25785	0.00021964
2.28921	0.00015576
2.32057	0.000108405
2.35193	7.38586e-05
2.38329	4.90126e-05
2.41465	3.1281e-05
2.44601	1.84851e-05
2.47737	8.69598e-06
2.50873	7.45287e-13
