0	0
0.0313591	0.000642729
0.0627182	0.00131475
0.0940773	0.00204554
0.125436	0.00286485
0.156795	0.00380283
0.188155	0.00488989
0.219514	0.00615659
0.250873	0.00763322
0.282232	0.0093493
0.313591	0.0113328
0.34495	0.0136094
0.376309	0.0162012
0.407668	0.0191256
0.439027	0.0223943
0.470386	0.0260115
0.501746	0.029973
0.533105	0.0342651
0.564464	0.0388634
0.595823	0.0437325
0.627182	0.0488254
0.658541	0.0540838
0.6899	0.0594387
0.721259	0.0648119
0.752618	0.0701168
0.783977	0.0752614
0.815336	0.0801505
0.846696	0.0846882
0.878055	0.0887816
0.909414	0.0923435
0.940773	0.0952956
0.972132	0.0975715
1.00349	0.0991188
1.03485	0.0999017
1.06621	0.0999017
1.09757	0.0991188
1.12893	0.0975715
1.16029	0.0952956
1.19165	0.0923435
1.223	0.0887816
1.25436	0.0846882
1.28572	0.0801505
1.31708	0.0752615
1.34844	0.070117
1.3798	0.0648122
1.41116	0.0594392
1.44252	0.0540845
1.47388	0.0488265
1.50524	0.0437342
1.5366	0.038866
1.56795	0.034269
1.59931	0.0299788
1.63067	0.02602
1.66203	0.0224067
1.69339	0.0191437
1.72475	0.0162272
1.75611	0.0136467
1.78747	0.0113856
1.81883	0.00942357
1.85019	0.00773685
1.88155	0.00630003
1.9129	0.00508686
1.94426	0.00407115
1.97562	0.00322746
2.00698	0.00254947
2.03834	0.00204043
2.0697	0.00161431
2.10106	0.00126182
2.13242	0.000973841
2.16378	0.000741587
2.19514	0.0005568
2.2265	0.00041185
2.25785	0.000299826
2.28921	0.000214578
2.32057	0.00015073
2.35193	0.000103654
2.38329	6.94163e-05
2.41465	4.46868e-05
2.44601	2.66043e-05
2.47737	1.25817e-05
2.50873	7.45287e-13
