0	0
0.0313591	0.00050692
0.0627182	0.00103908
0.0940773	0.00162198
0.125436	0.00228165
0.156795	0.00304476
0.188155	0.00393875
0.219514	0.00499171
0.250873	0.00623222
0.282232	0.00768893
0.313591	0.00938999
0.34495	0.0113623
0.376309	0.0136306
0.407668	0.0162163
0.439027	0.0191363
0.470386	0.0224017
0.501746	0.0260166
0.533105	0.0299766
0.564464	0.0342675
0.595823	0.0388651
0.627182	0.0437336
0.658541	0.0488261
0.6899	0.0540843
0.721259	0.0594391
0.752618	0.0648121
0.783977	0.0701169
0.815336	0.0752615
0.846696	0.0801505
0.878055	0.0846882
0.909414	0.0887816
0.940773	0.0923435
0.972132	0.0952956
1.00349	0.0975715
1.03485	0.0991188
1.06621	0.0999017
1.09757	0.0999017
1.12893	0.0991188
1.16029	0.0975715
1.19165	0.0952956
1.223	0.0923435
1.25436	0.0887816
1.28572	0.0846882
1.31708	0.0801505
1.34844	0.0752615
1.3798	0.0701169
1.41116	0.0648121
1.44252	0.0594391
1.47388	0.0540844
1.50524	0.0488263
1.5366	0.043734
1.56795	0.0388656
1.59931	0.0342684
1.63067	0.029978
1.66203	0.0260189
1.69339	0.0224053
1.72475	0.0191417
1.75611	0.0162245
1.78747	0.013643
1.81883	0.0113808
1.85019	0.00941711
1.88155	0.00772837
1.9129	0.00628899
1.94426	0.00507259
1.97562	0.00405285
2.00698	0.00322672
2.03834	0.00260313
2.0697	0.00207626
2.10106	0.00163633
2.13242	0.00127351
2.16378	0.00097809
2.19514	0.000740775
2.2265	0.000552795
2.25785	0.000406069
2.28921	0.000293282
2.32057	0.000207928
2.35193	0.000144319
2.38329	9.75328e-05
2.41465	6.33259e-05
2.44601	3.79794e-05
2.47737	1.80548e-05
2.50873	7.45287e-13
