0	0
0.0313591	0.000396349
0.0627182	0.00081415
0.0940773	0.00127519
0.125436	0.00180189
0.156795	0.00241757
0.188155	0.00314658
0.219514	0.00401438
0.250873	0.00504742
0.282232	0.00627291
0.313591	0.0077184
0.34495	0.00941116
0.376309	0.0113774
0.407668	0.0136412
0.439027	0.0162237
0.470386	0.0191415
0.501746	0.0224053
0.533105	0.0260191
0.564464	0.0299782
0.595823	0.0342686
0.627182	0.0388658
0.658541	0.0437341
0.6899	0.0488265
0.721259	0.0540845
0.752618	0.0594392
0.783977	0.0648122
0.815336	0.070117
0.846696	0.0752616
0.878055	0.0801505
0.909414	0.0846882
0.940773	0.0887816
0.972132	0.0923435
1.00349	0.0952956
1.03485	0.0975715
1.06621	0.0991188
1.09757	0.0999017
1.12893	0.0999017
1.16029	0.0991188
1.19165	0.0975715
1.223	0.0952956
1.25436	0.0923435
1.28572	0.0887816
1.31708	0.0846882
1.34844	0.0801505
1.3798	0.0752615
1.41116	0.0701168
1.44252	0.064812
1.47388	0.0594389
1.50524	0.0540841
1.5366	0.0488259
1.56795	0.0437334
1.59931	0.0388649
1.63067	0.0342673
1.66203	0.0299765
1.69339	0.0260169
1.72475	0.0224025
1.75611	0.019138
1.78747	0.0162196
1.81883	0.0136365
1.85019	0.0113723
1.88155	0.00940607
1.9129	0.0077141
1.94426	0.00627069
1.97562	0.00504932
2.00698	0.00405176
2.03834	0.00329491
2.0697	0.00264941
2.10106	0.00210532
2.13242	0.0016523
2.16378	0.00127988
2.19514	0.000977795
2.2265	0.000736146
2.25785	0.000545638
2.28921	0.000397699
2.32057	0.000284572
2.35193	0.000199349
2.38329	0.000135947
2.41465	8.90191e-05
2.44601	5.37779e-05
2.47737	2.56961e-05
2.50873	7.45287e-13
