0	0
0.0313591	0.00030723
0.0627182	0.000632459
0.0940773	0.000994057
0.125436	0.00141111
0.156795	0.00190371
0.188155	0.0024932
0.219514	0.00320229
0.250873	0.00405507
0.282232	0.00507689
0.313591	0.00629408
0.34495	0.00773348
0.376309	0.00942181
0.407668	0.0113848
0.439027	0.0136464
0.470386	0.0162273
0.501746	0.0191439
0.533105	0.022407
0.564464	0.0260202
0.595823	0.029979
0.627182	0.0342691
0.658541	0.0388662
0.6899	0.0437343
0.721259	0.0488266
0.752618	0.0540846
0.783977	0.0594393
0.815336	0.0648122
0.846696	0.070117
0.878055	0.0752616
0.909414	0.0801506
0.940773	0.0846882
0.972132	0.0887816
1.00349	0.0923435
1.03485	0.0952956
1.06621	0.0975715
1.09757	0.0991188
1.12893	0.0999017
1.16029	0.0999017
1.19165	0.0991188
1.223	0.0975715
1.25436	0.0952956
1.28572	0.0923435
1.31708	0.0887815
1.34844	0.0846881
1.3798	0.0801504
1.41116	0.0752613
1.44252	0.0701166
1.47388	0.0648117
1.50524	0.0594385
1.5366	0.0540835
1.56795	0.0488251
1.59931	0.0437323
1.63067	0.0388634
1.66203	0.0342653
1.69339	0.0299738
1.72475	0.0260132
1.75611	0.0223976
1.78747	0.0191316
1.81883	0.0162112
1.85019	0.0136255
1.88155	0.011358
1.9129	0.00938777
1.94426	0.00769083
1.97562	0.00624131
2.00698	0.00504776
2.03834	0.00413775
2.0697	0.00335421
2.10106	0.00268744
2.13242	0.00212691
2.16378	0.00166164
2.19514	0.00128051
2.2265	0.000972607
2.25785	0.000727413
2.28921	0.000535047
2.32057	0.000386394
2.35193	0.000273181
2.38329	0.000187981
2.41465	0.00012413
2.44601	7.55283e-05
2.47737	3.62706e-05
2.50873	7.45287e-13
