0	0
0.0313591	0.00023611
0.0627182	0.000487138
0.0940773	0.000768379
0.125436	0.00109588
0.156795	0.00148674
0.188155	0.00195942
0.219514	0.00253389
0.250873	0.00323176
0.282232	0.00407624
0.313591	0.00509197
0.34495	0.00630473
0.376309	0.00774095
0.407668	0.009427
0.439027	0.0113884
0.470386	0.0136489
0.501746	0.016229
0.533105	0.019145
0.564464	0.0224077
0.595823	0.0260207
0.627182	0.0299793
0.658541	0.0342693
0.6899	0.0388663
0.721259	0.0437344
0.752618	0.0488266
0.783977	0.0540846
0.815336	0.0594393
0.846696	0.0648122
0.878055	0.070117
0.909414	0.0752616
0.940773	0.0801506
0.972132	0.0846882
1.00349	0.0887816
1.03485	0.0923435
1.06621	0.0952956
1.09757	0.0975715
1.12893	0.0991188
1.16029	0.0999017
1.19165	0.0999017
1.223	0.0991188
1.25436	0.0975714
1.28572	0.0952956
1.31708	0.0923434
1.34844	0.0887815
1.3798	0.084688
1.41116	0.0801502
1.44252	0.075261
1.47388	0.0701163
1.50524	0.0648111
1.5366	0.0594378
1.56795	0.0540825
1.59931	0.0488237
1.63067	0.0437303
1.66203	0.0388607
1.69339	0.0342617
1.72475	0.0299689
1.75611	0.0260068
1.78747	0.0223892
1.81883	0.0191205
1.85019	0.0161969
1.88155	0.0136072
1.9129	0.0113347
1.94426	0.00935839
1.97562	0.00765403
2.00698	0.00623914
2.03834	0.00515532
2.0697	0.00421312
2.10106	0.00340355
2.13242	0.00271634
2.16378	0.0021403
2.19514	0.00166377
2.2265	0.00127492
2.25785	0.000962115
2.28921	0.00071416
2.32057	0.000520507
2.35193	0.000371389
2.38329	0.000257855
2.41465	0.000171693
2.44601	0.00010521
2.47737	5.07748e-05
2.50873	7.45287e-13
