0	0
0.0313591	0.000179908
0.0627182	0.000372031
0.0940773	0.000588957
0.125436	0.000844012
0.156795	0.00115159
0.188155	0.00152743
0.219514	0.00198889
0.250873	0.00255506
0.282232	0.00324684
0.313591	0.00408689
0.34495	0.00509943
0.376309	0.00630992
0.407668	0.00774452
0.439027	0.00942944
0.470386	0.0113901
0.501746	0.01365
0.533105	0.0162297
0.564464	0.0191455
0.595823	0.022408
0.627182	0.0260209
0.658541	0.0299794
0.6899	0.0342694
0.721259	0.0388663
0.752618	0.0437345
0.783977	0.0488267
0.815336	0.0540846
0.846696	0.0594393
0.878055	0.0648122
0.909414	0.070117
0.940773	0.0752616
0.972132	0.0801506
1.00349	0.0846882
1.03485	0.0887816
1.06621	0.0923435
1.09757	0.0952956
1.12893	0.0975715
1.16029	0.0991188
1.19165	0.0999017
1.223	0.0999017
1.25436	0.0991188
1.28572	0.0975714
1.31708	0.0952955
1.34844	0.0923433
1.3798	0.0887813
1.41116	0.0846877
1.44252	0.0801498
1.47388	0.0752605
1.50524	0.0701155
1.5366	0.0648101
1.56795	0.0594363
1.59931	0.0540804
1.63067	0.0488209
1.66203	0.0437267
1.69339	0.0388558
1.72475	0.0342552
1.75611	0.0299604
1.78747	0.0259957
1.81883	0.0223749
1.85019	0.0191022
1.88155	0.0161736
1.9129	0.0135778
1.94426	0.0112979
1.97562	0.00931266
2.00698	0.00765105
2.03834	0.00637262
2.0697	0.00525035
2.10106	0.00427659
2.13242	0.00344183
2.16378	0.00273518
2.19514	0.00214474
2.2265	0.00165806
2.25785	0.00126253
2.28921	0.000945718
2.32057	0.000695627
2.35193	0.000500894
2.38329	0.000350872
2.41465	0.000235562
2.44601	0.000145358
2.47737	7.04915e-05
2.50873	7.45287e-13
