0	0
0.0313591	0.00013592
0.0627182	0.000281727
0.0940773	0.000447663
0.125436	0.000644666
0.156795	0.000884702
0.188155	0.00118106
0.219514	0.0015486
0.250873	0.00200397
0.282232	0.00256571
0.313591	0.00325431
0.34495	0.00409208
0.376309	0.00510301
0.407668	0.00631236
0.439027	0.00774617
0.470386	0.00943055
0.501746	0.0113908
0.533105	0.0136505
0.564464	0.01623
0.595823	0.0191457
0.627182	0.0224082
0.658541	0.026021
0.6899	0.0299795
0.721259	0.0342695
0.752618	0.0388664
0.783977	0.0437345
0.815336	0.0488267
0.846696	0.0540846
0.878055	0.0594393
0.909414	0.0648122
0.940773	0.070117
0.972132	0.0752616
1.00349	0.0801506
1.03485	0.0846882
1.06621	0.0887816
1.09757	0.0923435
1.12893	0.0952956
1.16029	0.0975715
1.19165	0.0991188
1.223	0.0999016
1.25436	0.0999016
1.28572	0.0991187
1.31708	0.0975712
1.34844	0.0952953
1.3798	0.092343
1.41116	0.0887809
1.44252	0.0846872
1.47388	0.080149
1.50524	0.0752594
1.5366	0.070114
1.56795	0.064808
1.59931	0.0594336
1.63067	0.0540768
1.66203	0.0488161
1.69339	0.0437202
1.72475	0.0388473
1.75611	0.0342442
1.78747	0.0299461
1.81883	0.0259774
1.85019	0.0223516
1.88155	0.0190729
1.9129	0.0161368
1.94426	0.0135321
1.97562	0.0112415
2.00698	0.00930864
2.03834	0.00781538
2.0697	0.00649146
2.10106	0.0053313
2.13242	0.0043268
2.16378	0.00346791
2.19514	0.002743
2.2265	0.00213937
2.25785	0.0016437
2.28921	0.00124248
2.32057	0.000922309
2.35193	0.000670186
2.38329	0.000473618
2.41465	0.000320572
2.44601	0.000199179
2.47737	9.70531e-05
2.50873	7.45287e-13
