0	0
0.0313591	0.00651401
0.0627182	0.0128832
0.0940773	0.0189683
0.125436	0.0246401
0.156795	0.0297847
0.188155	0.0343066
0.219514	0.0381322
0.250873	0.041211
0.282232	0.0435168
0.313591	0.0450471
0.34495	0.0458219
0.376309	0.0458811
0.407668	0.0452821
0.439027	0.044096
0.470386	0.0424039
0.501746	0.0402934
0.533105	0.0378544
0.564464	0.0351759
0.595823	0.0323431
0.627182	0.029435
0.658541	0.026522
0.6899	0.0236652
0.721259	0.0209151
0.752618	0.0183118
0.783977	0.015885
0.815336	0.013655
0.846696	0.0116329
0.878055	0.00982253
0.909414	0.00822128
0.940773	0.00682135
0.972132	0.00561112
1.00349	0.00457619
1.03485	0.0037005
1.06621	0.00296717
1.09757	0.00235924
1.12893	0.00186022
1.16029	0.0014546
1.19165	0.00112802
1.223	0.000867574
1.25436	0.000661793
1.28572	0.000500698
1.31708	0.000375733
1.34844	0.000279668
1.3798	0.000206478
1.41116	0.000151211
1.44252	0.000109845
1.47388	7.91529e-05
1.50524	5.65788e-05
1.5366	4.01186e-05
1.56795	2.82195e-05
1.59931	1.96911e-05
1.63067	1.36304e-05
1.66203	9.36002e-06
1.69339	6.37636e-06
1.72475	4.30926e-06
1.75611	2.88915e-06
1.78747	1.92166e-06
1.81883	1.26803e-06
1.85019	8.3009e-07
1.88155	5.39067e-07
1.9129	3.47188e-07
1.94426	2.21688e-07
1.97562	1.40215e-07
2.00698	8.82486e-08
2.03834	5.6066e-08
2.0697	3.50606e-08
2.10106	2.15602e-08
2.13242	1.29884e-08
2.16378	7.68944e-09
2.19514	4.51091e-09
2.2265	2.6221e-09
2.25785	1.51021e-09
2.28921	8.61813e-10
2.32057	4.87259e-10
2.35193	2.72935e-10
2.38329	1.51397e-10
2.41465	8.2636e-11
2.44601	4.27889e-11
2.47737	1.82482e-11
2.50873	7.45287e-13
