0	0
0.0313591	0.00010182
0.0627182	0.000211552
0.0940773	0.000337436
0.125436	0.000488353
0.156795	0.000674138
0.188155	0.000905871
0.219514	0.00119614
0.250873	0.00155925
0.282232	0.00201144
0.313591	0.0025709
0.34495	0.00325788
0.376309	0.00409452
0.407668	0.00510466
0.439027	0.00631348
0.470386	0.00774692
0.501746	0.00943104
0.533105	0.0113911
0.564464	0.0136507
0.595823	0.0162302
0.627182	0.0191458
0.658541	0.0224082
0.6899	0.026021
0.721259	0.0299795
0.752618	0.0342695
0.783977	0.0388664
0.815336	0.0437345
0.846696	0.0488267
0.878055	0.0540846
0.909414	0.0594393
0.940773	0.0648122
0.972132	0.070117
1.00349	0.0752616
1.03485	0.0801505
1.06621	0.0846882
1.09757	0.0887816
1.12893	0.0923435
1.16029	0.0952956
1.19165	0.0975714
1.223	0.0991187
1.25436	0.0999015
1.28572	0.0999015
1.31708	0.0991185
1.34844	0.097571
1.3798	0.0952949
1.41116	0.0923424
1.44252	0.0887801
1.47388	0.0846861
1.50524	0.0801476
1.5366	0.0752574
1.56795	0.0701113
1.59931	0.0648044
1.63067	0.0594287
1.66203	0.0540703
1.69339	0.0488076
1.72475	0.0437092
1.75611	0.038833
1.78747	0.0342259
1.81883	0.0299229
1.85019	0.025948
1.88155	0.0223148
1.9129	0.0190271
1.94426	0.0160804
1.97562	0.0134631
2.00698	0.0112362
2.03834	0.00950934
2.0697	0.00796281
2.10106	0.00659383
2.13242	0.00539653
2.16378	0.00436235
2.19514	0.00348054
2.2265	0.00273866
2.25785	0.00212309
2.28921	0.00161947
2.32057	0.00121317
2.35193	0.000889551
2.38329	0.000634168
2.41465	0.000432716
2.44601	0.000270683
2.47737	0.000132512
2.50873	7.45287e-13
