0	0
0.0313591	7.56322e-05
0.0627182	0.000157528
0.0940773	0.000252242
0.125436	0.000366908
0.156795	0.000509523
0.188155	0.000689218
0.219514	0.000916525
0.250873	0.0012036
0.282232	0.00156444
0.313591	0.00201501
0.34495	0.00257334
0.376309	0.00325953
0.407668	0.00409563
0.439027	0.00510541
0.470386	0.00631397
0.501746	0.00774724
0.533105	0.00943125
0.564464	0.0113913
0.595823	0.0136508
0.627182	0.0162302
0.658541	0.0191458
0.6899	0.0224082
0.721259	0.026021
0.752618	0.0299795
0.783977	0.0342695
0.815336	0.0388664
0.846696	0.0437345
0.878055	0.0488267
0.909414	0.0540846
0.940773	0.0594393
0.972132	0.0648122
1.00349	0.070117
1.03485	0.0752616
1.06621	0.0801505
1.09757	0.0846882
1.12893	0.0887816
1.16029	0.0923434
1.19165	0.0952955
1.223	0.0975713
1.25436	0.0991186
1.28572	0.0999013
1.31708	0.0999012
1.34844	0.0991181
1.3798	0.0975704
1.41116	0.0952941
1.44252	0.0923414
1.47388	0.0887786
1.50524	0.0846841
1.5366	0.0801448
1.56795	0.0752537
1.59931	0.0701064
1.63067	0.0647979
1.66203	0.0594202
1.69339	0.0540593
1.72475	0.0487933
1.75611	0.0436909
1.78747	0.0388097
1.81883	0.0341965
1.85019	0.0298861
1.88155	0.0259023
1.9129	0.0222584
1.94426	0.0189581
1.97562	0.0159966
2.00698	0.0134561
2.03834	0.0114794
2.0697	0.00969076
2.10106	0.00809117
2.13242	0.00667775
2.16378	0.00544428
2.19514	0.00438162
2.2265	0.00347822
2.25785	0.00272066
2.28921	0.00209417
2.32057	0.0015831
2.35193	0.00117129
2.38329	0.000842304
2.41465	0.000579332
2.44601	0.00036482
2.47737	0.000179417
2.50873	7.45287e-13
