0	0
0.0313591	5.57085e-05
0.0627182	0.000116322
0.0940773	0.000187001
0.125436	0.000273412
0.156795	0.000381989
0.188155	0.000520176
0.219514	0.000696682
0.250873	0.000921711
0.282232	0.00120718
0.313591	0.00156688
0.34495	0.00201666
0.376309	0.00257446
0.407668	0.00326028
0.439027	0.00409612
0.470386	0.00510573
0.501746	0.00631418
0.533105	0.00774737
0.564464	0.00943134
0.595823	0.0113913
0.627182	0.0136508
0.658541	0.0162302
0.6899	0.0191459
0.721259	0.0224083
0.752618	0.026021
0.783977	0.0299795
0.815336	0.0342695
0.846696	0.0388664
0.878055	0.0437345
0.909414	0.0488267
0.940773	0.0540846
0.972132	0.0594393
1.00349	0.0648122
1.03485	0.070117
1.06621	0.0752615
1.09757	0.0801505
1.12893	0.0846882
1.16029	0.0887815
1.19165	0.0923433
1.223	0.0952954
1.25436	0.0975711
1.28572	0.0991183
1.31708	0.099901
1.34844	0.0999006
1.3798	0.0991173
1.41116	0.0975693
1.44252	0.0952926
1.47388	0.0923393
1.50524	0.0887759
1.5366	0.0846804
1.56795	0.0801399
1.59931	0.0752473
1.63067	0.0700979
1.66203	0.0647869
1.69339	0.0594059
1.72475	0.054041
1.75611	0.04877
1.78747	0.0436615
1.81883	0.0387729
1.85019	0.0341508
1.88155	0.0298297
1.9129	0.0258333
1.94426	0.0221746
1.97562	0.0188572
2.00698	0.0159876
2.03834	0.0137484
2.0697	0.0117008
2.10106	0.00985034
2.13242	0.0081981
2.16378	0.00674105
2.19514	0.00547254
2.2265	0.00438267
2.25785	0.00345891
2.28921	0.00268658
2.32057	0.00204941
2.35193	0.00152994
2.38329	0.00110972
2.41465	0.000769288
2.44601	0.000487624
2.47737	0.000240891
2.50873	7.45287e-13
