0	0
0.0313591	4.069e-05
0.0627182	8.5181e-05
0.0940773	0.000137492
0.125436	0.000202081
0.156795	0.000284065
0.188155	0.000389452
0.219514	0.000525362
0.250873	0.000700256
0.282232	0.000924153
0.313591	0.00120883
0.34495	0.001568
0.376309	0.00201741
0.407668	0.00257495
0.439027	0.0032606
0.470386	0.00409633
0.501746	0.00510586
0.533105	0.00631426
0.564464	0.00774743
0.595823	0.00943137
0.627182	0.0113914
0.658541	0.0136508
0.6899	0.0162302
0.721259	0.0191459
0.752618	0.0224083
0.783977	0.026021
0.815336	0.0299795
0.846696	0.0342695
0.878055	0.0388664
0.909414	0.0437345
0.940773	0.0488267
0.972132	0.0540846
1.00349	0.0594393
1.03485	0.0648122
1.06621	0.070117
1.09757	0.0752615
1.12893	0.0801504
1.16029	0.0846881
1.19165	0.0887814
1.223	0.0923431
1.25436	0.0952951
1.28572	0.0975707
1.31708	0.0991178
1.34844	0.0999002
1.3798	0.0998996
1.41116	0.0991158
1.44252	0.0975673
1.47388	0.0952899
1.50524	0.0923357
1.5366	0.088771
1.56795	0.084674
1.59931	0.0801315
1.63067	0.0752362
1.66203	0.0700836
1.69339	0.0647686
1.72475	0.0593827
1.75611	0.0540116
1.78747	0.0487332
1.81883	0.0436157
1.85019	0.0387166
1.88155	0.0340817
1.9129	0.0297459
1.94426	0.0257323
1.97562	0.022054
2.00698	0.0188456
2.03834	0.0163361
2.0697	0.0140164
2.10106	0.0118975
2.13242	0.00998531
2.16378	0.00828095
2.19514	0.0067812
2.2265	0.00547875
2.25785	0.00436273
2.28921	0.00341926
2.32057	0.00263196
2.35193	0.00198237
2.38329	0.00145019
2.41465	0.00101315
2.44601	0.000646349
2.47737	0.00032071
2.50873	7.45287e-13
