0	0
0.0313591	2.94725e-05
0.0627182	6.18599e-05
0.0940773	0.000100261
0.125436	0.000148145
0.156795	0.000209544
0.188155	0.000289251
0.219514	0.000393026
0.250873	0.000527804
0.282232	0.000701912
0.313591	0.000925266
0.34495	0.00120957
0.376309	0.00156849
0.407668	0.00201773
0.439027	0.00257516
0.470386	0.00326073
0.501746	0.00409642
0.533105	0.00510592
0.564464	0.0063143
0.595823	0.00774745
0.627182	0.00943139
0.658541	0.0113914
0.6899	0.0136508
0.721259	0.0162303
0.752618	0.0191459
0.783977	0.0224083
0.815336	0.026021
0.846696	0.0299795
0.878055	0.0342695
0.909414	0.0388664
0.940773	0.0437345
0.972132	0.0488267
1.00349	0.0540846
1.03485	0.0594392
1.06621	0.0648121
1.09757	0.0701169
1.12893	0.0752614
1.16029	0.0801503
1.19165	0.0846879
1.223	0.0887811
1.25436	0.0923427
1.28572	0.0952945
1.31708	0.09757
1.34844	0.0991167
1.3798	0.0998987
1.41116	0.0998975
1.44252	0.0991131
1.47388	0.0975637
1.50524	0.095285
1.5366	0.0923292
1.56795	0.0887625
1.59931	0.0846629
1.63067	0.0801172
1.66203	0.0752179
1.69339	0.0700604
1.72475	0.0647392
1.75611	0.0593459
1.78747	0.0539659
1.81883	0.0486768
1.85019	0.0435467
1.88155	0.0386328
1.9129	0.0339808
1.94426	0.0296252
1.97562	0.0255892
2.00698	0.0220393
2.03834	0.0192578
2.0697	0.016658
2.10106	0.0142569
2.13242	0.0120663
2.16378	0.0100924
2.19514	0.00833654
2.2265	0.00679488
2.25785	0.00545919
2.28921	0.00431722
2.32057	0.00335313
2.35193	0.00254795
2.38329	0.00187973
2.41465	0.00132334
2.44601	0.000849592
2.47737	0.000423374
2.50873	7.45287e-13
