0	0
0.0313591	2.11699e-05
0.0627182	4.45525e-05
0.0940773	7.25131e-05
0.125436	0.000107725
0.156795	0.000153331
0.188155	0.000213118
0.219514	0.000291694
0.250873	0.000394682
0.282232	0.000528918
0.313591	0.000702654
0.34495	0.000925757
0.376309	0.0012099
0.407668	0.0015687
0.439027	0.00201786
0.470386	0.00257524
0.501746	0.00326079
0.533105	0.00409645
0.564464	0.00510594
0.595823	0.00631431
0.627182	0.00774746
0.658541	0.00943139
0.6899	0.0113914
0.721259	0.0136508
0.752618	0.0162303
0.783977	0.0191459
0.815336	0.0224083
0.846696	0.026021
0.878055	0.0299795
0.909414	0.0342695
0.940773	0.0388664
0.972132	0.0437344
1.00349	0.0488266
1.03485	0.0540845
1.06621	0.0594392
1.09757	0.064812
1.12893	0.0701168
1.16029	0.0752612
1.19165	0.08015
1.223	0.0846875
1.25436	0.0887805
1.28572	0.092342
1.31708	0.0952935
1.34844	0.0975685
1.3798	0.0991147
1.41116	0.099896
1.44252	0.0998939
1.47388	0.0991082
1.50524	0.0975572
1.5366	0.0952765
1.56795	0.0923182
1.59931	0.0887483
1.63067	0.0846446
1.66203	0.0800939
1.69339	0.0751886
1.72475	0.0700236
1.75611	0.0646935
1.78747	0.0592895
1.81883	0.0538969
1.85019	0.0485931
1.88155	0.0434458
1.9129	0.0385121
1.94426	0.0338376
1.97562	0.0294567
2.00698	0.0255708
2.03834	0.022523
2.0697	0.0196413
2.10106	0.0169495
2.13242	0.0144659
2.16378	0.0122031
2.19514	0.0101677
2.2265	0.00836056
2.25785	0.00677711
2.28921	0.00540766
2.32057	0.00423776
2.35193	0.0032485
2.38329	0.00241664
2.41465	0.00171421
2.44601	0.00110739
2.47737	0.000554167
2.50873	7.45287e-13
