0	0
0.0313591	1.508e-05
0.0627182	3.1823e-05
0.0940773	5.20162e-05
0.125436	7.76991e-05
0.156795	0.000111299
0.188155	0.000155774
0.219514	0.000214774
0.250873	0.000292807
0.282232	0.000395424
0.313591	0.000529409
0.34495	0.000702976
0.376309	0.000925967
0.407668	0.00121003
0.439027	0.00156878
0.470386	0.00201792
0.501746	0.00257528
0.533105	0.00326081
0.564464	0.00409647
0.595823	0.00510595
0.627182	0.00631432
0.658541	0.00774746
0.6899	0.00943139
0.721259	0.0113914
0.752618	0.0136508
0.783977	0.0162302
0.815336	0.0191459
0.846696	0.0224083
0.878055	0.026021
0.909414	0.0299795
0.940773	0.0342695
0.972132	0.0388663
1.00349	0.0437344
1.03485	0.0488266
1.06621	0.0540844
1.09757	0.059439
1.12893	0.0648118
1.16029	0.0701165
1.19165	0.0752608
1.223	0.0801495
1.25436	0.0846867
1.28572	0.0887795
1.31708	0.0923405
1.34844	0.0952915
1.3798	0.0975658
1.41116	0.099111
1.44252	0.0998911
1.47388	0.0998874
1.50524	0.0990998
1.5366	0.0975462
1.56795	0.0952623
1.59931	0.0922999
1.63067	0.088725
1.66203	0.0846152
1.69339	0.0800571
1.72475	0.0751428
1.75611	0.0699672
1.78747	0.0646245
1.81883	0.0592057
1.85019	0.0537959
1.88155	0.0484724
1.9129	0.0433026
1.94426	0.0383435
1.97562	0.0336407
2.00698	0.0294339
2.03834	0.0261338
2.0697	0.022976
2.10106	0.0199915
2.13242	0.0172059
2.16378	0.0146388
2.19514	0.0123031
2.2265	0.0102056
2.25785	0.00834645
2.28921	0.00671957
2.32057	0.00531283
2.35193	0.00410816
2.38329	0.00308148
2.41465	0.0022021
2.44601	0.00143125
2.47737	0.000719191
2.50873	7.45287e-13
