0	0
0.0313591	1.06531e-05
0.0627182	2.25437e-05
0.0940773	3.70091e-05
0.125436	5.559e-05
0.156795	8.01417e-05
0.188155	0.000112954
0.219514	0.000156887
0.250873	0.000215516
0.282232	0.000293298
0.313591	0.000395746
0.34495	0.000529618
0.376309	0.000703111
0.407668	0.000926054
0.439027	0.00121009
0.470386	0.00156882
0.501746	0.00201794
0.533105	0.00257529
0.564464	0.00326082
0.595823	0.00409647
0.627182	0.00510595
0.658541	0.00631432
0.6899	0.00774746
0.721259	0.00943139
0.752618	0.0113914
0.783977	0.0136508
0.815336	0.0162302
0.846696	0.0191459
0.878055	0.0224082
0.909414	0.026021
0.940773	0.0299795
0.972132	0.0342694
1.00349	0.0388663
1.03485	0.0437343
1.06621	0.0488264
1.09757	0.0540842
1.12893	0.0594388
1.16029	0.0648115
1.19165	0.0701159
1.223	0.07526
1.25436	0.0801484
1.28572	0.0846852
1.31708	0.0887775
1.34844	0.0923378
1.3798	0.0952878
1.41116	0.0975609
1.44252	0.0991046
1.47388	0.0998826
1.50524	0.0998764
1.5366	0.0990855
1.56795	0.0975279
1.59931	0.095239
1.63067	0.0922705
1.66203	0.0886882
1.69339	0.0845695
1.72475	0.0800007
1.75611	0.0750738
1.78747	0.0698834
1.81883	0.0645235
1.85019	0.059085
1.88155	0.0536527
1.9129	0.0483038
1.94426	0.0431057
1.97562	0.0381153
2.00698	0.0336128
2.03834	0.030084
2.0697	0.0266646
2.10106	0.0233933
2.13242	0.0203033
2.16378	0.0174218
2.19514	0.0147692
2.2265	0.0123591
2.25785	0.0101975
2.28921	0.00828308
2.32057	0.00660708
2.35193	0.00515314
2.38329	0.00389693
2.41465	0.00280527
2.44601	0.00183419
2.47737	0.000925372
2.50873	7.45287e-13
