0	0
0.0313591	7.46367e-06
0.0627182	1.58392e-05
0.0940773	2.61175e-05
0.125436	3.94516e-05
0.156795	5.72458e-05
0.188155	8.12549e-05
0.219514	0.000113697
0.250873	0.000157378
0.282232	0.000215838
0.313591	0.000293508
0.34495	0.000395881
0.376309	0.000529705
0.407668	0.000703166
0.439027	0.000926088
0.470386	0.00121011
0.501746	0.00156883
0.533105	0.00201795
0.564464	0.0025753
0.595823	0.00326082
0.627182	0.00409647
0.658541	0.00510595
0.6899	0.00631432
0.721259	0.00774746
0.752618	0.00943139
0.783977	0.0113914
0.815336	0.0136508
0.846696	0.0162302
0.878055	0.0191458
0.909414	0.0224082
0.940773	0.026021
0.972132	0.0299794
1.00349	0.0342693
1.03485	0.0388661
1.06621	0.0437341
1.09757	0.0488262
1.12893	0.0540839
1.16029	0.0594382
1.19165	0.0648107
1.223	0.0701149
1.25436	0.0752586
1.28572	0.0801464
1.31708	0.0846825
1.34844	0.0887738
1.3798	0.0923329
1.41116	0.0952813
1.44252	0.0975524
1.47388	0.0990935
1.50524	0.0998683
1.5366	0.0998581
1.56795	0.0990622
1.59931	0.0974985
1.63067	0.0952022
1.66203	0.0922248
1.69339	0.0886318
1.72475	0.0845005
1.75611	0.0799169
1.78747	0.0749729
1.81883	0.0697627
1.85019	0.0643803
1.88155	0.0589164
1.9129	0.0534558
1.94426	0.0480756
1.97562	0.0428431
2.00698	0.0380812
2.03834	0.0343572
2.0697	0.0307008
2.10106	0.0271576
2.13242	0.0237688
2.16378	0.0205698
2.19514	0.0175892
2.2265	0.0148482
2.25785	0.0123598
2.28921	0.0101286
2.32057	0.00815036
2.35193	0.00641126
2.38329	0.00488749
2.41465	0.00354371
2.44601	0.00233057
2.47737	0.00118042
2.50873	7.45287e-13
