0	0
0.0313591	5.18602e-06
0.0627182	1.10375e-05
0.0940773	1.82818e-05
0.125436	2.77733e-05
0.156795	4.05649e-05
0.188155	5.79881e-05
0.219514	8.17459e-05
0.250873	0.000114019
0.282232	0.000157588
0.313591	0.000215974
0.34495	0.000293594
0.376309	0.000395936
0.407668	0.000529739
0.439027	0.000703188
0.470386	0.000926102
0.501746	0.00121012
0.533105	0.00156884
0.564464	0.00201795
0.595823	0.0025753
0.627182	0.00326082
0.658541	0.00409647
0.6899	0.00510595
0.721259	0.00631431
0.752618	0.00774745
0.783977	0.00943138
0.815336	0.0113913
0.846696	0.0136508
0.878055	0.0162302
0.909414	0.0191458
0.940773	0.0224081
0.972132	0.0260209
1.00349	0.0299793
1.03485	0.0342691
1.06621	0.0388659
1.09757	0.0437337
1.12893	0.0488256
1.16029	0.0540831
1.19165	0.0594371
1.223	0.0648092
1.25436	0.0701128
1.28572	0.0752558
1.31708	0.0801427
1.34844	0.0846776
1.3798	0.0887673
1.41116	0.0923244
1.44252	0.0952703
1.47388	0.0975381
1.50524	0.0990752
1.5366	0.0998451
1.56795	0.0998287
1.59931	0.0990254
1.63067	0.0974528
1.66203	0.0951458
1.69339	0.0921558
1.72475	0.088548
1.75611	0.0843995
1.78747	0.0797962
1.81883	0.0748297
1.85019	0.0695942
1.88155	0.0641834
1.9129	0.0586882
1.94426	0.0531932
1.97562	0.0477757
2.00698	0.042802
2.03834	0.0389269
2.0697	0.0350681
2.10106	0.031278
2.13242	0.0276055
2.16378	0.0240942
2.19514	0.0207814
2.2265	0.0176967
2.25785	0.014861
2.28921	0.0122859
2.32057	0.00997271
2.35193	0.00791125
2.38329	0.00607897
2.41465	0.0044388
2.44601	0.00293596
2.47737	0.00149273
2.50873	7.45287e-13
