0	0
0.0313591	0.00765526
0.0627182	0.0151451
0.0940773	0.0223099
0.125436	0.0290018
0.156795	0.0350895
0.188155	0.0404624
0.219514	0.0450342
0.250873	0.0487448
0.282232	0.0515611
0.313591	0.0534771
0.34495	0.0545121
0.376309	0.0547087
0.407668	0.0541295
0.439027	0.0528533
0.470386	0.0509711
0.501746	0.048582
0.533105	0.0457885
0.564464	0.0426932
0.595823	0.0393953
0.627182	0.035987
0.658541	0.0325521
0.6899	0.0291635
0.721259	0.025883
0.752618	0.0227602
0.783977	0.019833
0.815336	0.0171279
0.846696	0.0146614
0.878055	0.0124407
0.909414	0.0104653
0.940773	0.0087282
0.972132	0.0072177
1.00349	0.00591835
1.03485	0.0048123
1.06621	0.00388041
1.09757	0.00310309
1.12893	0.00246106
1.16029	0.00193586
1.19165	0.0015103
1.223	0.00116871
1.25436	0.000897047
1.28572	0.000682963
1.31708	0.000515778
1.34844	0.000386386
1.3798	0.000287131
1.41116	0.000211664
1.44252	0.000154785
1.47388	0.000112287
1.50524	8.08087e-05
1.5366	5.7692e-05
1.56795	4.0861e-05
1.59931	2.87105e-05
1.63067	2.00132e-05
1.66203	1.384e-05
1.69339	9.49529e-06
1.72475	6.46296e-06
1.75611	4.36425e-06
1.78747	2.92378e-06
1.81883	1.9433e-06
1.85019	1.2814e-06
1.88155	8.3817e-07
1.9129	5.43783e-07
1.94426	3.49799e-07
1.97562	2.229e-07
2.00698	1.41367e-07
2.03834	9.05152e-08
2.0697	5.7083e-08
2.10106	3.54147e-08
2.13242	2.15907e-08
2.16378	1.28832e-08
2.19514	7.55794e-09
2.2265	4.39159e-09
2.25785	2.52731e-09
2.28921	1.44043e-09
2.32057	8.13007e-10
2.35193	4.54367e-10
2.38329	2.5107e-10
2.41465	1.35939e-10
2.44601	6.9843e-11
2.47737	2.98622e-11
2.50873	7.45287e-13
