0	0
0.0313591	3.57381e-06
0.0627182	7.62861e-06
0.0940773	1.26932e-05
0.125436	1.9395e-05
0.156795	2.85156e-05
0.188155	4.10558e-05
0.219514	5.83102e-05
0.250873	8.19555e-05
0.282232	0.000114154
0.313591	0.000157674
0.34495	0.000216029
0.376309	0.000293629
0.407668	0.000395958
0.439027	0.000529753
0.470386	0.000703196
0.501746	0.000926106
0.533105	0.00121012
0.564464	0.00156884
0.595823	0.00201795
0.627182	0.0025753
0.658541	0.00326082
0.6899	0.00409647
0.721259	0.00510594
0.752618	0.0063143
0.783977	0.00774744
0.815336	0.00943136
0.846696	0.0113913
0.878055	0.0136507
0.909414	0.0162301
0.940773	0.0191457
0.972132	0.022408
1.00349	0.0260207
1.03485	0.029979
1.06621	0.0342687
1.09757	0.0388653
1.12893	0.043733
1.16029	0.0488245
1.19165	0.0540816
1.223	0.0594351
1.25436	0.0648065
1.28572	0.0701092
1.31708	0.075251
1.34844	0.0801363
1.3798	0.0846692
1.41116	0.0887563
1.44252	0.0923101
1.47388	0.095252
1.50524	0.0975149
1.5366	0.0990458
1.56795	0.0998083
1.59931	0.099783
1.63067	0.098969
1.66203	0.0973837
1.69339	0.095062
1.72475	0.0920548
1.75611	0.0884273
1.78747	0.0842564
1.81883	0.0796277
1.85019	0.0746328
1.88155	0.0693659
1.9129	0.0639208
1.94426	0.0583883
1.97562	0.0528533
2.00698	0.0477265
2.03834	0.0437547
2.0697	0.0397392
2.10106	0.0357381
2.13242	0.0318074
2.16378	0.0279986
2.19514	0.0243578
2.2265	0.0209235
2.25785	0.0177253
2.28921	0.0147826
2.32057	0.0121033
2.35193	0.00968187
2.38329	0.00749782
2.41465	0.00551284
2.44601	0.00366676
2.47737	0.00187124
2.50873	7.45287e-13
