0	0
0.0313591	2.44259e-06
0.0627182	5.22956e-06
0.0940773	8.74182e-06
0.125436	1.34356e-05
0.156795	1.98859e-05
0.188155	2.88377e-05
0.219514	4.12654e-05
0.250873	5.84455e-05
0.282232	8.20421e-05
0.313591	0.000114209
0.34495	0.000157709
0.376309	0.00021605
0.407668	0.000293642
0.439027	0.000395966
0.470386	0.000529758
0.501746	0.000703199
0.533105	0.000926108
0.564464	0.00121012
0.595823	0.00156884
0.627182	0.00201795
0.658541	0.00257529
0.6899	0.00326081
0.721259	0.00409646
0.752618	0.00510593
0.783977	0.00631429
0.815336	0.00774741
0.846696	0.00943132
0.878055	0.0113913
0.909414	0.0136507
0.940773	0.01623
0.972132	0.0191455
1.00349	0.0224077
1.03485	0.0260203
1.06621	0.0299784
1.09757	0.034268
1.12893	0.0388642
1.16029	0.0437315
1.19165	0.0488225
1.223	0.0540789
1.25436	0.0594315
1.28572	0.0648016
1.31708	0.0701027
1.34844	0.0752425
1.3798	0.0801252
1.41116	0.0846549
1.44252	0.088738
1.47388	0.0922869
1.50524	0.0952226
1.5366	0.0974781
1.56795	0.0990001
1.59931	0.0997519
1.63067	0.099714
1.66203	0.0988852
1.69339	0.0972828
1.72475	0.0949413
1.75611	0.0919116
1.78747	0.0882588
1.81883	0.0840595
1.85019	0.0793994
1.88155	0.0743702
1.9129	0.069066
1.94426	0.0635809
1.97562	0.0580059
2.00698	0.0527949
2.03834	0.048791
2.0697	0.0446752
2.10106	0.0405102
2.13242	0.0363578
2.16378	0.0322771
2.19514	0.0283223
2.2265	0.024541
2.25785	0.0209718
2.28921	0.0176428
2.32057	0.0145691
2.35193	0.0117508
2.38329	0.00917017
2.41465	0.00678832
2.44601	0.00453977
2.47737	0.00232516
2.50873	7.45287e-13
