0	0
0.0313591	1.65576e-06
0.0627182	3.5558e-06
0.0940773	5.9719e-06
0.125436	9.2328e-06
0.156795	1.37577e-05
0.188155	2.00955e-05
0.219514	2.8973e-05
0.250873	4.1352e-05
0.282232	5.85005e-05
0.313591	8.20767e-05
0.34495	0.000114231
0.376309	0.000157722
0.407668	0.000216058
0.439027	0.000293647
0.470386	0.000395969
0.501746	0.000529759
0.533105	0.000703199
0.564464	0.000926107
0.595823	0.00121012
0.627182	0.00156883
0.658541	0.00201794
0.6899	0.00257528
0.721259	0.0032608
0.752618	0.00409644
0.783977	0.0051059
0.815336	0.00631424
0.846696	0.00774735
0.878055	0.00943123
0.909414	0.0113911
0.940773	0.0136505
0.972132	0.0162297
1.00349	0.0191451
1.03485	0.0224072
1.06621	0.0260195
1.09757	0.0299774
1.12893	0.0342665
1.16029	0.0388622
1.19165	0.0437288
1.223	0.0488189
1.25436	0.054074
1.28572	0.059425
1.31708	0.0647931
1.34844	0.0700917
1.3798	0.0752282
1.41116	0.0801069
1.44252	0.0846316
1.47388	0.0887086
1.50524	0.0922501
1.5366	0.0951769
1.56795	0.0974217
1.59931	0.0989311
1.63067	0.0996681
1.66203	0.099613
1.69339	0.0987645
1.72475	0.0971396
1.75611	0.0947728
1.78747	0.0917147
1.81883	0.0880305
1.85019	0.0837968
1.88155	0.0790995
1.9129	0.0740303
1.94426	0.0686836
1.97562	0.0631539
2.00698	0.0579369
2.03834	0.0539743
2.0697	0.0498251
2.10106	0.0455544
2.13242	0.0412286
2.16378	0.0369128
2.19514	0.0326689
2.2265	0.0285531
2.25785	0.0246129
2.28921	0.0208852
2.32057	0.0173931
2.35193	0.014143
2.38329	0.0111207
2.41465	0.00828703
2.44601	0.00557154
2.47737	0.00286366
2.50873	7.45287e-13
