0	0
0.0313591	1.11321e-06
0.0627182	2.39809e-06
0.0940773	4.04678e-06
0.125436	6.29399e-06
0.156795	9.44239e-06
0.188155	1.38929e-05
0.219514	2.01821e-05
0.250873	2.9028e-05
0.282232	4.13867e-05
0.313591	5.85221e-05
0.34495	8.20901e-05
0.376309	0.000114239
0.407668	0.000157727
0.439027	0.000216061
0.470386	0.000293648
0.501746	0.000395969
0.533105	0.000529758
0.564464	0.000703197
0.595823	0.000926103
0.627182	0.00121011
0.658541	0.00156882
0.6899	0.00201793
0.721259	0.00257527
0.752618	0.00326077
0.783977	0.0040964
0.815336	0.00510584
0.846696	0.00631415
0.878055	0.00774722
0.909414	0.00943103
0.940773	0.0113908
0.972132	0.0136501
1.00349	0.0162292
1.03485	0.0191443
1.06621	0.0224061
1.09757	0.026018
1.12893	0.0299753
1.16029	0.0342638
1.19165	0.0388586
1.223	0.0437239
1.25436	0.0488124
1.28572	0.0540655
1.31708	0.059414
1.34844	0.0647788
1.3798	0.0700734
1.41116	0.0752049
1.44252	0.0800776
1.47388	0.0845948
1.50524	0.0886629
1.5366	0.0921937
1.56795	0.0951079
1.59931	0.0973379
1.63067	0.0988302
1.66203	0.0995474
1.69339	0.0994698
1.72475	0.098596
1.75611	0.0969427
1.78747	0.0945445
1.81883	0.0914521
1.85019	0.0877306
1.88155	0.0834569
1.9129	0.0787172
1.94426	0.0736032
1.97562	0.0682101
2.00698	0.0630728
2.03834	0.0592325
2.0697	0.055126
2.10106	0.0508186
2.13242	0.0463791
2.16378	0.0418771
2.19514	0.0373808
2.2265	0.0329537
2.25785	0.0286521
2.28921	0.0245215
2.32057	0.020593
2.35193	0.0168796
2.38329	0.0133712
2.41465	0.0100289
2.44601	0.00677761
2.47737	0.00349547
2.50873	7.45287e-13
