0	0
0.0313591	7.42333e-07
0.0627182	1.60419e-06
0.0940773	2.72019e-06
0.125436	4.25636e-06
0.156795	6.42926e-06
0.188155	9.52898e-06
0.219514	1.39479e-05
0.250873	2.02168e-05
0.282232	2.90496e-05
0.313591	4.14e-05
0.34495	5.85302e-05
0.376309	8.20948e-05
0.407668	0.000114241
0.439027	0.000157728
0.470386	0.000216061
0.501746	0.000293648
0.533105	0.000395967
0.564464	0.000529755
0.595823	0.000703192
0.627182	0.000926095
0.658541	0.0012101
0.6899	0.00156881
0.721259	0.0020179
0.752618	0.00257522
0.783977	0.00326071
0.815336	0.00409631
0.846696	0.0051057
0.878055	0.00631396
0.909414	0.00774694
0.940773	0.00943064
0.972132	0.0113903
1.00349	0.0136493
1.03485	0.0162281
1.06621	0.0191429
1.09757	0.0224041
1.12893	0.0260153
1.16029	0.0299717
1.19165	0.0342589
1.223	0.0388521
1.25436	0.0437154
1.28572	0.0488013
1.31708	0.0540512
1.34844	0.0593957
1.3798	0.0647556
1.41116	0.070044
1.44252	0.0751681
1.47388	0.0800318
1.50524	0.0845384
1.5366	0.0885939
1.56795	0.0921099
1.59931	0.0950069
1.63067	0.0972172
1.66203	0.098687
1.69339	0.0993789
1.72475	0.0992729
1.75611	0.0983677
1.78747	0.0966801
1.81883	0.0942446
1.85019	0.0911122
1.88155	0.0873482
1.9129	0.0830299
1.94426	0.0782436
1.97562	0.0730818
2.00698	0.0681154
2.03834	0.064484
2.0697	0.0605039
2.10106	0.0562383
2.13242	0.0517558
2.16378	0.0471283
2.19514	0.0424282
2.2265	0.0377251
2.25785	0.0330826
2.28921	0.0285542
2.32057	0.0241786
2.35193	0.0199755
2.38329	0.015939
2.41465	0.0120308
2.44601	0.00817148
2.47737	0.00422832
2.50873	7.45287e-13
