0	0
0.0313591	4.90983e-07
0.0627182	1.06443e-06
0.0940773	1.81378e-06
0.125436	2.85545e-06
0.156795	4.34296e-06
0.188155	6.48425e-06
0.219514	9.56362e-06
0.250873	1.39696e-05
0.282232	2.02301e-05
0.313591	2.90577e-05
0.34495	4.14047e-05
0.376309	5.85328e-05
0.407668	8.2096e-05
0.439027	0.000114241
0.470386	0.000157727
0.501746	0.000216059
0.533105	0.000293644
0.564464	0.000395962
0.595823	0.000529746
0.627182	0.000703179
0.658541	0.000926076
0.6899	0.00121007
0.721259	0.00156876
0.752618	0.00201784
0.783977	0.00257513
0.815336	0.00326058
0.846696	0.00409611
0.878055	0.00510543
0.909414	0.00631356
0.940773	0.00774639
0.972132	0.00942987
1.00349	0.0113892
1.03485	0.0136478
1.06621	0.0162261
1.09757	0.0191401
1.12893	0.0224004
1.16029	0.0260104
1.19165	0.0299652
1.223	0.0342504
1.25436	0.0388411
1.28572	0.0437011
1.31708	0.0487831
1.34844	0.054028
1.3798	0.0593663
1.41116	0.0647188
1.44252	0.0699983
1.47388	0.0751117
1.50524	0.0799628
1.5366	0.0844546
1.56795	0.0884929
1.59931	0.0919892
1.63067	0.0948638
1.66203	0.0970486
1.69339	0.0984901
1.72475	0.0991506
1.75611	0.0990103
1.78747	0.0980678
1.81883	0.0963402
1.85019	0.0938622
1.88155	0.0906852
1.9129	0.0868747
1.94426	0.0825085
1.97562	0.0776734
2.00698	0.0729718
2.03834	0.0696389
2.0697	0.0658748
2.10106	0.0617374
2.13242	0.0572924
2.16378	0.0526113
2.19514	0.0477681
2.2265	0.0428365
2.25785	0.0378854
2.28921	0.0329748
2.32057	0.0281504
2.35193	0.0234378
2.38329	0.0188351
2.41465	0.0143049
2.44601	0.00976362
2.47737	0.00506839
2.50873	7.45287e-13
