0	0
0.0313591	3.22095e-07
0.0627182	7.00567e-07
0.0940773	1.1997e-06
0.125436	1.90037e-06
0.156795	2.91044e-06
0.188155	4.37759e-06
0.219514	6.50589e-06
0.250873	9.57699e-06
0.282232	1.39776e-05
0.313591	2.02348e-05
0.34495	2.90603e-05
0.376309	4.1406e-05
0.407668	5.8533e-05
0.439027	8.20952e-05
0.470386	0.00011424
0.501746	0.000157724
0.533105	0.000216054
0.564464	0.000293636
0.595823	0.000395949
0.627182	0.000529727
0.658541	0.00070315
0.6899	0.000926033
0.721259	0.00121001
0.752618	0.00156867
0.783977	0.00201771
0.815336	0.00257494
0.846696	0.0032603
0.878055	0.00409572
0.909414	0.00510487
0.940773	0.00631279
0.972132	0.00774531
1.00349	0.00942839
1.03485	0.0113872
1.06621	0.0136451
1.09757	0.0162224
1.12893	0.0191353
1.16029	0.022394
1.19165	0.0260019
1.223	0.0299542
1.25436	0.0342361
1.28572	0.0388228
1.31708	0.0436778
1.34844	0.0487537
1.3798	0.0539912
1.41116	0.0593205
1.44252	0.0646624
1.47388	0.0699293
1.50524	0.0750279
1.5366	0.0798619
1.56795	0.0843339
1.59931	0.0883497
1.63067	0.0918206
1.66203	0.0946669
1.69339	0.0968204
1.72475	0.0982274
1.75611	0.0988507
1.78747	0.0986704
1.81883	0.0976854
1.85019	0.0959131
1.88155	0.0933887
1.9129	0.0901638
1.94426	0.0863045
1.97562	0.0818889
2.00698	0.0775458
2.03834	0.0746016
2.0697	0.0711461
2.10106	0.0672291
2.13242	0.0629103
2.16378	0.0582574
2.19514	0.0533434
2.2265	0.0482427
2.25785	0.0430274
2.28921	0.037762
2.32057	0.0324972
2.35193	0.0272634
2.38329	0.0220623
2.41465	0.0168569
2.44601	0.0115601
2.47737	0.00601961
2.50873	7.45287e-13
