0	0
0.0313591	2.09584e-07
0.0627182	4.57362e-07
0.0940773	7.87162e-07
0.125436	1.25468e-06
0.156795	1.93501e-06
0.188155	2.93208e-06
0.219514	4.39097e-06
0.250873	6.51397e-06
0.282232	9.58171e-06
0.313591	1.39802e-05
0.34495	2.02361e-05
0.376309	2.90605e-05
0.407668	4.14052e-05
0.439027	5.85311e-05
0.470386	8.20919e-05
0.501746	0.000114234
0.533105	0.000157716
0.564464	0.000216041
0.595823	0.000293617
0.627182	0.00039592
0.658541	0.000529684
0.6899	0.000703087
0.721259	0.000925941
0.752618	0.00120987
0.783977	0.00156848
0.815336	0.00201743
0.846696	0.00257454
0.878055	0.00325975
0.909414	0.00409495
0.940773	0.0051038
0.972132	0.00631131
1.00349	0.0077433
1.03485	0.00942567
1.06621	0.0113835
1.09757	0.0136402
1.12893	0.016216
1.16029	0.0191268
1.19165	0.0223829
1.223	0.0259877
1.25436	0.0299359
1.28572	0.0342129
1.31708	0.0387934
1.34844	0.043641
1.3798	0.0487079
1.41116	0.0539348
1.44252	0.0592515
1.47388	0.0645786
1.50524	0.0698283
1.5366	0.0749073
1.56795	0.0797187
1.59931	0.0841654
1.63067	0.0881529
1.66203	0.0915924
1.69339	0.0944042
1.72475	0.0965205
1.75611	0.0978876
1.78747	0.0984683
1.81883	0.0982434
1.85019	0.0972119
1.88155	0.0953917
1.9129	0.0928185
1.94426	0.0895442
1.97562	0.0856354
2.00698	0.0817414
2.03834	0.0792733
2.0697	0.0762193
2.10106	0.0726179
2.13242	0.0685197
2.16378	0.0639852
2.19514	0.0590825
2.2265	0.0538838
2.25785	0.0484609
2.28921	0.0428799
2.32057	0.0371943
2.35193	0.0314375
2.38329	0.0256132
2.41465	0.0196848
2.44601	0.0135615
2.47737	0.00708295
2.50873	7.45287e-13
