0	0
0.0313591	1.35267e-07
0.0627182	2.96179e-07
0.0940773	5.1235e-07
0.125436	8.21796e-07
0.156795	1.27632e-06
0.188155	1.94838e-06
0.219514	2.94016e-06
0.250873	4.39568e-06
0.282232	6.51658e-06
0.313591	9.58292e-06
0.34495	1.39804e-05
0.376309	2.02353e-05
0.407668	2.90586e-05
0.439027	4.14019e-05
0.470386	5.85258e-05
0.501746	8.20837e-05
0.533105	0.000114222
0.564464	0.000157697
0.595823	0.000216013
0.627182	0.000293574
0.658541	0.000395857
0.6899	0.000529592
0.721259	0.000702953
0.752618	0.000925747
0.783977	0.0012096
0.815336	0.00156808
0.846696	0.00201688
0.878055	0.00257377
0.909414	0.00325867
0.940773	0.00409347
0.972132	0.00510179
1.00349	0.00630859
1.03485	0.00773964
1.06621	0.00942078
1.09757	0.0113771
1.12893	0.0136317
1.16029	0.0162049
1.19165	0.0191125
1.223	0.0223646
1.25436	0.0259644
1.28572	0.0299065
1.31708	0.0341761
1.34844	0.0387476
1.3798	0.0435846
1.41116	0.0486389
1.44252	0.053851
1.47388	0.0591506
1.50524	0.0644579
1.5366	0.0696851
1.56795	0.0747387
1.59931	0.0795218
1.63067	0.0839371
1.66203	0.0878902
1.69339	0.0912925
1.72475	0.0940643
1.75611	0.0961381
1.78747	0.0974605
1.81883	0.0979948
1.85019	0.097722
1.88155	0.0966417
1.9129	0.0947722
1.94426	0.0921494
1.97562	0.0888259
2.00698	0.085465
2.03834	0.0835547
2.0697	0.080992
2.10106	0.0778016
2.13242	0.0740213
2.16378	0.069701
2.19514	0.0649001
2.2265	0.0596845
2.25785	0.0541221
2.28921	0.0482768
2.32057	0.0422018
2.35193	0.035931
2.38329	0.0294684
2.41465	0.0227765
2.44601	0.0157612
2.47737	0.00825567
2.50873	7.45287e-13
