0	0
0.0313591	8.65949e-08
0.0627182	1.90254e-07
0.0940773	3.30813e-07
0.125436	5.33988e-07
0.156795	8.3517e-07
0.188155	1.2844e-06
0.219514	1.9531e-06
0.250873	2.94277e-06
0.282232	4.39689e-06
0.313591	6.51674e-06
0.34495	9.58213e-06
0.376309	1.39785e-05
0.407668	2.0232e-05
0.439027	2.90533e-05
0.470386	4.13936e-05
0.501746	5.85132e-05
0.533105	8.20645e-05
0.564464	0.000114193
0.595823	0.000157654
0.627182	0.000215949
0.658541	0.000293482
0.6899	0.000395723
0.721259	0.000529398
0.752618	0.000702676
0.783977	0.000925354
0.815336	0.00120904
0.846696	0.00156731
0.878055	0.0020158
0.909414	0.00257229
0.940773	0.00325666
0.972132	0.00409075
1.00349	0.00509813
1.03485	0.0063037
1.06621	0.00773318
1.09757	0.0094123
1.12893	0.011366
1.16029	0.0136175
1.19165	0.0161866
1.223	0.0190892
1.25436	0.0223353
1.28572	0.0259276
1.31708	0.0298608
1.34844	0.0341197
1.3798	0.0386786
1.41116	0.0435009
1.44252	0.048538
1.47388	0.0537303
1.50524	0.0590074
1.5366	0.0642894
1.56795	0.0694882
1.59931	0.0745104
1.63067	0.0792592
1.66203	0.0836372
1.69339	0.0875503
1.72475	0.0909101
1.75611	0.0936373
1.78747	0.0956646
1.81883	0.0969391
1.85019	0.0974246
1.88155	0.0971024
1.9129	0.0959727
1.94426	0.0940539
1.97562	0.0913823
2.00698	0.0886291
2.03834	0.0873489
2.0697	0.0853611
2.10106	0.0826736
2.13242	0.0793084
2.16378	0.075301
2.19514	0.0706981
2.2265	0.065555
2.25785	0.059931
2.28921	0.0538842
2.32057	0.0474634
2.35193	0.0406995
2.38329	0.0335947
2.41465	0.0261088
2.44601	0.0181447
2.47737	0.00953061
2.50873	7.45287e-13
