0	0
0.0313591	0.00863107
0.0627182	0.0170819
0.0940773	0.0251786
0.125436	0.0327593
0.156795	0.0396796
0.188155	0.0458171
0.219514	0.051075
0.250873	0.0553844
0.282232	0.0587051
0.313591	0.0610261
0.34495	0.062364
0.376309	0.0627606
0.407668	0.06228
0.439027	0.0610047
0.470386	0.0590313
0.501746	0.0564662
0.533105	0.0534208
0.564464	0.0500079
0.595823	0.0463371
0.627182	0.0425124
0.658541	0.0386285
0.6899	0.0347699
0.721259	0.0310087
0.752618	0.0274042
0.783977	0.0240031
0.815336	0.0208394
0.846696	0.0179357
0.878055	0.0153041
0.909414	0.0129476
0.940773	0.0108616
0.972132	0.00903542
1.00349	0.00745381
1.03485	0.00609826
1.06621	0.00494822
1.09757	0.00398223
1.12893	0.00317873
1.16029	0.00251676
1.19165	0.00197655
1.223	0.00153978
1.25436	0.00118988
1.28572	0.000912127
1.31708	0.000693616
1.34844	0.000523242
1.3798	0.000391572
1.41116	0.000290705
1.44252	0.000214107
1.47388	0.000156441
1.50524	0.000113401
1.5366	8.1551e-05
1.56795	5.8183e-05
1.59931	4.11831e-05
1.63067	2.89201e-05
1.66203	2.01484e-05
1.69339	1.39266e-05
1.72475	9.55027e-06
1.75611	6.49759e-06
1.78747	4.38589e-06
1.81883	2.93716e-06
1.85019	1.95138e-06
1.88155	1.28612e-06
1.9129	8.40782e-07
1.94426	5.44995e-07
1.97562	3.49964e-07
2.00698	2.2367e-07
2.03834	1.44359e-07
2.0697	9.17773e-08
2.10106	5.74338e-08
2.13242	3.53386e-08
2.16378	2.13453e-08
2.19514	1.26089e-08
2.2265	7.32599e-09
2.25785	4.2139e-09
2.28921	2.39938e-09
2.32057	1.35229e-09
2.35193	7.54094e-10
2.38329	4.15101e-10
2.41465	2.23627e-10
2.44601	1.14691e-10
2.47737	4.89548e-11
2.50873	7.45287e-13
