0	0
0.0313591	5.49871e-08
0.0627182	1.21229e-07
0.0940773	2.11893e-07
0.125436	3.44187e-07
0.156795	5.42068e-07
0.188155	8.39886e-07
0.219514	1.28701e-06
0.250873	1.95431e-06
0.282232	2.94293e-06
0.313591	4.3961e-06
0.34495	6.51488e-06
0.376309	9.57885e-06
0.407668	1.39733e-05
0.439027	2.02237e-05
0.470386	2.90406e-05
0.501746	4.13745e-05
0.533105	5.84844e-05
0.564464	8.20217e-05
0.595823	0.00011413
0.627182	0.000157561
0.658541	0.000215815
0.6899	0.000293288
0.721259	0.000395446
0.752618	0.000529005
0.783977	0.000702122
0.815336	0.000924581
0.846696	0.00120797
0.878055	0.00156583
0.909414	0.00201379
0.940773	0.00256957
0.972132	0.003253
1.00349	0.00408586
1.03485	0.00509167
1.06621	0.00629523
1.09757	0.00772213
1.12893	0.00939803
1.16029	0.0113477
1.19165	0.0135942
1.223	0.0161572
1.25436	0.0190524
1.28572	0.0222895
1.31708	0.0258712
1.34844	0.0297918
1.3798	0.0340359
1.41116	0.0385777
1.44252	0.0433802
1.47388	0.0483948
1.50524	0.0535618
1.5366	0.0588105
1.56795	0.0640611
1.59931	0.0692256
1.63067	0.0742105
1.66203	0.0789193
1.69339	0.0832548
1.72475	0.0871233
1.75611	0.0904366
1.78747	0.0931159
1.81883	0.0950943
1.85019	0.0963195
1.88155	0.0967555
1.9129	0.0963841
1.94426	0.0952055
1.97562	0.0932382
2.00698	0.0911548
2.03834	0.0905651
2.0697	0.0892259
2.10106	0.0871262
2.13242	0.0842695
2.16378	0.080673
2.19514	0.0763669
2.2265	0.0713911
2.25785	0.0657921
2.28921	0.0596168
2.32057	0.0529054
2.35193	0.045682
2.38329	0.0379435
2.41465	0.0296457
2.44601	0.020688
2.47737	0.0108956
2.50873	7.45287e-13
