0	0
0.0313591	3.4634e-08
0.0627182	7.66254e-08
0.0940773	1.34603e-07
0.125436	2.19972e-07
0.156795	3.48903e-07
0.188155	5.44679e-07
0.219514	8.41097e-07
0.250873	1.28718e-06
0.282232	1.95352e-06
0.313591	2.94107e-06
0.34495	4.39282e-06
0.376309	6.50958e-06
0.407668	9.5706e-06
0.439027	1.39606e-05
0.470386	2.02046e-05
0.501746	2.90119e-05
0.533105	4.13317e-05
0.564464	5.84213e-05
0.595823	8.19293e-05
0.627182	0.000113995
0.658541	0.000157368
0.6899	0.000215538
0.721259	0.000292895
0.752618	0.000394892
0.783977	0.000528232
0.815336	0.00070105
0.846696	0.000923105
0.878055	0.00120596
0.909414	0.00156311
0.940773	0.00201013
0.972132	0.00256469
1.00349	0.00324654
1.03485	0.00407738
1.06621	0.00508062
1.09757	0.00628096
1.12893	0.00770384
1.16029	0.00937476
1.19165	0.0113184
1.223	0.0135574
1.25436	0.0161115
1.28572	0.018996
1.31708	0.0222205
1.34844	0.0257874
1.3798	0.0296908
1.41116	0.0339152
1.44252	0.0384345
1.47388	0.0432116
1.50524	0.0481979
1.5366	0.0533335
1.56795	0.0585479
1.59931	0.0637612
1.63067	0.0688857
1.66203	0.0738282
1.69339	0.0784922
1.72475	0.0827813
1.75611	0.0866019
1.78747	0.0898663
1.81883	0.0924963
1.85019	0.0944253
1.88155	0.0956013
1.9129	0.0959884
1.94426	0.0955685
1.97562	0.0943416
2.00698	0.0929748
2.03834	0.093121
2.0697	0.0924911
2.10106	0.0910537
2.13242	0.0887912
2.16378	0.0856994
2.19514	0.0817878
2.2265	0.0770768
2.25785	0.0715947
2.28921	0.0653725
2.32057	0.0584365
2.35193	0.0507998
2.38329	0.0424503
2.41465	0.0333374
2.44601	0.0233568
2.47737	0.0123327
2.50873	7.45287e-13
