0	0
0.0313591	2.16383e-08
0.0627182	4.80081e-08
0.0940773	8.47051e-08
0.125436	1.39319e-07
0.156795	2.22584e-07
0.188155	3.50115e-07
0.219514	5.44844e-07
0.250873	8.40306e-07
0.282232	1.28531e-06
0.313591	1.95024e-06
0.34495	2.93577e-06
0.376309	4.38457e-06
0.407668	6.49693e-06
0.439027	9.55144e-06
0.470386	1.39319e-05
0.501746	2.01618e-05
0.533105	2.89488e-05
0.564464	4.12393e-05
0.595823	5.82869e-05
0.627182	8.17356e-05
0.658541	0.000113718
0.6899	0.000156975
0.721259	0.000214985
0.752618	0.000292121
0.783977	0.00039382
0.815336	0.000526757
0.846696	0.000699037
0.878055	0.000920379
0.909414	0.00120229
0.940773	0.00155822
0.972132	0.00200367
1.00349	0.00255621
1.03485	0.00323549
1.06621	0.00406311
1.09757	0.00506233
1.12893	0.00625768
1.16029	0.00767446
1.19165	0.00933796
1.223	0.0112726
1.25436	0.013501
1.28572	0.0160425
1.31708	0.0189122
1.34844	0.0221196
1.3798	0.0256667
1.41116	0.0295476
1.44252	0.0337466
1.47388	0.0382376
1.50524	0.0429834
1.5366	0.0479353
1.56795	0.0530336
1.59931	0.058208
1.63067	0.0633788
1.66203	0.0684587
1.69339	0.0733546
1.72475	0.0779708
1.75611	0.0822111
1.78747	0.0859823
1.81883	0.0891973
1.85019	0.091778
1.88155	0.0936581
1.9129	0.0947856
1.94426	0.0951244
1.97562	0.0946559
2.00698	0.0940357
2.03834	0.0949457
2.0697	0.0950699
2.10106	0.0943554
2.13242	0.0927614
2.16378	0.0902598
2.19514	0.0868358
2.2265	0.0824857
2.25785	0.0772151
2.28921	0.0710335
2.32057	0.0639485
2.35193	0.055957
2.38329	0.0470339
2.41465	0.03712
2.44601	0.0261063
2.47737	0.0138184
2.50873	7.45287e-13
