0	0
0.0313591	1.33741e-08
0.0627182	2.9718e-08
0.0940773	5.27243e-08
0.125436	8.73168e-08
0.156795	1.40531e-07
0.188155	2.22748e-07
0.219514	3.49323e-07
0.250873	5.42977e-07
0.282232	8.37028e-07
0.313591	1.28002e-06
0.34495	1.94199e-06
0.376309	2.92312e-06
0.407668	4.36542e-06
0.439027	6.46819e-06
0.470386	9.50867e-06
0.501746	1.38687e-05
0.533105	2.00694e-05
0.564464	2.88144e-05
0.595823	4.10456e-05
0.627182	5.80099e-05
0.658541	8.13425e-05
0.6899	0.000113165
0.721259	0.000156201
0.752618	0.000213912
0.783977	0.000290646
0.815336	0.000391807
0.846696	0.00052403
0.878055	0.000695373
0.909414	0.000915496
0.940773	0.00119583
0.972132	0.00154975
1.00349	0.00199262
1.03485	0.00254194
1.06621	0.0032172
1.09757	0.00403984
1.12893	0.00503295
1.16029	0.00622088
1.19165	0.00762873
1.223	0.00928156
1.25436	0.0112036
1.28572	0.0134172
1.31708	0.0159416
1.34844	0.0187916
1.3798	0.0219764
1.41116	0.0254982
1.44252	0.0293507
1.47388	0.0335184
1.50524	0.037975
1.5366	0.0426835
1.56795	0.0475954
1.59931	0.0526512
1.63067	0.0577809
1.66203	0.0629053
1.69339	0.0679373
1.72475	0.0727844
1.75611	0.0773512
1.78747	0.0815421
1.81883	0.085264
1.85019	0.0884302
1.88155	0.0909624
1.9129	0.0927942
1.94426	0.093873
1.97562	0.094162
2.00698	0.0942995
2.03834	0.0959823
2.0697	0.096887
2.10106	0.0969389
2.13242	0.0960727
2.16378	0.0942346
2.19514	0.0913822
2.2265	0.0874842
2.25785	0.0825185
2.28921	0.0764684
2.32057	0.0693174
2.35193	0.0610409
2.38329	0.0515972
2.41465	0.040915
2.44601	0.0288806
2.47737	0.0153228
2.50873	7.45287e-13
