0	0
0.0313591	8.07973e-09
0.0627182	1.80903e-08
0.0940773	3.23297e-08
0.125436	5.3936e-08
0.156795	8.74811e-08
0.188155	1.39739e-07
0.219514	2.20882e-07
0.250873	3.46045e-07
0.282232	5.37682e-07
0.313591	8.28776e-07
0.34495	1.26737e-06
0.376309	1.92283e-06
0.407668	2.89438e-06
0.439027	4.32265e-06
0.470386	6.40506e-06
0.501746	9.41622e-06
0.533105	1.37344e-05
0.564464	1.98757e-05
0.595823	2.85374e-05
0.627182	4.06525e-05
0.658541	5.74563e-05
0.6899	8.0569e-05
0.721259	0.000112093
0.752618	0.000154726
0.783977	0.000211899
0.815336	0.00028792
0.846696	0.000388144
0.878055	0.000519147
0.909414	0.000688913
0.940773	0.000907017
0.972132	0.00118479
1.00349	0.00153548
1.03485	0.00197433
1.06621	0.00251866
1.09757	0.00318782
1.12893	0.00400304
1.16029	0.00498721
1.19165	0.00616449
1.223	0.00755972
1.25436	0.00919777
1.28572	0.0111027
1.31708	0.0132965
1.34844	0.0157984
1.3798	0.018623
1.41116	0.0217795
1.44252	0.0252699
1.47388	0.0290881
1.50524	0.0332185
1.5366	0.0376351
1.56795	0.0423011
1.59931	0.0471683
1.63067	0.0521777
1.66203	0.0572595
1.69339	0.062335
1.72475	0.0673177
1.75611	0.0721154
1.78747	0.076633
1.81883	0.0807749
1.85019	0.0844484
1.88155	0.0875662
1.9129	0.0900498
1.94426	0.0918318
1.97562	0.0928583
2.00698	0.0937454
2.03834	0.0961896
2.0697	0.0978807
2.10106	0.0987226
2.13242	0.0986256
2.16378	0.0975083
2.19514	0.0952988
2.2265	0.0919348
2.25785	0.0873626
2.28921	0.0815348
2.32057	0.0744053
2.35193	0.065924
2.38329	0.0560278
2.41465	0.0446309
2.44601	0.0316135
2.47737	0.0168104
2.50873	7.45287e-13
