0	0
0.0313591	4.71618e-09
0.0627182	1.06915e-08
0.0940773	1.93019e-08
0.125436	3.2494e-08
0.156795	5.31446e-08
0.188155	8.56143e-08
0.219514	1.36461e-07
0.250873	2.15587e-07
0.282232	3.37793e-07
0.313591	5.25035e-07
0.34495	8.09622e-07
0.376309	1.23863e-06
0.407668	1.88006e-06
0.439027	2.83125e-06
0.470386	4.23019e-06
0.501746	6.27073e-06
0.533105	9.22256e-06
0.564464	1.34574e-05
0.595823	1.94826e-05
0.627182	2.79838e-05
0.658541	3.98789e-05
0.6899	5.6384e-05
0.721259	7.90939e-05
0.752618	0.000110079
0.783977	0.000152
0.815336	0.000208236
0.846696	0.000283037
0.878055	0.000381684
0.909414	0.000510668
0.940773	0.000677871
0.972132	0.000892748
1.00349	0.0011665
1.03485	0.0015122
1.06621	0.00194495
1.09757	0.00248186
1.12893	0.00314209
1.16029	0.00394664
1.19165	0.0049182
1.223	0.0060807
1.25436	0.00745877
1.28572	0.00907709
1.31708	0.0109595
1.34844	0.013128
1.3798	0.0156015
1.41116	0.0183947
1.44252	0.0215169
1.47388	0.02497
1.50524	0.0287482
1.5366	0.0328361
1.56795	0.037208
1.59931	0.0418275
1.63067	0.0466469
1.66203	0.0516075
1.69339	0.05664
1.72475	0.061666
1.75611	0.0665994
1.78747	0.0713482
1.81883	0.0758173
1.85019	0.0799109
1.88155	0.0835358
1.9129	0.0866038
1.94426	0.0890351
1.97562	0.0907606
2.00698	0.0923694
2.03834	0.0955429
2.0697	0.0980049
2.10106	0.099639
2.13242	0.100331
2.16378	0.099973
2.19514	0.098461
2.2265	0.0956997
2.25785	0.091601
2.28921	0.0860823
2.32057	0.0790644
2.35193	0.0704665
2.38329	0.0602007
2.41465	0.0481639
2.44601	0.0342297
2.47737	0.0182403
2.50873	7.45287e-13
