0	0
0.0313591	2.61174e-09
0.0627182	5.92786e-09
0.0940773	1.08557e-08
0.125436	1.85105e-08
0.156795	3.06271e-08
0.188155	4.98661e-08
0.219514	8.03201e-08
0.250873	1.28209e-07
0.282232	2.0294e-07
0.313591	3.18639e-07
0.34495	4.96293e-07
0.376309	7.66851e-07
0.407668	1.1755e-06
0.439027	1.78761e-06
0.470386	2.69692e-06
0.501746	4.03654e-06
0.533105	5.99372e-06
0.564464	8.82942e-06
0.595823	1.29038e-05
0.627182	1.87091e-05
0.658541	2.69115e-05
0.6899	3.84039e-05
0.721259	5.43708e-05
0.752618	7.63677e-05
0.783977	0.000106416
0.815336	0.000147116
0.846696	0.000201776
0.878055	0.000274558
0.909414	0.000370641
0.940773	0.000496399
0.972132	0.000659576
1.00349	0.000869473
1.03485	0.00113712
1.06621	0.0014754
1.09757	0.00189922
1.12893	0.00242547
1.16029	0.00307308
1.19165	0.00386285
1.223	0.00481725
1.25436	0.00596001
1.28572	0.00731559
1.31708	0.00890854
1.34844	0.0107626
1.3798	0.0128997
1.41116	0.0153388
1.44252	0.0180948
1.47388	0.021177
1.50524	0.0245876
1.5366	0.0283212
1.56795	0.0323626
1.59931	0.0366866
1.63067	0.0412573
1.66203	0.0460274
1.69339	0.0509384
1.72475	0.0559217
1.75611	0.0608989
1.78747	0.0657838
1.81883	0.0704843
1.85019	0.0749047
1.88155	0.0789485
1.9129	0.0825211
1.94426	0.0855326
1.97562	0.0879012
2.00698	0.0901848
2.03834	0.0940353
2.0697	0.0972305
2.10106	0.0996359
2.13242	0.101115
2.16378	0.101532
2.19514	0.100752
2.2265	0.0986452
2.25785	0.0950871
2.28921	0.0899573
2.32057	0.0831397
2.35193	0.0745196
2.38329	0.0639808
2.41465	0.0514006
2.44601	0.0366456
2.47737	0.0195672
2.50873	7.45287e-13
