0	0
0.0313591	1.21168e-09
0.0627182	2.77601e-09
0.0940773	5.13645e-09
0.125436	8.98888e-09
0.156795	1.52321e-08
0.188155	2.53329e-08
0.219514	4.16142e-08
0.250873	6.76725e-08
0.282232	1.09055e-07
0.313591	1.74198e-07
0.34495	2.75868e-07
0.376309	4.33163e-07
0.407668	6.74397e-07
0.439027	1.04116e-06
0.470386	1.59395e-06
0.501746	2.41991e-06
0.533105	3.6434e-06
0.564464	5.44011e-06
0.595823	8.05591e-06
0.627182	1.18314e-05
0.658541	1.7234e-05
0.6899	2.48983e-05
0.721259	3.56777e-05
0.752618	5.07078e-05
0.783977	7.14842e-05
0.815336	9.99562e-05
0.846696	0.000138637
0.878055	0.000190734
0.909414	0.000260289
0.940773	0.000352346
0.972132	0.000473125
1.00349	0.000630196
1.03485	0.000832675
1.06621	0.00109138
1.09757	0.00141901
1.12893	0.00183021
1.16029	0.00234168
1.19165	0.00297213
1.223	0.00374217
1.25436	0.00467408
1.28572	0.00579146
1.31708	0.00711869
1.34844	0.00868027
1.3798	0.0105
1.41116	0.0125998
1.44252	0.014999
1.47388	0.0177125
1.50524	0.0207499
1.5366	0.0241141
1.56795	0.0277998
1.59931	0.0317923
1.63067	0.0360671
1.66203	0.0405883
1.69339	0.0453091
1.72475	0.0501713
1.75611	0.055106
1.78747	0.0600349
1.81883	0.0648712
1.85019	0.0695218
1.88155	0.07389
1.9129	0.0778774
1.94426	0.0813872
1.97562	0.0843272
2.00698	0.0872211
2.03834	0.0916765
2.0697	0.0955457
2.10106	0.0986783
2.13242	0.100917
2.16378	0.102101
2.19514	0.102065
2.2265	0.100646
2.25785	0.0976793
2.28921	0.0930073
2.32057	0.0864745
2.35193	0.07793
2.38329	0.0672269
2.41465	0.0542215
2.44601	0.0387727
2.47737	0.0207425
2.50873	7.45287e-13
