0	0
0.0313591	1.64267e-10
0.0627182	4.20272e-10
0.0940773	9.09143e-10
0.125436	1.85803e-09
0.156795	3.69469e-09
0.188155	6.98015e-09
0.219514	1.26854e-08
0.250873	2.24603e-08
0.282232	3.8931e-08
0.313591	6.62839e-08
0.34495	1.11068e-07
0.376309	1.83414e-07
0.407668	2.9883e-07
0.439027	4.8074e-07
0.470386	7.64155e-07
0.501746	1.20081e-06
0.533105	1.8663e-06
0.564464	2.86988e-06
0.595823	4.36777e-06
0.627182	6.58087e-06
0.658541	9.81828e-06
0.6899	1.45078e-05
0.721259	2.12353e-05
0.752618	3.07942e-05
0.783977	4.42477e-05
0.815336	6.30052e-05
0.846696	8.89139e-05
0.878055	0.000124369
0.909414	0.000172439
0.940773	0.000237014
0.972132	0.000322967
1.00349	0.000436326
1.03485	0.000584463
1.06621	0.000776277
1.09757	0.00102237
1.12893	0.00133522
1.16029	0.00172926
1.19165	0.00222099
1.223	0.00282895
1.25436	0.00357362
1.28572	0.00447718
1.31708	0.00556319
1.34844	0.00685606
1.3798	0.00838037
1.41116	0.0101601
1.44252	0.0122174
1.47388	0.0145719
1.50524	0.0172389
1.5366	0.0202285
1.56795	0.0235439
1.59931	0.0271802
1.63067	0.0311233
1.66203	0.0353488
1.69339	0.0398211
1.72475	0.0444934
1.75611	0.0493073
1.78747	0.0541934
1.81883	0.0590725
1.85019	0.0638564
1.88155	0.0684507
1.9129	0.0727562
1.94426	0.0766719
1.97562	0.0800981
2.00698	0.0835219
2.03834	0.0884929
2.0697	0.0929561
2.10106	0.096749
2.13242	0.0996968
2.16378	0.101615
2.19514	0.102311
2.2265	0.101587
2.25785	0.099245
2.28921	0.095086
2.32057	0.0889153
2.35193	0.0805451
2.38329	0.0697967
2.41465	0.0565045
2.44601	0.0405196
2.47737	0.0217162
2.50873	7.45287e-13
