0	0
0.0313591	-7.91406e-10
0.0627182	-1.70259e-09
0.0940773	-2.85815e-09
0.125436	-4.38504e-09
0.156795	-6.39393e-09
0.188155	-8.95284e-09
0.219514	-1.21737e-08
0.250873	-1.60561e-08
0.282232	-2.0311e-08
0.313591	-2.4199e-08
0.34495	-2.617e-08
0.376309	-2.32647e-08
0.407668	-1.02424e-08
0.439027	2.18216e-08
0.470386	8.76015e-08
0.501746	2.10544e-07
0.533105	4.27298e-07
0.564464	7.93961e-07
0.595823	1.39485e-06
0.627182	2.35461e-06
0.658541	3.85467e-06
0.6899	6.15522e-06
0.721259	9.62426e-06
0.752618	1.47752e-05
0.783977	2.23152e-05
0.815336	3.32054e-05
0.846696	4.87363e-05
0.878055	7.0619e-05
0.909414	0.000101094
0.940773	0.000143059
0.972132	0.000200215
1.00349	0.000277233
1.03485	0.000379928
1.06621	0.000515453
1.09757	0.000692487
1.12893	0.000921422
1.16029	0.00121453
1.19165	0.00158608
1.223	0.00205244
1.25436	0.00263205
1.28572	0.00334535
1.31708	0.00421455
1.34844	0.0052633
1.3798	0.00651617
1.41116	0.00799799
1.44252	0.00973302
1.47388	0.0117439
1.50524	0.0140505
1.5366	0.0166687
1.56795	0.019609
1.59931	0.0228749
1.63067	0.0264619
1.66203	0.0303561
1.69339	0.0345331
1.72475	0.0389572
1.75611	0.0435808
1.78747	0.0483449
1.81883	0.0531787
1.85019	0.0580013
1.88155	0.0627226
1.9129	0.0672452
1.94426	0.071467
1.97562	0.0752834
2.00698	0.0791433
2.03834	0.0845251
2.0697	0.089484
2.10106	0.0938486
2.13242	0.0974302
2.16378	0.100025
2.19514	0.101414
2.2265	0.101373
2.25785	0.0996662
2.28921	0.0960588
2.32057	0.0903177
2.35193	0.0822185
2.38329	0.0715515
2.41465	0.0581294
2.44601	0.041796
2.47737	0.0224382
2.50873	7.45287e-13
