0	0
0.0313591	0.00942667
0.0627182	0.0186646
0.0940773	0.0275313
0.125436	0.0358563
0.156795	0.0434869
0.188155	0.0502922
0.219514	0.0561672
0.250873	0.0610353
0.282232	0.0648494
0.313591	0.067592
0.34495	0.0692746
0.376309	0.0699352
0.407668	0.0696358
0.439027	0.068458
0.470386	0.0664997
0.501746	0.0638702
0.533105	0.0606856
0.564464	0.0570647
0.595823	0.053125
0.627182	0.0489787
0.658541	0.0447302
0.6899	0.0404737
0.721259	0.0362911
0.752618	0.0322515
0.783977	0.0284107
0.815336	0.0248109
0.846696	0.0214822
0.878055	0.0184427
0.909414	0.0157005
0.940773	0.0132549
0.972132	0.0110977
1.00349	0.00921533
1.03485	0.00758973
1.06621	0.00620008
1.09757	0.00502385
1.12893	0.00403794
1.16029	0.00321942
1.19165	0.00254624
1.223	0.00199772
1.25436	0.00155486
1.28572	0.00120054
1.31708	0.000919591
1.34844	0.000698802
1.3798	0.000526816
1.41116	0.000394015
1.44252	0.000292361
1.47388	0.00021522
1.50524	0.000157183
1.5366	0.000113892
1.56795	8.18731e-05
1.59931	5.83926e-05
1.63067	4.13183e-05
1.66203	2.90067e-05
1.69339	2.02034e-05
1.72475	1.39613e-05
1.75611	9.57191e-06
1.78747	6.51097e-06
1.81883	4.39397e-06
1.85019	2.94187e-06
1.88155	1.95399e-06
1.9129	1.28733e-06
1.94426	8.40946e-07
1.97562	5.44203e-07
2.00698	3.50544e-07
2.03834	2.28043e-07
2.0697	1.46164e-07
2.10106	9.22333e-08
2.13242	5.72473e-08
2.16378	3.49161e-08
2.19514	2.08791e-08
2.2265	1.22028e-08
2.25785	7.01797e-09
2.28921	3.99355e-09
2.32057	2.24816e-09
2.35193	1.25119e-09
2.38329	6.86744e-10
2.41465	3.6905e-10
2.44601	1.88949e-10
2.47737	8.04145e-11
2.50873	7.45287e-13
