0	0
0.0313591	-1.86686e-09
0.0627182	-4.06983e-09
0.0940773	-6.99678e-09
0.125436	-1.11101e-08
0.156795	-1.70326e-08
0.188155	-2.55478e-08
0.219514	-3.76944e-08
0.250873	-5.4945e-08
0.282232	-7.91861e-08
0.313591	-1.12765e-07
0.34495	-1.58532e-07
0.376309	-2.19826e-07
0.407668	-3.00274e-07
0.439027	-4.03381e-07
0.470386	-5.3179e-07
0.501746	-6.85914e-07
0.533105	-8.61796e-07
0.564464	-1.04774e-06
0.595823	-1.2192e-06
0.627182	-1.33135e-06
0.658541	-1.30845e-06
0.6899	-1.02889e-06
0.721259	-3.04832e-07
0.752618	1.14526e-06
0.783977	3.73285e-06
0.815336	8.04629e-06
0.846696	1.49105e-05
0.878055	2.54618e-05
0.909414	4.12392e-05
0.940773	6.42952e-05
0.972132	9.73252e-05
1.00349	0.000143818
1.03485	0.000208223
1.06621	0.000296138
1.09757	0.000414502
1.12893	0.000571799
1.16029	0.000778249
1.19165	0.00104598
1.223	0.00138918
1.25436	0.00182417
1.28572	0.00236942
1.31708	0.00304545
1.34844	0.00387466
1.3798	0.00488091
1.41116	0.00608912
1.44252	0.00752446
1.47388	0.00921162
1.50524	0.0111737
1.5366	0.0134309
1.56795	0.0159997
1.59931	0.0188907
1.63067	0.0221077
1.66203	0.0256463
1.69339	0.0294922
1.72475	0.0336205
1.75611	0.0379947
1.78747	0.0425661
1.81883	0.0472737
1.85019	0.0520449
1.88155	0.0567959
1.9129	0.0614335
1.94426	0.0658568
1.97562	0.0699596
2.00698	0.074151
2.03834	0.0798264
2.0697	0.0851666
2.10106	0.0899952
2.13242	0.0941134
2.16378	0.0973022
2.19514	0.0993238
2.2265	0.0999255
2.25785	0.0988434
2.28921	0.0958082
2.32057	0.0905519
2.35193	0.0828163
2.38329	0.0723626
2.41465	0.0589833
2.44601	0.0425161
2.47737	0.022861
2.50873	7.45287e-13
