0	0
0.0313591	-3.27842e-09
0.0627182	-7.16105e-09
0.0940773	-1.23218e-08
0.125436	-1.96443e-08
0.156795	-3.0264e-08
0.188155	-4.57741e-08
0.219514	-6.83191e-08
0.250873	-1.00824e-07
0.282232	-1.47399e-07
0.313591	-2.13519e-07
0.34495	-3.06421e-07
0.376309	-4.35541e-07
0.407668	-6.12965e-07
0.439027	-8.53885e-07
0.470386	-1.1769e-06
0.501746	-1.60413e-06
0.533105	-2.16095e-06
0.564464	-2.87496e-06
0.595823	-3.77394e-06
0.627182	-4.88226e-06
0.658541	-6.21491e-06
0.6899	-7.7685e-06
0.721259	-9.50789e-06
0.752618	-1.13472e-05
0.783977	-1.31236e-05
0.815336	-1.4562e-05
0.846696	-1.52283e-05
0.878055	-1.44693e-05
0.909414	-1.1337e-05
0.940773	-4.49449e-06
0.972132	7.89741e-06
1.00349	2.8315e-05
1.03485	6.00274e-05
1.06621	0.000107273
1.09757	0.000175451
1.12893	0.000271329
1.16029	0.000403253
1.19165	0.000581351
1.223	0.000817714
1.25436	0.00112655
1.28572	0.00152428
1.31708	0.00202953
1.34844	0.00266307
1.3798	0.0034476
1.41116	0.00440738
1.44252	0.00556772
1.47388	0.00695424
1.50524	0.00859205
1.5366	0.0105046
1.56795	0.0127127
1.59931	0.0152325
1.63067	0.018075
1.66203	0.0212437
1.69339	0.0247337
1.72475	0.0285298
1.75611	0.0326058
1.78747	0.0369236
1.81883	0.0414323
1.85019	0.0460683
1.88155	0.0507557
1.9129	0.0554074
1.94426	0.0599261
1.97562	0.0642066
2.00698	0.0686176
2.03834	0.07446
2.0697	0.0800543
2.10106	0.0852226
2.13242	0.0897611
2.16378	0.0934405
2.19514	0.0960081
2.2265	0.0971908
2.25785	0.0967002
2.28921	0.0942389
2.32057	0.089509
2.35193	0.082223
2.38329	0.0721169
2.41465	0.0589657
2.44601	0.0426029
2.47737	0.0229416
2.50873	7.45287e-13
