0	0
0.0313591	-5.29418e-09
0.0627182	-1.15304e-08
0.0940773	-1.98086e-08
0.125436	-3.14757e-08
0.156795	-4.83858e-08
0.188155	-7.30352e-08
0.219514	-1.08904e-07
0.250873	-1.60773e-07
0.282232	-2.35157e-07
0.313591	-3.41055e-07
0.34495	-4.90528e-07
0.376309	-6.9956e-07
0.407668	-9.89152e-07
0.439027	-1.38648e-06
0.470386	-1.92622e-06
0.501746	-2.65193e-06
0.533105	-3.61729e-06
0.564464	-4.88715e-06
0.595823	-6.53801e-06
0.627182	-8.6575e-06
0.658541	-1.13423e-05
0.6899	-1.46939e-05
0.721259	-1.88109e-05
0.752618	-2.37768e-05
0.783977	-2.9642e-05
0.815336	-3.63982e-05
0.846696	-4.39418e-05
0.878055	-5.2027e-05
0.909414	-6.0203e-05
0.940773	-6.77348e-05
0.972132	-7.35047e-05
1.00349	-7.58928e-05
1.03485	-7.26352e-05
1.06621	-6.06597e-05
1.09757	-3.59006e-05
1.12893	6.90472e-06
1.16029	7.44308e-05
1.19165	0.000174985
1.223	0.000318717
1.25436	0.000517817
1.28572	0.000786657
1.31708	0.00114189
1.34844	0.00160248
1.3798	0.00218954
1.41116	0.0029262
1.44252	0.00383716
1.47388	0.00494815
1.50524	0.00628521
1.5366	0.00787376
1.56795	0.00973748
1.59931	0.011897
1.63067	0.0143686
1.66203	0.0171624
1.69339	0.0202813
1.72475	0.0237189
1.75611	0.0274586
1.78747	0.031472
1.81883	0.0357181
1.85019	0.0401431
1.88155	0.0446798
1.9129	0.0492484
1.94426	0.0537573
1.97562	0.0581049
2.00698	0.0626189
2.03834	0.0684963
2.0697	0.0742082
2.10106	0.0795795
2.13242	0.0844058
2.16378	0.0884532
2.19514	0.09146
2.2265	0.09314
2.25785	0.093187
2.28921	0.0912827
2.32057	0.0871063
2.35193	0.0803475
2.38329	0.0707226
2.41465	0.0579937
2.44601	0.041992
2.47737	0.0226438
2.50873	7.45287e-13
