0	0
0.0313591	-8.25196e-09
0.0627182	-1.79417e-08
0.0940773	-3.06843e-08
0.125436	-4.85501e-08
0.156795	-7.42469e-08
0.188155	-1.11516e-07
0.219514	-1.65489e-07
0.250873	-2.43237e-07
0.282232	-3.54429e-07
0.313591	-5.12166e-07
0.34495	-7.34194e-07
0.376309	-1.04414e-06
0.407668	-1.47308e-06
0.439027	-2.06149e-06
0.470386	-2.86152e-06
0.501746	-3.93938e-06
0.533105	-5.37813e-06
0.564464	-7.28035e-06
0.595823	-9.77071e-06
0.627182	-1.29981e-05
0.658541	-1.71365e-05
0.6899	-2.23847e-05
0.721259	-2.89628e-05
0.752618	-3.71057e-05
0.783977	-4.70513e-05
0.815336	-5.90218e-05
0.846696	-7.31969e-05
0.878055	-8.96755e-05
0.909414	-0.000108425
0.940773	-0.000129213
0.972132	-0.000151525
1.00349	-0.000174455
1.03485	-0.00019658
1.06621	-0.000215808
1.09757	-0.000229206
1.12893	-0.000232799
1.16029	-0.000221364
1.19165	-0.000188202
1.223	-0.000124913
1.25436	-2.11766e-05
1.28572	0.000135434
1.31708	0.000359606
1.34844	0.000668365
1.3798	0.00108108
1.41116	0.00161932
1.44252	0.00230664
1.47388	0.00316814
1.50524	0.00422986
1.5366	0.00551805
1.56795	0.00705812
1.59931	0.00887352
1.63067	0.0109844
1.66203	0.0134061
1.69339	0.0161477
1.72475	0.0192102
1.75611	0.0225851
1.78747	0.0262532
1.81883	0.0301828
1.85019	0.0343297
1.88155	0.0386358
1.9129	0.0430297
1.94426	0.0474272
1.97562	0.0517323
2.00698	0.0562319
2.03834	0.06201
2.0697	0.0676977
2.10106	0.0731266
2.13242	0.0780964
2.16378	0.0823745
2.19514	0.0856971
2.2265	0.087772
2.25785	0.0882839
2.28921	0.0869022
2.32057	0.0832919
2.35193	0.0771282
2.38329	0.068115
2.41465	0.0560069
2.44601	0.0406357
2.47737	0.0219405
2.50873	7.45287e-13
