0	0
0.0313591	-1.26475e-08
0.0627182	-2.74058e-08
0.0940773	-4.66832e-08
0.125436	-7.34555e-08
0.156795	-1.1168e-07
0.188155	-1.66701e-07
0.219514	-2.45849e-07
0.250873	-3.59146e-07
0.282232	-5.20246e-07
0.313591	-7.47568e-07
0.34495	-1.06578e-06
0.376309	-1.50771e-06
0.407668	-2.11648e-06
0.439027	-2.94811e-06
0.470386	-4.07465e-06
0.501746	-5.58772e-06
0.533105	-7.60244e-06
0.564464	-1.02617e-05
0.595823	-1.37404e-05
0.627182	-1.82497e-05
0.658541	-2.40404e-05
0.6899	-3.14054e-05
0.721259	-4.06795e-05
0.752618	-5.22373e-05
0.783977	-6.64855e-05
0.815336	-8.385e-05
0.846696	-0.000104756
0.878055	-0.000129595
0.909414	-0.000158686
0.940773	-0.000192215
0.972132	-0.000230163
1.00349	-0.000272212
1.03485	-0.000317628
1.06621	-0.000365126
1.09757	-0.000412707
1.12893	-0.000457475
1.16029	-0.000495432
1.19165	-0.000521261
1.223	-0.000528096
1.25436	-0.000507295
1.28572	-0.000448228
1.31708	-0.000338095
1.34844	-0.000161794
1.3798	9.81416e-05
1.41116	0.000461512
1.44252	0.000950295
1.47388	0.00158835
1.50524	0.00240097
1.5366	0.00341422
1.56795	0.0046541
1.59931	0.00614552
1.63067	0.00791109
1.66203	0.00996969
1.69339	0.012335
1.72475	0.0150139
1.75611	0.0180047
1.78747	0.021296
1.81883	0.0248647
1.85019	0.0286755
1.88155	0.0326796
1.9129	0.0368146
1.94426	0.0410047
1.97562	0.0451615
2.00698	0.0495311
2.03834	0.0550771
2.0697	0.0605979
2.10106	0.0659349
2.13242	0.0708969
2.16378	0.0752585
2.19514	0.0787606
2.2265	0.0811139
2.25785	0.0820027
2.28921	0.0810942
2.32057	0.0780492
2.35193	0.0725382
2.38329	0.0642612
2.41465	0.0529718
2.44601	0.0385062
2.47737	0.0208154
2.50873	7.45287e-13
