0	0
0.0313591	-1.91539e-08
0.0627182	-4.13891e-08
0.0940773	-7.01771e-08
0.125436	-1.09813e-07
0.156795	-1.65909e-07
0.188155	-2.46013e-07
0.219514	-3.60357e-07
0.250873	-5.22858e-07
0.282232	-7.52284e-07
0.313591	-1.07386e-06
0.34495	-1.52108e-06
0.376309	-2.13812e-06
0.407668	-2.98275e-06
0.439027	-4.12964e-06
0.470386	-5.67431e-06
0.501746	-7.73771e-06
0.533105	-1.04713e-05
0.564464	-1.40625e-05
0.595823	-1.87407e-05
0.627182	-2.47828e-05
0.658541	-3.25186e-05
0.6899	-4.23353e-05
0.721259	-5.46799e-05
0.752618	-7.00593e-05
0.783977	-8.90361e-05
0.815336	-0.000112219
0.846696	-0.000140248
0.878055	-0.000173766
0.909414	-0.000213385
0.940773	-0.000259636
0.972132	-0.000312902
1.00349	-0.000373337
1.03485	-0.000440758
1.06621	-0.000514526
1.09757	-0.000593395
1.12893	-0.00067534
1.16029	-0.000757372
1.19165	-0.000835326
1.223	-0.000903644
1.25436	-0.000955147
1.28572	-0.000980824
1.31708	-0.000969628
1.34844	-0.000908319
1.3798	-0.000781358
1.41116	-0.000570882
1.44252	-0.000256775
1.47388	0.00018313
1.50524	0.000772708
1.5366	0.00153702
1.56795	0.00250162
1.59931	0.00369166
1.63067	0.0051308
1.66203	0.00683995
1.69339	0.00883585
1.72475	0.0111295
1.75611	0.0137247
1.78747	0.0166162
1.81883	0.0197886
1.85019	0.0232146
1.88155	0.0268543
1.9129	0.0306546
1.94426	0.0345489
1.97562	0.0384577
2.00698	0.0425867
2.03834	0.0477729
2.0697	0.0529867
2.10106	0.0580831
2.13242	0.0628841
2.16378	0.0671772
2.19514	0.0707158
2.2265	0.0732214
2.25785	0.0743882
2.28921	0.0738916
2.32057	0.0713994
2.35193	0.066588
2.38329	0.0591632
2.41465	0.0488852
2.44601	0.0355984
2.47737	0.0192649
2.50873	7.45287e-13
