0	0
0.0313591	-2.87415e-08
0.0627182	-6.19251e-08
0.0940773	-1.04519e-07
0.125436	-1.62631e-07
0.156795	-2.44146e-07
0.188155	-3.59566e-07
0.219514	-5.23022e-07
0.250873	-7.53496e-07
0.282232	-1.07647e-06
0.313591	-1.5258e-06
0.34495	-2.1462e-06
0.376309	-2.99612e-06
0.407668	-4.15128e-06
0.439027	-5.70894e-06
0.470386	-7.7927e-06
0.501746	-1.05579e-05
0.533105	-1.41978e-05
0.564464	-1.89503e-05
0.595823	-2.51049e-05
0.627182	-3.30096e-05
0.658541	-4.30776e-05
0.6899	-5.57931e-05
0.721259	-7.17151e-05
0.752618	-9.14786e-05
0.783977	-0.000115793
0.815336	-0.000145434
0.846696	-0.000181229
0.878055	-0.000224038
0.909414	-0.000274716
0.940773	-0.000334072
0.972132	-0.000402809
1.00349	-0.000481448
1.03485	-0.000570235
1.06621	-0.000669027
1.09757	-0.00077716
1.12893	-0.000893292
1.16029	-0.00101523
1.19165	-0.00113975
1.223	-0.00126238
1.25436	-0.00137717
1.28572	-0.00147655
1.31708	-0.00155105
1.34844	-0.00158919
1.3798	-0.00157734
1.41116	-0.00149964
1.44252	-0.00133805
1.47388	-0.00107242
1.50524	-0.000680823
1.5366	-0.000139891
1.56795	0.000574582
1.59931	0.0014869
1.63067	0.00262052
1.66203	0.00399696
1.69339	0.00563449
1.72475	0.0075467
1.75611	0.00974107
1.78747	0.0122173
1.81883	0.0149661
1.85019	0.0179674
1.88155	0.0211896
1.9129	0.0245886
1.94426	0.0281075
1.97562	0.0316768
2.00698	0.0354625
2.03834	0.0401691
2.0697	0.044943
2.10106	0.0496554
2.13242	0.0541455
2.16378	0.0582195
2.19514	0.06165
2.2265	0.0641782
2.25785	0.0655182
2.28921	0.0653643
2.32057	0.0634029
2.35193	0.0593278
2.38329	0.0528607
2.41465	0.0437763
2.44601	0.0319315
2.47737	0.0172986
2.50873	7.45287e-13
