0	0
0.0313591	-4.27713e-08
0.0627182	-9.18715e-08
0.0940773	-1.54379e-07
0.125436	-2.38852e-07
0.156795	-3.56287e-07
0.188155	-5.21155e-07
0.219514	-7.52705e-07
0.250873	-1.07663e-06
0.282232	-1.52701e-06
0.313591	-2.14881e-06
0.34495	-3.00084e-06
0.376309	-4.15936e-06
0.407668	-5.72232e-06
0.439027	-7.81434e-06
0.470386	-1.05925e-05
0.501746	-1.42528e-05
0.533105	-1.90369e-05
0.564464	-2.52401e-05
0.595823	-3.32191e-05
0.627182	-4.33997e-05
0.658541	-5.62841e-05
0.6899	-7.24574e-05
0.721259	-9.25919e-05
0.752618	-0.000117449
0.783977	-0.000147876
0.815336	-0.000184803
0.846696	-0.000229224
0.878055	-0.00028218
0.909414	-0.000344725
0.940773	-0.000417889
0.972132	-0.000502618
1.00349	-0.000599707
1.03485	-0.000709717
1.06621	-0.000832868
1.09757	-0.000968924
1.12893	-0.00111705
1.16029	-0.00127567
1.19165	-0.00144229
1.223	-0.00161328
1.25436	-0.00178378
1.28572	-0.0019474
1.31708	-0.00209611
1.34844	-0.00222007
1.3798	-0.00230748
1.41116	-0.00234451
1.44252	-0.00231529
1.47388	-0.002202
1.50524	-0.00198502
1.5366	-0.00164326
1.56795	-0.00115461
1.59931	-0.000496552
1.63067	0.000353064
1.66203	0.00141506
1.69339	0.00270781
1.72475	0.00424603
1.75611	0.00603934
1.78747	0.00809094
1.81883	0.0103962
1.85019	0.0129412
1.88155	0.0157017
1.9129	0.0186426
1.94426	0.0217165
1.97562	0.0248648
2.00698	0.0282142
2.03834	0.0323327
2.0697	0.0365446
2.10106	0.0407393
2.13242	0.0447773
2.16378	0.0484883
2.19514	0.0516711
2.2265	0.0540946
2.25785	0.0555023
2.28921	0.0556185
2.32057	0.0541596
2.35193	0.050848
2.38329	0.0454318
2.41465	0.037708
2.44601	0.0275504
2.47737	0.0149405
2.50873	7.45287e-13
