0	0
0.0313591	-6.313e-08
0.0627182	-1.35225e-07
0.0940773	-2.26204e-07
0.125436	-3.48035e-07
0.156795	-5.15861e-07
0.188155	-7.49426e-07
0.219514	-1.07477e-06
0.250873	-1.52622e-06
0.282232	-2.14897e-06
0.313591	-3.00205e-06
0.34495	-4.16197e-06
0.376309	-5.72703e-06
0.407668	-7.82241e-06
0.439027	-1.06059e-05
0.470386	-1.42744e-05
0.501746	-1.90715e-05
0.533105	-2.52951e-05
0.564464	-3.33057e-05
0.595823	-4.3535e-05
0.627182	-5.64937e-05
0.658541	-7.27795e-05
0.6899	-9.30828e-05
0.721259	-0.000118191
0.752618	-0.00014899
0.783977	-0.000186459
0.815336	-0.000231667
0.846696	-0.000285753
0.878055	-0.000349911
0.909414	-0.000425353
0.940773	-0.000513271
0.972132	-0.000614787
1.00349	-0.000730887
1.03485	-0.000862341
1.06621	-0.00100961
1.09757	-0.00117276
1.12893	-0.00135131
1.16029	-0.0015441
1.19165	-0.0017492
1.223	-0.00196369
1.25436	-0.00218351
1.28572	-0.00240334
1.31708	-0.00261642
1.34844	-0.0028144
1.3798	-0.00298724
1.41116	-0.00312312
1.44252	-0.00320846
1.47388	-0.00322789
1.50524	-0.00316444
1.5366	-0.00299974
1.56795	-0.0027144
1.59931	-0.00228845
1.63067	-0.00170202
1.66203	-0.000936086
1.69339	2.65983e-05
1.72475	0.00120045
1.75611	0.0025959
1.78747	0.00421816
1.81883	0.00606599
1.85019	0.0081305
1.88155	0.0103941
1.9129	0.0128296
1.94426	0.0153998
1.97562	0.0180569
2.00698	0.0208893
2.03834	0.0243249
2.0697	0.0278666
2.10106	0.0314241
2.13242	0.0348824
2.16378	0.0380992
2.19514	0.0409053
2.2265	0.0431051
2.25785	0.0444802
2.28921	0.0447953
2.32057	0.0438072
2.35193	0.041278
2.38329	0.0369918
2.41465	0.0307758
2.44601	0.0225247
2.47737	0.0122283
2.50873	7.45287e-13
