0	0
0.0313591	-9.2454e-08
0.0627182	-1.97463e-07
0.0940773	-3.28882e-07
0.125436	-5.03213e-07
0.156795	-7.41174e-07
0.188155	-1.06947e-06
0.219514	-1.52294e-06
0.250873	-2.14711e-06
0.282232	-3.00126e-06
0.313591	-4.16213e-06
0.34495	-5.72825e-06
0.376309	-7.82503e-06
0.407668	-1.06106e-05
0.439027	-1.42825e-05
0.470386	-1.90849e-05
0.501746	-2.53167e-05
0.533105	-3.33404e-05
0.564464	-4.359e-05
0.595823	-5.65803e-05
0.627182	-7.29148e-05
0.658541	-9.32924e-05
0.6899	-0.000118513
0.721259	-0.000149481
0.752618	-0.000187201
0.783977	-0.00023278
0.815336	-0.000287409
0.846696	-0.000352354
0.878055	-0.000428927
0.909414	-0.000518457
0.940773	-0.000622251
0.972132	-0.00074154
1.00349	-0.000877421
1.03485	-0.00103078
1.06621	-0.00120223
1.09757	-0.001392
1.12893	-0.00159981
1.16029	-0.00182484
1.19165	-0.0020655
1.223	-0.00231943
1.25436	-0.00258325
1.28572	-0.00285253
1.31708	-0.00312163
1.34844	-0.00338358
1.3798	-0.00363004
1.41116	-0.00385119
1.44252	-0.00403572
1.47388	-0.0041709
1.50524	-0.00424261
1.5366	-0.00423557
1.56795	-0.00413358
1.59931	-0.00391986
1.63067	-0.0035776
1.66203	-0.00309048
1.69339	-0.00244345
1.72475	-0.00162353
1.75611	-0.000620729
1.78747	0.000570944
1.81883	0.00195249
1.85019	0.00351893
1.88155	0.00525838
1.9129	0.00715132
1.94426	0.00917006
1.97562	0.0112785
2.00698	0.0135267
2.03834	0.0162003
2.0697	0.0189807
2.10106	0.0217997
2.13242	0.0245687
2.16378	0.0271778
2.19514	0.0294945
2.2265	0.0313655
2.25785	0.0326184
2.28921	0.0330669
2.32057	0.032518
2.35193	0.0307831
2.38329	0.027691
2.41465	0.0231061
2.44601	0.0169476
2.47737	0.00921278
2.50873	7.45287e-13
