0	0
0.0313591	0.0100335
0.0627182	0.019876
0.0940773	0.0293423
0.125436	0.0382589
0.156795	0.046469
0.188155	0.053837
0.219514	0.0602525
0.250873	0.0656322
0.282232	0.0699222
0.313591	0.0730978
0.34495	0.0751632
0.376309	0.0761498
0.407668	0.0761133
0.439027	0.0751308
0.470386	0.0732969
0.501746	0.0707192
0.533105	0.0675141
0.564464	0.0638027
0.595823	0.0597063
0.627182	0.0553428
0.658541	0.0508238
0.6899	0.0462514
0.721259	0.0417165
0.752618	0.0372975
0.783977	0.0330594
0.815336	0.0290534
0.846696	0.0253178
0.878055	0.0218785
0.909414	0.0187499
0.940773	0.0159366
0.972132	0.0134348
1.00349	0.0112336
1.03485	0.00931715
1.06621	0.00766537
1.09757	0.00625578
1.12893	0.00506454
1.16029	0.00406741
1.19165	0.00324059
1.223	0.00256132
1.25436	0.00200837
1.28572	0.00156232
1.31708	0.00120572
1.34844	0.000923164
1.3798	0.000701245
1.41116	0.000528471
1.44252	0.000395128
1.47388	0.000293103
1.50524	0.000215711
1.5366	0.000157505
1.56795	0.000114101
1.59931	8.20084e-05
1.63067	5.84792e-05
1.66203	4.13733e-05
1.69339	2.90413e-05
1.72475	2.02251e-05
1.75611	1.39746e-05
1.78747	9.57999e-06
1.81883	6.51568e-06
1.85019	4.39658e-06
1.88155	2.94308e-06
1.9129	1.95416e-06
1.94426	1.28654e-06
1.97562	8.39079e-07
2.00698	5.44728e-07
2.03834	3.57201e-07
2.0697	2.3081e-07
2.10106	1.46852e-07
2.13242	9.19325e-08
2.16378	5.65631e-08
2.19514	3.41762e-08
2.2265	2.02149e-08
2.25785	1.16828e-08
2.28921	6.64641e-09
2.32057	3.73852e-09
2.35193	2.07756e-09
2.38329	1.13823e-09
2.41465	6.10623e-10
2.44601	3.11905e-10
2.47737	1.32496e-10
2.50873	7.45287e-13
