0	0
0.0313591	-1.34333e-07
0.0627182	-2.8611e-07
0.0940773	-4.74472e-07
0.125436	-7.2202e-07
0.156795	-1.05682e-06
0.188155	-1.51469e-06
0.219514	-2.14181e-06
0.250873	-2.99798e-06
0.282232	-4.16027e-06
0.313591	-5.72745e-06
0.34495	-7.82519e-06
0.376309	-1.06118e-05
0.407668	-1.42851e-05
0.439027	-1.90896e-05
0.470386	-2.53248e-05
0.501746	-3.33537e-05
0.533105	-4.36116e-05
0.564464	-5.66149e-05
0.595823	-7.29697e-05
0.627182	-9.3379e-05
0.658541	-0.000118648
0.6899	-0.00014969
0.721259	-0.000187523
0.752618	-0.000233271
0.783977	-0.000288152
0.815336	-0.000353467
0.846696	-0.000430582
0.878055	-0.0005209
0.909414	-0.000625825
0.940773	-0.000746726
0.972132	-0.000884884
1.00349	-0.00104144
1.03485	-0.00121731
1.06621	-0.00141317
1.09757	-0.00162929
1.12893	-0.00186553
1.16029	-0.00212121
1.19165	-0.00239506
1.223	-0.00268507
1.25436	-0.00298845
1.28572	-0.00330154
1.31708	-0.0036197
1.34844	-0.00393727
1.3798	-0.00424754
1.41116	-0.00454264
1.44252	-0.00481363
1.47388	-0.00505044
1.50524	-0.00524203
1.5366	-0.00537645
1.56795	-0.00544104
1.59931	-0.00542273
1.63067	-0.00530832
1.66203	-0.00508496
1.69339	-0.0047406
1.72475	-0.00426463
1.75611	-0.00364848
1.78747	-0.0028864
1.81883	-0.00197611
1.85019	-0.000919628
1.88155	0.000276151
1.9129	0.00159882
1.94426	0.00303004
1.97562	0.00454535
2.00698	0.00615718
2.03834	0.00800735
2.0697	0.00995513
2.10106	0.0119551
2.13242	0.0139476
2.16378	0.0158575
2.19514	0.0175937
2.2265	0.0190499
2.25785	0.0201063
2.28921	0.0206327
2.32057	0.0204946
2.35193	0.01956
2.38329	0.0177103
2.41465	0.0148522
2.44601	0.0109329
2.47737	0.00595626
2.50873	7.45287e-13
