0	0
0.0313591	-1.93656e-07
0.0627182	-4.11342e-07
0.0940773	-6.79249e-07
0.125436	-1.02808e-06
0.156795	-1.49554e-06
0.188155	-2.12916e-06
0.219514	-2.98973e-06
0.250873	-4.15497e-06
0.282232	-5.72418e-06
0.313591	-7.82332e-06
0.34495	-1.0611e-05
0.376309	-1.42852e-05
0.407668	-1.90908e-05
0.439027	-2.53274e-05
0.470386	-3.33585e-05
0.501746	-4.36197e-05
0.533105	-5.66283e-05
0.564464	-7.29914e-05
0.595823	-9.34137e-05
0.627182	-0.000118703
0.658541	-0.000149777
0.6899	-0.000187659
0.721259	-0.00023348
0.752618	-0.000288474
0.783977	-0.000353958
0.815336	-0.000431325
0.846696	-0.000522013
0.878055	-0.000627481
0.909414	-0.000749169
0.940773	-0.000888458
0.972132	-0.00104662
1.00349	-0.00122478
1.03485	-0.00142382
1.06621	-0.00164437
1.09757	-0.0018867
1.12893	-0.00215069
1.16029	-0.00243575
1.19165	-0.00274078
1.223	-0.00306408
1.25436	-0.00340336
1.28572	-0.00375562
1.31708	-0.00411718
1.34844	-0.00448365
1.3798	-0.00484987
1.41116	-0.00520998
1.44252	-0.00555736
1.47388	-0.00588476
1.50524	-0.00618428
1.5366	-0.0064475
1.56795	-0.0066656
1.59931	-0.0068295
1.63067	-0.00693009
1.66203	-0.00695845
1.69339	-0.00690614
1.72475	-0.00676556
1.75611	-0.0065303
1.78747	-0.00619554
1.81883	-0.00575852
1.85019	-0.00521889
1.88155	-0.0045792
1.9129	-0.00384513
1.94426	-0.00302589
1.97562	-0.00213426
2.00698	-0.001195
2.03834	-0.000210803
2.0697	0.000854325
2.10106	0.00197861
2.13242	0.00313242
2.16378	0.00427764
2.19514	0.00536736
2.2265	0.00634619
2.25785	0.00715123
2.28921	0.00771404
2.32057	0.00796369
2.35193	0.0078312
2.38329	0.00725529
2.41465	0.00618964
2.44601	0.00461138
2.47737	0.00253058
2.50873	7.45287e-13
