0	0
0.0313591	-2.77009e-07
0.0627182	-5.86795e-07
0.0940773	-9.64953e-07
0.125436	-1.45276e-06
0.156795	-2.10042e-06
0.188155	-2.97057e-06
0.219514	-4.14232e-06
0.250873	-5.71592e-06
0.282232	-7.81803e-06
0.313591	-1.06077e-05
0.34495	-1.42834e-05
0.376309	-1.909e-05
0.407668	-2.53276e-05
0.439027	-3.33597e-05
0.470386	-4.36223e-05
0.501746	-5.6633e-05
0.533105	-7.29995e-05
0.564464	-9.3427e-05
0.595823	-0.000118725
0.627182	-0.000149811
0.658541	-0.000187714
0.6899	-0.000233567
0.721259	-0.000288609
0.752618	-0.000354168
0.783977	-0.000431647
0.815336	-0.000522504
0.846696	-0.000628223
0.878055	-0.000750282
0.909414	-0.000890114
0.940773	-0.00104907
0.972132	-0.00122835
1.00349	-0.00142901
1.03485	-0.00165183
1.06621	-0.00189735
1.09757	-0.00216577
1.12893	-0.00245692
1.16029	-0.00277025
1.19165	-0.00310477
1.223	-0.00345906
1.25436	-0.00383125
1.28572	-0.004219
1.31708	-0.00461957
1.34844	-0.00502978
1.3798	-0.00544609
1.41116	-0.00586459
1.44252	-0.00628111
1.47388	-0.0066912
1.50524	-0.00709023
1.5366	-0.00747343
1.56795	-0.00783596
1.59931	-0.00817296
1.63067	-0.00847962
1.66203	-0.00875127
1.69339	-0.0089834
1.72475	-0.00917181
1.75611	-0.00931262
1.78747	-0.00940242
1.81883	-0.00943832
1.85019	-0.00941808
1.88155	-0.00934018
1.9129	-0.0092039
1.94426	-0.00900943
1.97562	-0.0087579
2.00698	-0.00851085
2.03834	-0.0084154
2.0697	-0.00826011
2.10106	-0.0080428
2.13242	-0.00776232
2.16378	-0.00741868
2.19514	-0.00701308
2.2265	-0.0065479
2.25785	-0.00602648
2.28921	-0.00545273
2.32057	-0.00483052
2.35193	-0.00416278
2.38329	-0.00345025
2.41465	-0.00269003
2.44601	-0.00187375
2.47737	-0.000985554
2.50873	7.45287e-13
