0	0
0.0313591	-3.93139e-07
0.0627182	-8.3062e-07
0.0940773	-1.36031e-06
0.125436	-2.03729e-06
0.156795	-2.9278e-06
0.188155	-4.11358e-06
0.219514	-5.69677e-06
0.250873	-7.80538e-06
0.282232	-1.05995e-05
0.313591	-1.42781e-05
0.34495	-1.90867e-05
0.376309	-2.53257e-05
0.407668	-3.33589e-05
0.439027	-4.36225e-05
0.470386	-5.66342e-05
0.501746	-7.30021e-05
0.533105	-9.34317e-05
0.564464	-0.000118733
0.595823	-0.000149825
0.627182	-0.000187735
0.658541	-0.000233602
0.6899	-0.000288664
0.721259	-0.000354254
0.752618	-0.000431782
0.783977	-0.000522713
0.815336	-0.000628545
0.846696	-0.000750773
0.878055	-0.000890856
0.909414	-0.00105018
0.940773	-0.00123001
0.972132	-0.00143145
1.00349	-0.0016554
1.03485	-0.00190253
1.06621	-0.00217323
1.09757	-0.00246757
1.12893	-0.00278533
1.16029	-0.00312594
1.19165	-0.00348854
1.223	-0.00387194
1.25436	-0.00427471
1.28572	-0.0046952
1.31708	-0.0051316
1.34844	-0.00558201
1.3798	-0.0060445
1.41116	-0.00651722
1.44252	-0.00699843
1.47388	-0.00748658
1.50524	-0.00798035
1.5366	-0.00847869
1.56795	-0.00898079
1.59931	-0.00948608
1.63067	-0.00999414
1.66203	-0.0105046
1.69339	-0.0110169
1.72475	-0.0115305
1.75611	-0.0120439
1.78747	-0.0125554
1.81883	-0.013062
1.85019	-0.0135596
1.88155	-0.0140428
1.9129	-0.0145045
1.94426	-0.0149359
1.97562	-0.0153266
2.00698	-0.0157745
2.03834	-0.0165703
2.0697	-0.0173285
2.10106	-0.018023
2.13242	-0.0186218
2.16378	-0.0190867
2.19514	-0.0193729
2.2265	-0.0194294
2.25785	-0.0191997
2.28921	-0.0186226
2.32057	-0.0176343
2.35193	-0.016171
2.38329	-0.0141726
2.41465	-0.0115863
2.44601	-0.0083725
2.47737	-0.00450957
2.50873	7.45287e-13
