0	0
0.0313591	-5.53611e-07
0.0627182	-1.16665e-06
0.0940773	-1.90296e-06
0.125436	-2.83535e-06
0.156795	-4.05045e-06
0.188155	-5.654e-06
0.219514	-7.77664e-06
0.250873	-1.05803e-05
0.282232	-1.42654e-05
0.313591	-1.90785e-05
0.34495	-2.53204e-05
0.376309	-3.33556e-05
0.407668	-4.36206e-05
0.439027	-5.66334e-05
0.470386	-7.30022e-05
0.501746	-9.3433e-05
0.533105	-0.000118736
0.564464	-0.00014983
0.595823	-0.000187743
0.627182	-0.000233615
0.658541	-0.000288686
0.6899	-0.000354289
0.721259	-0.000431837
0.752618	-0.0005228
0.783977	-0.00062868
0.815336	-0.000750982
0.846696	-0.000891178
0.878055	-0.00105067
0.909414	-0.00123075
0.940773	-0.00143256
0.972132	-0.00165706
1.00349	-0.00190498
1.03485	-0.0021768
1.06621	-0.00247276
1.09757	-0.00279279
1.12893	-0.0031366
1.16029	-0.00350362
1.19165	-0.00389311
1.223	-0.00430418
1.25436	-0.00473589
1.28572	-0.00518731
1.31708	-0.00565764
1.34844	-0.00614632
1.3798	-0.00665314
1.41116	-0.00717834
1.44252	-0.00772269
1.47388	-0.00828758
1.50524	-0.00887504
1.5366	-0.00948771
1.56795	-0.0101288
1.59931	-0.010802
1.63067	-0.011511
1.66203	-0.0122598
1.69339	-0.0130516
1.72475	-0.0138891
1.75611	-0.0147732
1.78747	-0.0157035
1.81883	-0.0166767
1.85019	-0.0176867
1.88155	-0.0187239
1.9129	-0.0197748
1.94426	-0.0208216
1.97562	-0.0218424
2.00698	-0.022971
2.03834	-0.0246403
2.0697	-0.0262921
2.10106	-0.0278767
2.13242	-0.0293318
2.16378	-0.0305817
2.19514	-0.0315371
2.2265	-0.0320949
2.25785	-0.0321404
2.28921	-0.0315492
2.32057	-0.0301922
2.35193	-0.027941
2.38329	-0.0246762
2.41465	-0.0202971
2.44601	-0.0147336
2.47737	-0.00795819
2.50873	7.45287e-13
