0	0
0.0313591	-7.73515e-07
0.0627182	-1.62595e-06
0.0940773	-2.64169e-06
0.125436	-3.91612e-06
0.156795	-5.56155e-06
0.188155	-7.71351e-06
0.219514	-1.05376e-05
0.250873	-1.42367e-05
0.282232	-1.90593e-05
0.313591	-2.53078e-05
0.34495	-3.33473e-05
0.376309	-4.36153e-05
0.407668	-5.66302e-05
0.439027	-7.30004e-05
0.470386	-9.34322e-05
0.501746	-0.000118736
0.533105	-0.000149831
0.564464	-0.000187746
0.595823	-0.00023362
0.627182	-0.000288694
0.658541	-0.000354302
0.6899	-0.000431859
0.721259	-0.000522835
0.752618	-0.000628735
0.783977	-0.000751069
0.815336	-0.000891314
0.846696	-0.00105088
0.878055	-0.00123107
0.909414	-0.00143305
0.940773	-0.0016578
0.972132	-0.00190609
1.00349	-0.00217846
1.03485	-0.0024752
1.06621	-0.00279637
1.09757	-0.00314178
1.12893	-0.00351108
1.16029	-0.00390376
1.19165	-0.00431926
1.223	-0.00475706
1.25436	-0.00521678
1.28572	-0.00569833
1.31708	-0.00620203
1.34844	-0.00672877
1.3798	-0.00728016
1.41116	-0.00785861
1.44252	-0.00846749
1.47388	-0.00911115
1.50524	-0.00979494
1.5366	-0.0105252
1.56795	-0.0113089
1.59931	-0.0121538
1.63067	-0.0130676
1.66203	-0.0140581
1.69339	-0.0151319
1.72475	-0.0162944
1.75611	-0.0175486
1.78747	-0.0188945
1.81883	-0.0203282
1.85019	-0.021841
1.88155	-0.0234187
1.9129	-0.0250411
1.94426	-0.0266812
1.97562	-0.0283057
2.00698	-0.0300842
2.03834	-0.0325893
2.0697	-0.0350917
2.10106	-0.0375186
2.13242	-0.0397789
2.16378	-0.0417613
2.19514	-0.0433339
2.2265	-0.0443452
2.25785	-0.0446257
2.28921	-0.0439926
2.32057	-0.0422557
2.35193	-0.039227
2.38329	-0.0347323
2.41465	-0.0286264
2.44601	-0.0208102
2.47737	-0.0112507
2.50873	7.45287e-13
