0	0
0.0313591	-1.07234e-06
0.0627182	-2.24855e-06
0.0940773	-3.63911e-06
0.125436	-5.36789e-06
0.156795	-7.57918e-06
0.188155	-1.04451e-05
0.219514	-1.41736e-05
0.250873	-1.90166e-05
0.282232	-2.52791e-05
0.313591	-3.33282e-05
0.34495	-4.36026e-05
0.376309	-5.66219e-05
0.407668	-7.29951e-05
0.439027	-9.34289e-05
0.470386	-0.000118734
0.501746	-0.00014983
0.533105	-0.000187746
0.564464	-0.000233621
0.595823	-0.000288696
0.627182	-0.000354307
0.658541	-0.000431867
0.6899	-0.000522848
0.721259	-0.000628757
0.752618	-0.000751104
0.783977	-0.000891369
0.815336	-0.00105097
0.846696	-0.00123121
0.878055	-0.00143326
0.909414	-0.00165812
0.940773	-0.00190658
0.972132	-0.0021792
1.00349	-0.00247631
1.03485	-0.00279802
1.06621	-0.00314422
1.09757	-0.00351465
1.12893	-0.00390895
1.16029	-0.00432673
1.19165	-0.00476771
1.223	-0.00523186
1.25436	-0.0057195
1.28572	-0.0062315
1.31708	-0.00676946
1.34844	-0.00733586
1.3798	-0.00793424
1.41116	-0.00856931
1.44252	-0.00924707
1.47388	-0.00997485
1.50524	-0.0107613
1.5366	-0.0116161
1.56795	-0.0125501
1.59931	-0.0135746
1.63067	-0.0147008
1.66203	-0.0159398
1.69339	-0.0173009
1.72475	-0.0187915
1.75611	-0.0204157
1.78747	-0.0221733
1.81883	-0.0240588
1.85019	-0.0260602
1.88155	-0.0281581
1.9129	-0.0303251
1.94426	-0.0325251
1.97562	-0.0347131
2.00698	-0.0370946
2.03834	-0.0403787
2.0697	-0.0436665
2.10106	-0.0468638
2.13242	-0.0498519
2.16378	-0.0524867
2.19514	-0.0545979
2.2265	-0.0559897
2.25785	-0.0564441
2.28921	-0.0557258
2.32057	-0.053591
2.35193	-0.0497989
2.38329	-0.0441272
2.41465	-0.0363911
2.44601	-0.026466
2.47737	-0.0143119
2.50873	7.45287e-13
