0	0
0.0313591	-1.47504e-06
0.0627182	-3.0855e-06
0.0940773	-4.97475e-06
0.125436	-7.30217e-06
0.156795	-1.02514e-05
0.188155	-1.40392e-05
0.219514	-1.89241e-05
0.250873	-2.52159e-05
0.282232	-3.32854e-05
0.313591	-4.35739e-05
0.34495	-5.66027e-05
0.376309	-7.29824e-05
0.407668	-9.34206e-05
0.439027	-0.000118729
0.470386	-0.000149827
0.501746	-0.000187744
0.533105	-0.00023362
0.564464	-0.000288696
0.595823	-0.000354308
0.627182	-0.000431869
0.658541	-0.000522853
0.6899	-0.000628765
0.721259	-0.000751117
0.752618	-0.00089139
0.783977	-0.001051
0.815336	-0.00123126
0.846696	-0.00143335
0.878055	-0.00165826
0.909414	-0.00190679
0.940773	-0.00217952
0.972132	-0.00247681
1.00349	-0.00279877
1.03485	-0.00314534
1.06621	-0.00351631
1.09757	-0.00391139
1.12893	-0.0043303
1.16029	-0.0047729
1.19165	-0.00523932
1.223	-0.00573015
1.25436	-0.00624658
1.28572	-0.00679063
1.31708	-0.00736534
1.34844	-0.00797493
1.3798	-0.00862501
1.41116	-0.0093227
1.44252	-0.0100767
1.47388	-0.0108972
1.50524	-0.011796
1.5366	-0.0127862
1.56795	-0.0138818
1.59931	-0.0150972
1.63067	-0.0164467
1.66203	-0.0179436
1.69339	-0.0195993
1.72475	-0.0214222
1.75611	-0.0234162
1.78747	-0.02558
1.81883	-0.0279053
1.85019	-0.030376
1.88155	-0.0329667
1.9129	-0.0356422
1.94426	-0.038357
1.97562	-0.041055
2.00698	-0.0439773
2.03834	-0.0479655
2.0697	-0.0519537
2.10106	-0.055827
2.13242	-0.059442
2.16378	-0.0626254
2.19514	-0.065173
2.2265	-0.0668512
2.25785	-0.0674004
2.28921	-0.0665416
2.32057	-0.0639861
2.35193	-0.0594495
2.38329	-0.0526695
2.41465	-0.0434283
2.44601	-0.0315793
2.47737	-0.0170753
2.50873	7.45287e-13
