0	0
0.0313591	-2.01316e-06
0.0627182	-4.20124e-06
0.0940773	-6.74856e-06
0.125436	-9.85831e-06
0.156795	-1.37622e-05
0.188155	-1.87304e-05
0.219514	-2.50816e-05
0.250873	-3.3193e-05
0.282232	-4.35108e-05
0.313591	-5.656e-05
0.34495	-7.29537e-05
0.376309	-9.34015e-05
0.407668	-0.000118716
0.439027	-0.000149818
0.470386	-0.000187739
0.501746	-0.000233617
0.533105	-0.000288695
0.564464	-0.000354307
0.595823	-0.00043187
0.627182	-0.000522854
0.658541	-0.000628768
0.6899	-0.000751122
0.721259	-0.000891398
0.752618	-0.00105101
0.783977	-0.00123128
0.815336	-0.00143338
0.846696	-0.00165831
0.878055	-0.00190688
0.909414	-0.00217966
0.940773	-0.00247701
0.972132	-0.00279909
1.00349	-0.00314583
1.03485	-0.00351705
1.06621	-0.0039125
1.09757	-0.00433196
1.12893	-0.00477534
1.16029	-0.0052429
1.19165	-0.00573534
1.223	-0.00625405
1.25436	-0.00680129
1.28572	-0.00738042
1.31708	-0.0079961
1.34844	-0.00865449
1.3798	-0.00936339
1.41116	-0.0101324
1.44252	-0.0109728
1.47388	-0.0118978
1.50524	-0.0129221
1.5366	-0.0140617
1.56795	-0.0153333
1.59931	-0.0167539
1.63067	-0.01834
1.66203	-0.0201062
1.69339	-0.0220649
1.72475	-0.024224
1.75611	-0.0265865
1.78747	-0.0291482
1.81883	-0.0318972
1.85019	-0.0348118
1.88155	-0.03786
1.9129	-0.0409985
1.94426	-0.0441721
1.97562	-0.0473142
2.00698	-0.050701
2.03834	-0.0553022
2.0697	-0.0598875
2.10106	-0.0643232
2.13242	-0.0684445
2.16378	-0.0720528
2.19514	-0.0749159
2.2265	-0.0767696
2.25785	-0.0773215
2.28921	-0.0762585
2.32057	-0.0732576
2.35193	-0.0680011
2.38329	-0.0601963
2.41465	-0.0496004
2.44601	-0.0360482
2.47737	-0.0194852
2.50873	7.45287e-13
