0	0
0.0313591	-2.7262e-06
0.0627182	-5.67622e-06
0.0940773	-9.08479e-06
0.125436	-1.32086e-05
0.156795	-1.83373e-05
0.188155	-2.48046e-05
0.219514	-3.29993e-05
0.250873	-4.33764e-05
0.282232	-5.64675e-05
0.313591	-7.28906e-05
0.34495	-9.33587e-05
0.376309	-0.000118687
0.407668	-0.000149799
0.439027	-0.000187726
0.470386	-0.000233609
0.501746	-0.000288689
0.533105	-0.000354304
0.564464	-0.000431868
0.595823	-0.000522853
0.627182	-0.000628768
0.658541	-0.000751123
0.6899	-0.000891401
0.721259	-0.00105102
0.752618	-0.00123129
0.783977	-0.0014334
0.815336	-0.00165834
0.846696	-0.00190691
0.878055	-0.00217971
0.909414	-0.0024771
0.940773	-0.00279922
0.972132	-0.00314604
1.00349	-0.00351737
1.03485	-0.00391299
1.06621	-0.0043327
1.09757	-0.00477646
1.12893	-0.00524455
1.16029	-0.00573778
1.19165	-0.00625762
1.223	-0.00680647
1.25436	-0.00738788
1.28572	-0.00800675
1.31708	-0.00866957
1.34844	-0.00938456
1.3798	-0.0101619
1.41116	-0.0110135
1.44252	-0.0119536
1.47388	-0.0129978
1.50524	-0.0141635
1.5366	-0.0154692
1.56795	-0.0169338
1.59931	-0.0185761
1.63067	-0.0204135
1.66203	-0.0224612
1.69339	-0.024731
1.72475	-0.0272292
1.75611	-0.029956
1.78747	-0.0329036
1.81883	-0.0360547
1.85019	-0.0393812
1.88155	-0.0428436
1.9129	-0.0463899
1.94426	-0.0499557
1.97562	-0.0534641
2.00698	-0.0572267
2.03834	-0.0623355
2.0697	-0.0673993
2.10106	-0.0722684
2.13242	-0.0767595
2.16378	-0.080654
2.19514	-0.0836984
2.2265	-0.0856056
2.25785	-0.0860602
2.28921	-0.0847254
2.32057	-0.0812555
2.35193	-0.0753108
2.38329	-0.0665789
2.41465	-0.0547993
2.44601	-0.0397935
2.47737	-0.0214982
2.50873	7.45287e-13
