0	0
0.0313591	0.0104494
0.0627182	0.0207113
0.0940773	0.0306036
0.125436	0.0399549
0.156795	0.048609
0.188155	0.0564292
0.219514	0.063302
0.250873	0.0691393
0.282232	0.0738807
0.313591	0.0774934
0.34495	0.079973
0.376309	0.0813412
0.407668	0.0816448
0.439027	0.0809521
0.470386	0.0793502
0.501746	0.0769408
0.533105	0.0738362
0.564464	0.0701556
0.595823	0.0660205
0.627182	0.0615514
0.658541	0.056864
0.6899	0.0520667
0.721259	0.0472578
0.752618	0.0425244
0.783977	0.0379403
0.815336	0.0335663
0.846696	0.0294497
0.878055	0.0256251
0.909414	0.0221146
0.940773	0.0189298
0.972132	0.0160725
1.00349	0.0135366
1.03485	0.0113093
1.06621	0.00937286
1.09757	0.00770606
1.12893	0.00628526
1.16029	0.00508571
1.19165	0.00408249
1.223	0.00325124
1.25436	0.00256878
1.28572	0.00201356
1.31708	0.00156589
1.34844	0.00120816
1.3798	0.00092482
1.41116	0.000702358
1.44252	0.000529214
1.47388	0.000395619
1.50524	0.000293425
1.5366	0.000215921
1.56795	0.000157641
1.59931	0.000114188
1.63067	8.20633e-05
1.66203	5.85138e-05
1.69339	4.1395e-05
1.72475	2.90547e-05
1.75611	2.02331e-05
1.78747	1.39794e-05
1.81883	9.5826e-06
1.85019	6.51689e-06
1.88155	4.39674e-06
1.9129	2.94229e-06
1.94426	1.95229e-06
1.97562	1.28326e-06
2.00698	8.39648e-07
2.03834	5.54995e-07
2.0697	3.61527e-07
2.10106	2.3193e-07
2.13242	1.4641e-07
2.16378	9.08775e-08
2.19514	5.53947e-08
2.2265	3.31319e-08
2.25785	1.93675e-08
2.28921	1.10613e-08
2.32057	6.21935e-09
2.35193	3.45313e-09
2.38329	1.88963e-09
2.41465	1.01209e-09
2.44601	5.15951e-10
2.47737	2.18877e-10
2.50873	7.45287e-13
