0	0
0.0313591	-3.66306e-06
0.0627182	-7.60976e-06
0.0940773	-1.21363e-05
0.125436	-1.75638e-05
0.156795	-2.4251e-05
0.188155	-3.26062e-05
0.219514	-4.30994e-05
0.250873	-5.62739e-05
0.282232	-7.27562e-05
0.313591	-9.32663e-05
0.34495	-0.000118624
0.376309	-0.000149757
0.407668	-0.000187698
0.439027	-0.00023359
0.470386	-0.000288677
0.501746	-0.000354296
0.533105	-0.000431862
0.564464	-0.00052285
0.595823	-0.000628766
0.627182	-0.000751122
0.658541	-0.000891401
0.6899	-0.00105102
0.721259	-0.00123129
0.752618	-0.0014334
0.783977	-0.00165834
0.815336	-0.00190693
0.846696	-0.00217974
0.878055	-0.00247714
0.909414	-0.00279928
0.940773	-0.00314613
0.972132	-0.00351751
1.00349	-0.0039132
1.03485	-0.00433302
1.06621	-0.00477695
1.09757	-0.0052453
1.12893	-0.00573889
1.16029	-0.00625927
1.19165	-0.00680891
1.223	-0.00739145
1.25436	-0.00801194
1.28572	-0.00867703
1.31708	-0.00939521
1.34844	-0.0101769
1.3798	-0.0110347
1.41116	-0.011983
1.44252	-0.0130385
1.47388	-0.0142192
1.50524	-0.0155448
1.5366	-0.0170356
1.56795	-0.018712
1.59931	-0.0205934
1.63067	-0.0226974
1.66203	-0.0250382
1.69339	-0.0276255
1.72475	-0.030463
1.75611	-0.0335464
1.78747	-0.0368625
1.81883	-0.0403877
1.85019	-0.0440865
1.88155	-0.0479111
1.9129	-0.0518008
1.94426	-0.0556819
1.97562	-0.0594687
2.00698	-0.0635077
2.03834	-0.0690065
2.0697	-0.0744185
2.10106	-0.0795802
2.13242	-0.084294
2.16378	-0.0883267
2.19514	-0.0914104
2.2265	-0.0932439
2.25785	-0.0934985
2.28921	-0.0918253
2.32057	-0.0878672
2.35193	-0.0812745
2.38329	-0.0717251
2.41465	-0.0589497
2.44601	-0.0427608
2.47737	-0.0230853
2.50873	7.45287e-13
