0	0
0.0313591	-4.88356e-06
0.0627182	-1.01231e-05
0.0940773	-1.60888e-05
0.125436	-2.31786e-05
0.156795	-3.18327e-05
0.188155	-4.25458e-05
0.219514	-5.58807e-05
0.250873	-7.24792e-05
0.282232	-9.30726e-05
0.313591	-0.00011849
0.34495	-0.000149664
0.376309	-0.000187634
0.407668	-0.000233547
0.439027	-0.000288648
0.470386	-0.000354277
0.501746	-0.00043185
0.533105	-0.000522842
0.564464	-0.000628761
0.595823	-0.000751119
0.627182	-0.000891399
0.658541	-0.00105102
0.6899	-0.0012313
0.721259	-0.0014334
0.752618	-0.00165835
0.783977	-0.00190693
0.815336	-0.00217974
0.846696	-0.00247715
0.878055	-0.0027993
0.909414	-0.00314616
0.940773	-0.00351756
0.972132	-0.00391329
1.00349	-0.00433316
1.03485	-0.00477716
1.06621	-0.00524562
1.09757	-0.00573938
1.12893	-0.00626002
1.16029	-0.00681003
1.19165	-0.00739311
1.223	-0.00801438
1.25436	-0.0086806
1.28572	-0.0094004
1.31708	-0.0101844
1.34844	-0.0110453
1.3798	-0.0119981
1.41116	-0.0130596
1.44252	-0.0142487
1.47388	-0.0155855
1.50524	-0.0170913
1.5366	-0.0187876
1.56795	-0.0206952
1.59931	-0.0228333
1.63067	-0.0252181
1.66203	-0.0278616
1.69339	-0.0307702
1.72475	-0.0339427
1.75611	-0.0373694
1.78747	-0.0410304
1.81883	-0.0448943
1.85019	-0.0489176
1.88155	-0.0530437
1.9129	-0.0572031
1.94426	-0.0613138
1.97562	-0.0652821
2.00698	-0.0694895
2.03834	-0.0752519
2.0697	-0.0808733
2.10106	-0.0861797
2.13242	-0.0909634
2.16378	-0.0949826
2.19514	-0.097962
2.2265	-0.0995954
2.25785	-0.0995506
2.28921	-0.0974777
2.32057	-0.0930198
2.35193	-0.0858282
2.38329	-0.0755819
2.41465	-0.0620103
2.44601	-0.0449211
2.47737	-0.0242312
2.50873	7.45287e-13
