0	0
0.0313591	-6.46005e-06
0.0627182	-1.33626e-05
0.0940773	-2.11655e-05
0.125436	-3.03576e-05
0.156795	-4.14735e-05
0.188155	-5.51072e-05
0.219514	-7.19256e-05
0.250873	-9.26795e-05
0.282232	-0.000118213
0.313591	-0.00014947
0.34495	-0.0001875
0.376309	-0.000233454
0.407668	-0.000288585
0.439027	-0.000354234
0.470386	-0.000431821
0.501746	-0.000522823
0.533105	-0.000628748
0.564464	-0.000751111
0.595823	-0.000891394
0.627182	-0.00105102
0.658541	-0.00123129
0.6899	-0.0014334
0.721259	-0.00165835
0.752618	-0.00190693
0.783977	-0.00217975
0.815336	-0.00247715
0.846696	-0.00279931
0.878055	-0.00314617
0.909414	-0.00351759
0.940773	-0.00391332
0.972132	-0.00433321
1.00349	-0.00477724
1.03485	-0.00524575
1.06621	-0.00573959
1.09757	-0.00626034
1.12893	-0.00681052
1.16029	-0.00739385
1.19165	-0.00801549
1.223	-0.00868226
1.25436	-0.00940284
1.28572	-0.010188
1.31708	-0.0110505
1.34844	-0.0120056
1.3798	-0.0130703
1.41116	-0.0142638
1.44252	-0.0156067
1.47388	-0.0171208
1.50524	-0.0188283
1.5366	-0.0207509
1.56795	-0.0229089
1.59931	-0.0253199
1.63067	-0.0279976
1.66203	-0.0309501
1.69339	-0.0341788
1.72475	-0.0376766
1.75611	-0.0414267
1.78747	-0.0454012
1.81883	-0.0495603
1.85019	-0.0538515
1.88155	-0.0582096
1.9129	-0.0625567
1.94426	-0.0668033
1.97562	-0.0708494
2.00698	-0.0751114
2.03834	-0.0810047
2.0697	-0.0866923
2.10106	-0.0919929
2.13242	-0.0966935
2.16378	-0.100549
2.19514	-0.103286
2.2265	-0.104599
2.25785	-0.104164
2.28921	-0.10164
2.32057	-0.0966804
2.35193	-0.0889491
2.38329	-0.0781349
2.41465	-0.0639734
2.44601	-0.0462714
2.47737	-0.024935
2.50873	7.45287e-13
