0	0
0.0313591	-8.479e-06
0.0627182	-1.75024e-05
0.0940773	-2.76314e-05
0.125436	-3.94603e-05
0.156795	-5.36322e-05
0.188155	-7.08533e-05
0.219514	-9.19059e-05
0.250873	-0.000117659
0.282232	-0.000149077
0.313591	-0.000187223
0.34495	-0.000233261
0.376309	-0.00028845
0.407668	-0.000354141
0.439027	-0.000431758
0.470386	-0.00052278
0.501746	-0.000628719
0.533105	-0.000751091
0.564464	-0.000891381
0.595823	-0.00105101
0.627182	-0.00123129
0.658541	-0.0014334
0.6899	-0.00165834
0.721259	-0.00190693
0.752618	-0.00217975
0.783977	-0.00247716
0.815336	-0.00279931
0.846696	-0.00314618
0.878055	-0.00351759
0.909414	-0.00391334
0.940773	-0.00433323
0.972132	-0.00477728
1.00349	-0.00524581
1.03485	-0.00573968
1.06621	-0.00626047
1.09757	-0.00681073
1.12893	-0.00739418
1.16029	-0.00801599
1.19165	-0.008683
1.223	-0.00940395
1.25436	-0.0101896
1.28572	-0.011053
1.31708	-0.0120091
1.34844	-0.0130755
1.3798	-0.0142712
1.41116	-0.0156174
1.44252	-0.0171359
1.47388	-0.0188495
1.50524	-0.0207804
1.5366	-0.0229496
1.56795	-0.0253756
1.59931	-0.0280732
1.63067	-0.0310519
1.66203	-0.0343147
1.69339	-0.0378565
1.72475	-0.0416628
1.75611	-0.0457085
1.78747	-0.0499567
1.81883	-0.0543584
1.85019	-0.0588523
1.88155	-0.0633645
1.9129	-0.0678097
1.94426	-0.0720923
1.97562	-0.0761082
2.00698	-0.0803077
2.03834	-0.0861966
2.0697	-0.0918067
2.10106	-0.0969531
2.13242	-0.101422
2.16378	-0.104973
2.19514	-0.107337
2.2265	-0.108223
2.25785	-0.10732
2.28921	-0.104306
2.32057	-0.0988556
2.35193	-0.0906536
2.38329	-0.0794068
2.41465	-0.0648633
2.44601	-0.0468325
2.47737	-0.0252092
2.50873	7.45287e-13
