0	0
0.0313591	-1.10424e-05
0.0627182	-2.27479e-05
0.0940773	-3.57973e-05
0.125436	-5.0906e-05
0.156795	-6.88401e-05
0.188155	-9.04309e-05
0.219514	-0.000116587
0.250873	-0.000148304
0.282232	-0.00018667
0.313591	-0.000232868
0.34495	-0.000288173
0.376309	-0.000353948
0.407668	-0.000431623
0.439027	-0.000522687
0.470386	-0.000628656
0.501746	-0.000751049
0.533105	-0.000891352
0.564464	-0.00105099
0.595823	-0.00123128
0.627182	-0.00143339
0.658541	-0.00165834
0.6899	-0.00190693
0.721259	-0.00217974
0.752618	-0.00247715
0.783977	-0.00279931
0.815336	-0.00314618
0.846696	-0.0035176
0.878055	-0.00391334
0.909414	-0.00433324
0.940773	-0.00477729
0.972132	-0.00524583
1.00349	-0.00573972
1.03485	-0.00626053
1.06621	-0.00681081
1.09757	-0.00739431
1.12893	-0.0080162
1.16029	-0.00868333
1.19165	-0.00940445
1.223	-0.0101904
1.25436	-0.0110541
1.28572	-0.0120108
1.31708	-0.0130779
1.34844	-0.0142748
1.3798	-0.0156225
1.41116	-0.0171434
1.44252	-0.0188601
1.47388	-0.0207955
1.50524	-0.0229708
1.5366	-0.0254051
1.56795	-0.0281139
1.59931	-0.0311076
1.63067	-0.0343904
1.66203	-0.0379584
1.69339	-0.0417988
1.72475	-0.0458884
1.75611	-0.0501928
1.78747	-0.0546657
1.81883	-0.0592487
1.85019	-0.0638714
1.88155	-0.0684525
1.9129	-0.0729001
1.94426	-0.0771146
1.97562	-0.0809899
2.00698	-0.0850099
2.03834	-0.0907598
2.0697	-0.0961524
2.10106	-0.101003
2.13242	-0.105103
2.16378	-0.108219
2.19514	-0.110097
2.2265	-0.110463
2.25785	-0.109031
2.28921	-0.105505
2.32057	-0.0995891
2.35193	-0.0909947
2.38329	-0.0794543
2.41465	-0.0647334
2.44601	-0.0466468
2.47737	-0.0250779
2.50873	7.45287e-13
