0	0
0.0313591	-1.42689e-05
0.0627182	-2.93372e-05
0.0940773	-4.60224e-05
0.125436	-6.5177e-05
0.156795	-8.77047e-05
0.188155	-0.000114574
0.219514	-0.000146829
0.250873	-0.000185597
0.282232	-0.000232094
0.313591	-0.00028762
0.34495	-0.000353555
0.376309	-0.000431346
0.407668	-0.000522494
0.439027	-0.000628522
0.470386	-0.000750956
0.501746	-0.000891289
0.533105	-0.00105095
0.564464	-0.00123125
0.595823	-0.00143337
0.627182	-0.00165833
0.658541	-0.00190692
0.6899	-0.00217974
0.721259	-0.00247715
0.752618	-0.00279931
0.783977	-0.00314618
0.815336	-0.0035176
0.846696	-0.00391334
0.878055	-0.00433324
0.909414	-0.0047773
0.940773	-0.00524584
0.972132	-0.00573973
1.00349	-0.00626055
1.03485	-0.00681085
1.06621	-0.00739437
1.09757	-0.00801628
1.12893	-0.00868346
1.16029	-0.00940466
1.19165	-0.0101907
1.223	-0.0110546
1.25436	-0.0120115
1.28572	-0.013079
1.31708	-0.0142765
1.34844	-0.015625
1.3798	-0.0171469
1.41116	-0.0188653
1.44252	-0.0208029
1.47388	-0.0229814
1.50524	-0.0254202
1.5366	-0.0281351
1.56795	-0.0311371
1.59931	-0.0344311
1.63067	-0.0380141
1.66203	-0.0418744
1.69339	-0.0459902
1.72475	-0.0503287
1.75611	-0.0548456
1.78747	-0.0594848
1.81883	-0.0641787
1.85019	-0.0688488
1.88155	-0.0734071
1.9129	-0.0777574
1.94426	-0.0817977
1.97562	-0.0854228
2.00698	-0.0891492
2.03834	-0.0946299
2.0697	-0.0996728
2.10106	-0.104097
2.13242	-0.107704
2.16378	-0.110273
2.19514	-0.11157
2.2265	-0.111346
2.25785	-0.109345
2.28921	-0.105302
2.32057	-0.0989581
2.35193	-0.0900581
2.38329	-0.0783639
2.41465	-0.0636623
2.44601	-0.0457755
2.47737	-0.0245755
2.50873	7.45287e-13
