0	0
0.0313591	-1.82949e-05
0.0627182	-3.75434e-05
0.0940773	-5.8717e-05
0.125436	-8.28212e-05
0.156795	-0.000110911
0.188155	-0.000144103
0.219514	-0.000183584
0.250873	-0.000230619
0.282232	-0.000286547
0.313591	-0.000352781
0.34495	-0.000430793
0.376309	-0.000522101
0.407668	-0.000628245
0.439027	-0.000750763
0.470386	-0.000891155
0.501746	-0.00105085
0.533105	-0.00123118
0.564464	-0.00143333
0.595823	-0.0016583
0.627182	-0.0019069
0.658541	-0.00217973
0.6899	-0.00247714
0.721259	-0.0027993
0.752618	-0.00314617
0.783977	-0.0035176
0.815336	-0.00391334
0.846696	-0.00433324
0.878055	-0.0047773
0.909414	-0.00524584
0.940773	-0.00573973
0.972132	-0.00626056
1.00349	-0.00681086
1.03485	-0.00739439
1.06621	-0.00801632
1.09757	-0.00868352
1.12893	-0.00940474
1.16029	-0.0101908
1.19165	-0.0110548
1.223	-0.0120119
1.25436	-0.0130795
1.28572	-0.0142772
1.31708	-0.0156261
1.34844	-0.0171486
1.3798	-0.0188678
1.41116	-0.0208065
1.44252	-0.0229866
1.47388	-0.0254276
1.50524	-0.0281457
1.5366	-0.0311522
1.56795	-0.0344522
1.59931	-0.0380435
1.63067	-0.0419151
1.66203	-0.0460459
1.69339	-0.0504043
1.72475	-0.0549474
1.75611	-0.0596207
1.78747	-0.0643586
1.81883	-0.0690849
1.85019	-0.0737143
1.88155	-0.0781537
1.9129	-0.0823046
1.94426	-0.0860655
1.97562	-0.0893346
2.00698	-0.0926595
2.03834	-0.097749
2.0697	-0.102321
2.10106	-0.106204
2.13242	-0.109211
2.16378	-0.111142
2.19514	-0.111785
2.2265	-0.110924
2.25785	-0.108333
2.28921	-0.103789
2.32057	-0.0970687
2.35193	-0.0879565
2.38329	-0.0762465
2.41465	-0.0617487
2.44601	-0.0442944
2.47737	-0.0237445
2.50873	7.45287e-13
