0	0
0.0313591	-2.32746e-05
0.0627182	-4.76746e-05
0.0940773	-7.43422e-05
0.125436	-0.000104451
0.156795	-0.000139219
0.188155	-0.000179921
0.219514	-0.000227893
0.250873	-0.000284534
0.282232	-0.000351306
0.313591	-0.000429721
0.34495	-0.000521327
0.376309	-0.000627691
0.407668	-0.000750369
0.439027	-0.000890878
0.470386	-0.00105066
0.501746	-0.00123105
0.533105	-0.00143324
0.564464	-0.00165823
0.595823	-0.00190686
0.627182	-0.0021797
0.658541	-0.00247712
0.6899	-0.00279929
0.721259	-0.00314617
0.752618	-0.00351759
0.783977	-0.00391334
0.815336	-0.00433324
0.846696	-0.0047773
0.878055	-0.00524584
0.909414	-0.00573973
0.940773	-0.00626056
0.972132	-0.00681087
1.00349	-0.0073944
1.03485	-0.00801633
1.06621	-0.00868354
1.09757	-0.00940478
1.12893	-0.0101909
1.16029	-0.0110549
1.19165	-0.012012
1.223	-0.0130797
1.25436	-0.0142775
1.28572	-0.0156266
1.31708	-0.0171493
1.34844	-0.0188689
1.3798	-0.0208082
1.41116	-0.022989
1.44252	-0.0254312
1.47388	-0.0281509
1.50524	-0.0311596
1.5366	-0.0344629
1.56795	-0.0380586
1.59931	-0.0419363
1.63067	-0.0460754
1.66203	-0.050445
1.69339	-0.0550031
1.72475	-0.0596963
1.75611	-0.0644604
1.78747	-0.0692208
1.81883	-0.0738942
1.85019	-0.0783898
1.88155	-0.0826118
1.9129	-0.0864619
1.94426	-0.0898415
1.97562	-0.0926553
2.00698	-0.0954805
2.03834	-0.100068
2.0697	-0.104063
2.10106	-0.107307
2.13242	-0.10963
2.16378	-0.110853
2.19514	-0.110796
2.2265	-0.109272
2.25785	-0.106095
2.28921	-0.101082
2.32057	-0.0940505
2.35193	-0.0848243
2.38329	-0.0732316
2.41465	-0.0591065
2.44601	-0.0422901
2.47737	-0.0226329
2.50873	7.45287e-13
