0	0
0.0313591	-2.93798e-05
0.0627182	-6.00733e-05
0.0940773	-9.34084e-05
0.125436	-0.00013074
0.156795	-0.000173461
0.188155	-0.000223009
0.219514	-0.000280871
0.250873	-0.00034858
0.282232	-0.000427707
0.313591	-0.000519852
0.34495	-0.000626619
0.376309	-0.000749596
0.407668	-0.000890324
0.439027	-0.00105027
0.470386	-0.00123077
0.501746	-0.00143304
0.533105	-0.0016581
0.564464	-0.00190677
0.595823	-0.00217963
0.627182	-0.00247708
0.658541	-0.00279926
0.6899	-0.00314615
0.721259	-0.00351758
0.752618	-0.00391333
0.783977	-0.00433324
0.815336	-0.00477729
0.846696	-0.00524584
0.878055	-0.00573973
0.909414	-0.00626056
0.940773	-0.00681087
0.972132	-0.0073944
1.00349	-0.00801633
1.03485	-0.00868355
1.06621	-0.00940479
1.09757	-0.0101909
1.12893	-0.0110549
1.16029	-0.0120121
1.19165	-0.0130798
1.223	-0.0142777
1.25436	-0.0156268
1.28572	-0.0171497
1.31708	-0.0188694
1.34844	-0.0208089
1.3798	-0.0229902
1.41116	-0.0254329
1.44252	-0.0281533
1.47388	-0.0311632
1.50524	-0.0344681
1.5366	-0.0380661
1.56795	-0.0419469
1.59931	-0.0460904
1.63067	-0.0504662
1.66203	-0.0550326
1.69339	-0.059737
1.72475	-0.0645161
1.75611	-0.0692965
1.78747	-0.073996
1.81883	-0.0785257
1.85019	-0.0827918
1.88155	-0.086698
1.9129	-0.0901487
1.94426	-0.0930517
1.97562	-0.0953207
2.00698	-0.09756
2.03834	-0.101548
2.0697	-0.104879
2.10106	-0.107407
2.13242	-0.108984
2.16378	-0.109457
2.19514	-0.108676
2.2265	-0.106489
2.25785	-0.102751
2.28921	-0.0973183
2.32057	-0.0900509
2.35193	-0.0808114
2.38329	-0.0694615
2.41465	-0.0558593
2.44601	-0.0398558
2.47737	-0.0212923
2.50873	7.45287e-13
