0	0
0.0313591	-3.67987e-05
0.0627182	-7.51135e-05
0.0940773	-0.000116471
0.125436	-0.000162419
0.156795	-0.00021453
0.188155	-0.000274411
0.219514	-0.000343696
0.250873	-0.000424044
0.282232	-0.000517126
0.313591	-0.000624606
0.34495	-0.000748121
0.376309	-0.000889252
0.407668	-0.00104949
0.439027	-0.00123022
0.470386	-0.00143265
0.501746	-0.00165782
0.533105	-0.00190657
0.564464	-0.0021795
0.595823	-0.00247699
0.627182	-0.0027992
0.658541	-0.0031461
0.6899	-0.00351755
0.721259	-0.00391331
0.752618	-0.00433322
0.783977	-0.00477728
0.815336	-0.00524583
0.846696	-0.00573973
0.878055	-0.00626056
0.909414	-0.00681087
0.940773	-0.0073944
0.972132	-0.00801634
1.00349	-0.00868355
1.03485	-0.00940479
1.06621	-0.0101909
1.09757	-0.0110549
1.12893	-0.0120121
1.16029	-0.0130799
1.19165	-0.0142777
1.223	-0.0156269
1.25436	-0.0171498
1.28572	-0.0188696
1.31708	-0.0208092
1.34844	-0.0229907
1.3798	-0.0254336
1.41116	-0.0281545
1.44252	-0.0311649
1.47388	-0.0344705
1.50524	-0.0380697
1.5366	-0.0419521
1.56795	-0.0460979
1.59931	-0.0504768
1.63067	-0.0550477
1.66203	-0.0597582
1.69339	-0.0645456
1.72475	-0.0693372
1.75611	-0.0740517
1.78747	-0.0786014
1.81883	-0.0828936
1.85019	-0.0868339
1.88155	-0.0903286
1.9129	-0.0932878
1.94426	-0.095628
1.97562	-0.0972752
2.00698	-0.0988574
2.03834	-0.102167
2.0697	-0.104765
2.10106	-0.106523
2.13242	-0.107317
2.16378	-0.107022
2.19514	-0.105518
2.2265	-0.102692
2.25785	-0.0984369
2.28921	-0.092649
2.32057	-0.085229
2.35193	-0.0760765
2.38329	-0.0650848
2.41465	-0.0521349
2.44601	-0.0370873
2.47737	-0.0197754
2.50873	7.45287e-13
