0	0
0.0313591	3.03577e-18
0.0627182	-1.04083e-17
0.0940773	1.0842e-17
0.125436	-6.93889e-18
0.156795	2.60209e-18
0.188155	-1.04083e-17
0.219514	1.21431e-17
0.250873	-6.93889e-18
0.282232	-1.73472e-17
0.313591	2.08167e-17
0.34495	-3.46945e-17
0.376309	3.46945e-17
0.407668	-5.20417e-17
0.439027	4.85723e-17
0.470386	-2.08167e-17
0.501746	6.93889e-18
0.533105	1.38778e-17
0.564464	4.85723e-17
0.595823	-4.16334e-17
0.627182	6.93889e-17
0.658541	-1.38778e-17
0.6899	4.16334e-17
0.721259	-5.55112e-17
0.752618	8.32667e-17
0.783977	-6.93889e-17
0.815336	5.55112e-17
0.846696	-1.38778e-17
0.878055	1.38778e-17
0.909414	-1.38778e-17
0.940773	5.55112e-17
0.972132	-5.55112e-17
1.00349	5.55112e-17
1.03485	-4.16334e-17
1.06621	-3.57122e-11
1.09757	-1.63658e-10
1.12893	-3.46165e-10
1.16029	-5.9238e-10
1.19165	-9.58781e-10
1.223	-1.51391e-09
1.25436	-2.39125e-09
1.28572	-3.75622e-09
1.31708	-5.88779e-09
1.34844	-9.17611e-09
1.3798	-1.42116e-08
1.41116	-2.18644e-08
1.44252	-3.33884e-08
1.47388	-5.06187e-08
1.50524	-7.61668e-08
1.5366	-1.13753e-07
1.56795	-1.68623e-07
1.59931	-2.48087e-07
1.63067	-3.6228e-07
1.66203	-5.25096e-07
1.69339	-7.55419e-07
1.72475	-1.07871e-06
1.75611	-1.52893e-06
1.78747	-2.15105e-06
1.81883	-3.00397e-06
1.85019	-4.16421e-06
1.88155	-5.73017e-06
1.9129	-7.82726e-06
1.94426	-1.06137e-05
1.97562	-1.42873e-05
2.00698	-1.07185e-05
2.03834	1.112e-05
2.0697	2.04896e-05
2.10106	2.21012e-05
2.13242	1.93674e-05
2.16378	1.46449e-05
2.19514	9.46149e-06
2.2265	4.71949e-06
2.25785	8.69782e-07
2.28921	-1.94454e-06
2.32057	-3.77578e-06
2.35193	-4.78869e-06
2.38329	-5.20512e-06
2.41465	-5.27484e-06
2.44601	-5.27306e-06
2.47737	-5.53165e-06
2.50873	-6.51882e-06
