0	0
0.0313591	-2.77009e-07
0.0627182	-5.86796e-07
0.0940773	-9.64955e-07
0.125436	-1.45277e-06
0.156795	-2.10043e-06
0.188155	-2.97058e-06
0.219514	-4.14234e-06
0.250873	-5.71596e-06
0.282232	-7.81809e-06
0.313591	-1.06078e-05
0.34495	-1.42836e-05
0.376309	-1.90903e-05
0.407668	-2.53282e-05
0.439027	-3.33606e-05
0.470386	-4.36239e-05
0.501746	-5.66358e-05
0.533105	-7.30041e-05
0.564464	-9.34348e-05
0.595823	-0.000118738
0.627182	-0.000149833
0.658541	-0.000187748
0.6899	-0.000233623
0.721259	-0.000288698
0.752618	-0.00035431
0.783977	-0.000431872
0.815336	-0.000522856
0.846696	-0.00062877
0.878055	-0.000751125
0.909414	-0.000891403
0.940773	-0.00105102
0.972132	-0.0012313
1.00349	-0.0014334
1.03485	-0.00165835
1.06621	-0.00190693
1.09757	-0.00217975
1.12893	-0.00247716
1.16029	-0.00279931
1.19165	-0.00314618
1.223	-0.0035176
1.25436	-0.00391335
1.28572	-0.00433324
1.31708	-0.0047773
1.34844	-0.00524584
1.3798	-0.00573974
1.41116	-0.00626056
1.44252	-0.00681087
1.47388	-0.0073944
1.50524	-0.00801634
1.5366	-0.00868355
1.56795	-0.0094048
1.59931	-0.0101909
1.63067	-0.0110549
1.66203	-0.0120121
1.69339	-0.0130799
1.72475	-0.0142778
1.75611	-0.0156269
1.78747	-0.0171499
1.81883	-0.0188697
1.85019	-0.0208094
1.88155	-0.022991
1.9129	-0.0254342
1.94426	-0.0281553
1.97562	-0.0311662
2.00698	-0.0345319
2.03834	-0.0383949
2.0697	-0.0425296
2.10106	-0.0469092
2.13242	-0.0514968
2.16378	-0.0562454
2.19514	-0.0610977
2.2265	-0.0659872
2.25785	-0.0708387
2.28921	-0.0755697
2.32057	-0.0800921
2.35193	-0.0843133
2.38329	-0.0881385
2.41465	-0.0914717
2.44601	-0.0942173
2.47737	-0.0962812
2.50873	-0.0975715
