0	0
0.0313591	0.0107853
0.0627182	0.0214529
0.0940773	0.0318864
0.125436	0.0419719
0.156795	0.0515994
0.188155	0.0606641
0.219514	0.0690683
0.250873	0.0767228
0.282232	0.0835491
0.313591	0.0894807
0.34495	0.094465
0.376309	0.0984649
0.407668	0.10146
0.439027	0.103446
0.470386	0.104438
0.501746	0.104468
0.533105	0.103583
0.564464	0.101847
0.595823	0.0993376
0.627182	0.0961418
0.658541	0.0923564
0.6899	0.0880837
0.721259	0.0834282
0.752618	0.0784946
0.783977	0.0733841
0.815336	0.0681927
0.846696	0.0630081
0.878055	0.057909
0.909414	0.0529631
0.940773	0.0482266
0.972132	0.0437439
1.00349	0.0395478
1.03485	0.0356598
1.06621	0.0320913
1.09757	0.0288446
1.12893	0.0259138
1.16029	0.023287
1.19165	0.0209469
1.223	0.0188725
1.25436	0.0170405
1.28572	0.0154262
1.31708	0.0140049
1.34844	0.0127521
1.3798	0.0116448
1.41116	0.0106616
1.44252	0.00978332
1.47388	0.00899282
1.50524	0.00827547
1.5366	0.00761891
1.56795	0.00701297
1.59931	0.00644952
1.63067	0.00592222
1.66203	0.00542634
1.69339	0.00495844
1.72475	0.00451619
1.75611	0.00409807
1.78747	0.00370321
1.81883	0.00333113
1.85019	0.00298163
1.88155	0.00265463
1.9129	0.00235003
1.94426	0.00206766
1.97562	0.00180723
2.00698	0.00157926
2.03834	0.00140398
2.0697	0.00123912
2.10106	0.00108529
2.13242	0.000942915
2.16378	0.000812255
2.19514	0.000693362
2.2265	0.000586078
2.25785	0.000490029
2.28921	0.000404618
2.32057	0.000329026
2.35193	0.000262195
2.38329	0.000202807
2.41465	0.000149233
2.44601	9.94405e-05
2.47737	5.08376e-05
2.50873	7.45286e-13
