0	0
0.0313591	0.00805597
0.0627182	0.0160863
0.0940773	0.0240634
0.125436	0.0319557
0.156795	0.0397265
0.188155	0.0473326
0.219514	0.0547239
0.250873	0.0618436
0.282232	0.0686287
0.313591	0.0750117
0.34495	0.0809223
0.376309	0.08629
0.407668	0.0910466
0.439027	0.0951291
0.470386	0.0984825
0.501746	0.101063
0.533105	0.102838
0.564464	0.103793
0.595823	0.103926
0.627182	0.103255
0.658541	0.101811
0.6899	0.099642
0.721259	0.0968111
0.752618	0.0933921
0.783977	0.0894683
0.815336	0.08513
0.846696	0.0804709
0.878055	0.0755854
0.909414	0.0705659
0.940773	0.0654998
0.972132	0.0604677
1.00349	0.0555413
1.03485	0.0507824
1.06621	0.0462419
1.09757	0.0419592
1.12893	0.0379632
1.16029	0.0342718
1.19165	0.0308933
1.223	0.0278275
1.25436	0.0250669
1.28572	0.0225977
1.31708	0.0204019
1.34844	0.0184577
1.3798	0.0167418
1.41116	0.0152295
1.44252	0.0138963
1.47388	0.0127185
1.50524	0.0116738
1.5366	0.0107415
1.56795	0.00990351
1.59931	0.00914369
1.63067	0.00844838
1.66203	0.0078062
1.69339	0.00720793
1.72475	0.00664632
1.75611	0.00611588
1.78747	0.00561261
1.81883	0.00513376
1.85019	0.00467759
1.88155	0.00424313
1.9129	0.00382995
1.94426	0.00343797
1.97562	0.00306735
2.00698	0.00273736
2.03834	0.00248632
2.0697	0.0022426
2.10106	0.00200763
2.13242	0.00178275
2.16378	0.00156924
2.19514	0.00136815
2.2265	0.00118032
2.25785	0.00100626
2.28921	0.000846099
2.32057	0.000699532
2.35193	0.000565698
2.38329	0.00044308
2.41465	0.000329343
2.44601	0.0002211
2.47737	0.000113561
2.50873	7.45287e-13
