0	0
0.0313591	-7.04223e-18
0.0627182	-1.64663e-18
0.0940773	4.73661e-18
0.125436	-8.11796e-18
0.156795	1.19398e-17
0.188155	-1.50704e-17
0.219514	1.81604e-17
0.250873	-5.69206e-18
0.282232	5.09575e-18
0.313591	-6.83047e-18
0.34495	4.87891e-18
0.376309	-4.22839e-18
0.407668	-6.93889e-18
0.439027	5.20417e-18
0.470386	-1.9082e-17
0.501746	2.08167e-17
0.533105	-9.97466e-18
0.564464	-3.57122e-11
0.595823	-1.63658e-10
0.627182	-3.46165e-10
0.658541	-5.9238e-10
0.6899	-9.58781e-10
0.721259	-1.51391e-09
0.752618	-2.39125e-09
0.783977	-3.75622e-09
0.815336	-5.88779e-09
0.846696	-9.17611e-09
0.878055	-1.42116e-08
0.909414	-2.18644e-08
0.940773	-3.33884e-08
0.972132	-5.06187e-08
1.00349	-7.61668e-08
1.03485	-1.13753e-07
1.06621	-1.68623e-07
1.09757	-2.48087e-07
1.12893	-3.6228e-07
1.16029	-5.25096e-07
1.19165	-7.55419e-07
1.223	-1.07871e-06
1.25436	-1.52893e-06
1.28572	-2.15105e-06
1.31708	-3.00397e-06
1.34844	-4.16421e-06
1.3798	-5.73017e-06
1.41116	-7.82726e-06
1.44252	-1.06137e-05
1.47388	-1.42873e-05
1.50524	-1.90927e-05
1.5366	-2.53297e-05
1.56795	-3.33616e-05
1.59931	-4.36245e-05
1.63067	-5.66361e-05
1.66203	-7.30043e-05
1.69339	-9.34349e-05
1.72475	-0.000118738
1.75611	-0.000149833
1.78747	-0.000187748
1.81883	-0.000233623
1.85019	-0.000288698
1.88155	-0.00035431
1.9129	-0.000431872
1.94426	-0.000522856
1.97562	-0.00062877
2.00698	-0.000545617
2.03834	0.000112803
2.0697	0.000567757
2.10106	0.000845667
2.13242	0.000975698
2.16378	0.00098794
2.19514	0.000911735
2.2265	0.0007742
2.25785	0.000598983
2.28921	0.000405253
2.32057	0.000206875
2.35193	1.168e-05
2.38329	-0.000179346
2.41465	-0.000373199
2.44601	-0.000586702
2.47737	-0.000849648
2.50873	-0.00121012
