0	0
0.0313591	0.000153244
0.0627182	0.00033148
0.0940773	0.000558383
0.125436	0.000855072
0.156795	0.00123902
0.188155	0.00172317
0.219514	0.00231535
0.250873	0.0030179
0.282232	0.00382766
0.313591	0.00473622
0.34495	0.00573044
0.376309	0.00679314
0.407668	0.00790399
0.439027	0.00904051
0.470386	0.0101791
0.501746	0.0112958
0.533105	0.0123678
0.564464	0.0133736
0.595823	0.0142939
0.627182	0.0151124
0.658541	0.0158157
0.6899	0.0163937
0.721259	0.0168398
0.752618	0.0171503
0.783977	0.0173249
0.815336	0.0173656
0.846696	0.0172772
0.878055	0.0170662
0.909414	0.0167412
0.940773	0.0163117
0.972132	0.0157885
1.00349	0.015183
1.03485	0.014507
1.06621	0.0137725
1.09757	0.0129915
1.12893	0.0121757
1.16029	0.0113364
1.19165	0.0104845
1.223	0.00963017
1.25436	0.00878289
1.28572	0.00795126
1.31708	0.00714303
1.34844	0.00636497
1.3798	0.00562287
1.41116	0.00492149
1.44252	0.0042646
1.47388	0.00365493
1.50524	0.00309429
1.5366	0.00258353
1.56795	0.00212268
1.59931	0.00171099
1.63067	0.00134704
1.66203	0.00102883
1.69339	0.000753882
1.72475	0.000519365
1.75611	0.000322168
1.78747	0.000159016
1.81883	2.65548e-05
1.85019	-7.85723e-05
1.88155	-0.000159652
1.9129	-0.000219846
1.94426	-0.000262146
1.97562	-0.000289339
2.00698	-0.000306128
2.03834	-0.000320644
2.0697	-0.000327042
2.10106	-0.000326345
2.13242	-0.000319542
2.16378	-0.000307574
2.19514	-0.000291313
2.2265	-0.000271548
2.25785	-0.000248967
2.28921	-0.000224144
2.32057	-0.000197515
2.35193	-0.000169357
2.38329	-0.00013976
2.41465	-0.000108592
2.44601	-7.54565e-05
2.47737	-3.9631e-05
2.50873	6.81884e-13
