0	0
0.0313591	0.00127042
0.0627182	0.00259819
0.0940773	0.00403954
0.125436	0.00564847
0.156795	0.00747557
0.188155	0.00956678
0.219514	0.0119621
0.250873	0.0146943
0.282232	0.0177877
0.313591	0.0212566
0.34495	0.0251045
0.376309	0.0293228
0.407668	0.0338903
0.439027	0.0387727
0.470386	0.0439226
0.501746	0.0492798
0.533105	0.0547727
0.564464	0.0603194
0.595823	0.0658297
0.627182	0.0712078
0.658541	0.0763548
0.6899	0.0811722
0.721259	0.0855645
0.752618	0.0894431
0.783977	0.0927291
0.815336	0.0953562
0.846696	0.0972728
0.878055	0.0984443
0.909414	0.0988539
0.940773	0.0985031
0.972132	0.0974117
1.00349	0.0956163
1.03485	0.0931694
1.06621	0.0901366
1.09757	0.0865942
1.12893	0.0826264
1.16029	0.0783221
1.19165	0.0737719
1.223	0.0690652
1.25436	0.0642872
1.28572	0.0595173
1.31708	0.0548265
1.34844	0.0502763
1.3798	0.045918
1.41116	0.0417919
1.44252	0.0379279
1.47388	0.0343453
1.50524	0.0310541
1.5366	0.0280556
1.56795	0.025344
1.59931	0.0229076
1.63067	0.0207298
1.66203	0.0187909
1.69339	0.0170688
1.72475	0.0155406
1.75611	0.0141831
1.78747	0.0129739
1.81883	0.0118917
1.85019	0.010917
1.88155	0.0100323
1.9129	0.00922238
1.94426	0.00847403
1.97562	0.00777633
2.00698	0.00717038
2.03834	0.00675828
2.0697	0.00635093
2.10106	0.00594509
2.13242	0.00553828
2.16378	0.00512871
2.19514	0.0047152
2.2265	0.00429703
2.25785	0.00387367
2.28921	0.00344453
2.32057	0.00300861
2.35193	0.00256402
2.38329	0.0021074
2.41465	0.00163329
2.44601	0.00113323
2.47737	0.000594743
2.50873	7.45287e-13
