0	0
0.0313591	6.07153e-17
0.0627182	-4.16334e-17
0.0940773	3.46945e-17
0.125436	-6.93889e-18
0.156795	6.245e-17
0.188155	-5.55112e-17
0.219514	6.93889e-17
0.250873	-5.55112e-17
0.282232	8.32667e-17
0.313591	-2.77556e-17
0.34495	4.16334e-17
0.376309	-1.38778e-17
0.407668	6.93889e-17
0.439027	-4.16334e-17
0.470386	5.55112e-17
0.501746	-1.38778e-17
0.533105	1.38778e-17
0.564464	-1.38778e-17
0.595823	1.38778e-17
0.627182	-2.77556e-17
0.658541	2.77556e-17
0.6899	2.77556e-17
0.721259	1.38778e-17
0.752618	-2.77556e-17
0.783977	2.77556e-17
0.815336	6.93889e-18
0.846696	-1.38778e-17
0.878055	2.77556e-17
0.909414	-2.08167e-17
0.940773	6.93889e-18
0.972132	-3.46945e-18
1.00349	-2.08167e-17
1.03485	-1.04083e-17
1.06621	-1.04083e-17
1.09757	-1.04083e-17
1.12893	-1.21431e-17
1.16029	-1.73472e-18
1.19165	-1.21431e-17
1.223	8.67362e-19
1.25436	-1.82146e-17
1.28572	4.33681e-18
1.31708	-1.12757e-17
1.34844	4.33681e-19
1.3798	-4.77049e-18
1.41116	4.33681e-19
1.44252	2.1684e-19
1.47388	2.1684e-19
1.50524	1.51788e-18
1.5366	-2.1684e-19
1.56795	4.33681e-19
1.59931	-3.57122e-11
1.63067	-1.63658e-10
1.66203	-3.46165e-10
1.69339	-5.9238e-10
1.72475	-9.58781e-10
1.75611	-1.51391e-09
1.78747	-2.39125e-09
1.81883	-3.75622e-09
1.85019	-5.88779e-09
1.88155	-9.17611e-09
1.9129	-1.42116e-08
1.94426	-2.18644e-08
1.97562	-3.33884e-08
2.00698	-2.00461e-08
2.03834	4.30231e-08
2.0697	5.42579e-08
2.10106	4.36662e-08
2.13242	2.70833e-08
2.16378	1.18717e-08
2.19514	7.10642e-10
2.2265	-6.15594e-09
2.25785	-9.47935e-09
2.28921	-1.03438e-08
2.32057	-9.68786e-09
2.35193	-8.35182e-09
2.38329	-6.77667e-09
2.41465	-5.20346e-09
2.44601	-3.89082e-09
2.47737	-3.02776e-09
2.50873	-2.78759e-09
