0	0
0.0313591	-0.000701223
0.0627182	-0.00140667
0.0940773	-0.0021204
0.125436	-0.00284617
0.156795	-0.00358729
0.188155	-0.00434655
0.219514	-0.00512606
0.250873	-0.00592729
0.282232	-0.00675099
0.313591	-0.0075973
0.34495	-0.00846576
0.376309	-0.00935549
0.407668	-0.0102653
0.439027	-0.0111941
0.470386	-0.0121408
0.501746	-0.013105
0.533105	-0.0140869
0.564464	-0.0150879
0.595823	-0.0161109
0.627182	-0.0171604
0.658541	-0.0182429
0.6899	-0.0193672
0.721259	-0.0205443
0.752618	-0.0217875
0.783977	-0.0231124
0.815336	-0.0245368
0.846696	-0.02608
0.878055	-0.0277626
0.909414	-0.0296056
0.940773	-0.0316298
0.972132	-0.0338544
1.00349	-0.0362963
1.03485	-0.0389685
1.06621	-0.0418792
1.09757	-0.0450301
1.12893	-0.0484154
1.16029	-0.0520206
1.19165	-0.0558219
1.223	-0.0597852
1.25436	-0.0638661
1.28572	-0.0680101
1.31708	-0.0721531
1.34844	-0.0762228
1.3798	-0.0801399
1.41116	-0.0838205
1.44252	-0.0871786
1.47388	-0.0901284
1.50524	-0.092588
1.5366	-0.0944817
1.56795	-0.0957434
1.59931	-0.0963193
1.63067	-0.09617
1.66203	-0.0952726
1.69339	-0.0936221
1.72475	-0.0912315
1.75611	-0.0881322
1.78747	-0.0843729
1.81883	-0.080018
1.85019	-0.0751456
1.88155	-0.0698448
1.9129	-0.0642127
1.94426	-0.0583512
1.97562	-0.0523636
2.00698	-0.0466773
2.03834	-0.0420231
2.0697	-0.0372357
2.10106	-0.0324022
2.13242	-0.0276142
2.16378	-0.0229649
2.19514	-0.0185468
2.2265	-0.0144484
2.25785	-0.0107512
2.28921	-0.00752637
2.32057	-0.00483107
2.35193	-0.00270445
2.38329	-0.00116299
2.41465	-0.000194698
2.44601	0.000248542
2.47737	0.000261417
2.50873	7.45287e-13
