0	0
0.0313591	-0.000127067
0.0627182	-0.000257865
0.0940773	-0.000396032
0.125436	-0.000545016
0.156795	-0.000707993
0.188155	-0.000887767
0.219514	-0.0010867
0.250873	-0.0013066
0.282232	-0.0015487
0.313591	-0.00181353
0.34495	-0.00210084
0.376309	-0.00240958
0.407668	-0.0027378
0.439027	-0.00308255
0.470386	-0.00343983
0.501746	-0.00380449
0.533105	-0.00417014
0.564464	-0.00452902
0.595823	-0.00487189
0.627182	-0.00518792
0.658541	-0.00546452
0.6899	-0.00568723
0.721259	-0.00583959
0.752618	-0.00590309
0.783977	-0.00585703
0.815336	-0.00567864
0.846696	-0.00534307
0.878055	-0.00482368
0.909414	-0.00409232
0.940773	-0.00311981
0.972132	-0.0018766
1.00349	-0.000333576
1.03485	0.00153696
1.06621	0.00376015
1.09757	0.00635728
1.12893	0.00934441
1.16029	0.012731
1.19165	0.0165183
1.223	0.0206984
1.25436	0.0252527
1.28572	0.0301514
1.31708	0.0353524
1.34844	0.0408019
1.3798	0.0464341
1.41116	0.0521724
1.44252	0.0579307
1.47388	0.0636154
1.50524	0.0691273
1.5366	0.074365
1.56795	0.0792274
1.59931	0.0836174
1.63067	0.0874444
1.66203	0.0906283
1.69339	0.0931014
1.72475	0.0948113
1.75611	0.0957226
1.78747	0.0958182
1.81883	0.0950996
1.85019	0.0935865
1.88155	0.0913166
1.9129	0.088343
1.94426	0.0847331
1.97562	0.080565
2.00698	0.076459
2.03834	0.0737297
2.0697	0.0704964
2.10106	0.066806
2.13242	0.062714
2.16378	0.0582829
2.19514	0.0535787
2.2265	0.0486684
2.25785	0.0436155
2.28921	0.0384754
2.32057	0.0332902
2.35193	0.028082
2.38329	0.0228457
2.41465	0.0175399
2.44601	0.012076
2.47737	0.00630491
2.50873	7.45287e-13
