0	0
0.0313591	-2.1684e-19
0.0627182	-7.58942e-19
0.0940773	-9.97466e-18
0.125436	7.80626e-18
0.156795	-1.4962e-17
0.188155	1.56125e-17
0.219514	-8.67362e-18
0.250873	-2.60209e-18
0.282232	7.80626e-18
0.313591	-6.07153e-18
0.34495	0
0.376309	-1.56125e-17
0.407668	1.56125e-17
0.439027	-1.38778e-17
0.470386	-3.46945e-18
0.501746	6.93889e-18
0.533105	-1.73472e-17
0.564464	3.81639e-17
0.595823	-4.51028e-17
0.627182	6.245e-17
0.658541	-1.38778e-17
0.6899	0
0.721259	4.16334e-17
0.752618	3.46945e-17
0.783977	-5.55112e-17
0.815336	8.32667e-17
0.846696	-2.77556e-17
0.878055	-3.57121e-11
0.909414	-1.63658e-10
0.940773	-3.46165e-10
0.972132	-5.9238e-10
1.00349	-9.58781e-10
1.03485	-1.51391e-09
1.06621	-2.39125e-09
1.09757	-3.75622e-09
1.12893	-5.88779e-09
1.16029	-9.17611e-09
1.19165	-1.42116e-08
1.223	-2.18644e-08
1.25436	-3.33884e-08
1.28572	-5.06187e-08
1.31708	-7.61668e-08
1.34844	-1.13753e-07
1.3798	-1.68623e-07
1.41116	-2.48087e-07
1.44252	-3.6228e-07
1.47388	-5.25096e-07
1.50524	-7.55419e-07
1.5366	-1.07871e-06
1.56795	-1.52893e-06
1.59931	-2.15105e-06
1.63067	-3.00397e-06
1.66203	-4.16421e-06
1.69339	-5.73017e-06
1.72475	-7.82726e-06
1.75611	-1.06137e-05
1.78747	-1.42873e-05
1.81883	-1.90927e-05
1.85019	-2.53297e-05
1.88155	-3.33616e-05
1.9129	-4.36245e-05
1.94426	-5.66361e-05
1.97562	-7.30043e-05
2.00698	-5.81913e-05
2.03834	4.1272e-05
2.0697	9.33897e-05
2.10106	0.000112145
2.13242	0.000108958
2.16378	9.27985e-05
2.19514	7.03924e-05
2.2265	4.64978e-05
2.25785	2.42119e-05
2.28921	5.28632e-06
2.32057	-9.57694e-06
2.35193	-2.04695e-05
2.38329	-2.80827e-05
2.41465	-3.36003e-05
2.44601	-3.87152e-05
2.47737	-4.58273e-05
2.50873	-5.8535e-05
