0	0
0.0313591	-0.00138846
0.0627182	-0.00279651
0.0940773	-0.00424405
0.125436	-0.00575153
0.156795	-0.00734014
0.188155	-0.00903192
0.219514	-0.0108496
0.250873	-0.0128166
0.282232	-0.0149564
0.313591	-0.0172918
0.34495	-0.0198448
0.376309	-0.0226348
0.407668	-0.0256781
0.439027	-0.0289864
0.470386	-0.0325655
0.501746	-0.0364143
0.533105	-0.0405231
0.564464	-0.0448731
0.595823	-0.0494354
0.627182	-0.0541702
0.658541	-0.0590273
0.6899	-0.0639459
0.721259	-0.0688557
0.752618	-0.0736784
0.783977	-0.0783292
0.815336	-0.0827191
0.846696	-0.086758
0.878055	-0.0903569
0.909414	-0.0934316
0.940773	-0.0959052
0.972132	-0.0977115
1.00349	-0.0987974
1.03485	-0.099125
1.06621	-0.0986735
1.09757	-0.0974401
1.12893	-0.0954402
1.16029	-0.0927073
1.19165	-0.0892914
1.223	-0.0852578
1.25436	-0.0806846
1.28572	-0.0756598
1.31708	-0.0702784
1.34844	-0.0646393
1.3798	-0.058842
1.41116	-0.0529838
1.44252	-0.0471566
1.47388	-0.0414451
1.50524	-0.0359248
1.5366	-0.0306603
1.56795	-0.0257045
1.59931	-0.0210987
1.63067	-0.0168721
1.66203	-0.0130428
1.69339	-0.00961844
1.72475	-0.00659725
1.75611	-0.00396964
1.78747	-0.00171936
1.81883	0.000175
1.85019	0.00173867
1.88155	0.0029994
1.9129	0.00398633
1.94426	0.00472906
1.97562	0.00525675
2.00698	0.00563694
2.03834	0.0060074
2.0697	0.00625154
2.10106	0.00637801
2.13242	0.00639545
2.16378	0.00631217
2.19514	0.00613589
2.2265	0.00587355
2.25785	0.00553098
2.28921	0.00511272
2.32057	0.00462166
2.35193	0.00405871
2.38329	0.00342235
2.41465	0.00270818
2.44601	0.00190823
2.47737	0.00101028
2.50873	-2.94501e-06
