0	0
0.0313591	4.85723e-17
0.0627182	1.38778e-17
0.0940773	-2.08167e-17
0.125436	4.85723e-17
0.156795	0
0.188155	5.55112e-17
0.219514	-8.32667e-17
0.250873	9.71445e-17
0.282232	-6.93889e-17
0.313591	6.93889e-17
0.34495	-1.38778e-17
0.376309	2.77556e-17
0.407668	-1.38778e-17
0.439027	6.93889e-17
0.470386	-2.77556e-17
0.501746	4.16334e-17
0.533105	-1.38778e-17
0.564464	1.38778e-17
0.595823	0
0.627182	2.77556e-17
0.658541	-2.77556e-17
0.6899	2.77556e-17
0.721259	1.38778e-17
0.752618	2.77556e-17
0.783977	-1.38778e-17
0.815336	2.08167e-17
0.846696	1.38778e-17
0.878055	6.93889e-18
0.909414	2.08167e-17
0.940773	-2.08167e-17
0.972132	-6.93889e-18
1.00349	-6.93889e-18
1.03485	-2.42861e-17
1.06621	1.73472e-17
1.09757	-6.93889e-18
1.12893	-1.73472e-17
1.16029	5.20417e-18
1.19165	-3.46945e-18
1.223	-1.21431e-17
1.25436	1.73472e-18
1.28572	-1.04083e-17
1.31708	3.46945e-18
1.34844	-1.12757e-17
1.3798	4.77049e-18
1.41116	-4.77049e-18
1.44252	0
1.47388	3.03577e-18
1.50524	2.1684e-19
1.5366	1.40946e-18
1.56795	-3.57122e-11
1.59931	-1.63658e-10
1.63067	-3.46165e-10
1.66203	-5.9238e-10
1.69339	-9.58781e-10
1.72475	-1.51391e-09
1.75611	-2.39125e-09
1.78747	-3.75622e-09
1.81883	-5.88779e-09
1.85019	-9.17611e-09
1.88155	-1.42116e-08
1.9129	-2.18644e-08
1.94426	-3.33884e-08
1.97562	-5.06187e-08
2.00698	-3.08678e-08
2.03834	6.39207e-08
2.0697	8.21374e-08
2.10106	6.72962e-08
2.13242	4.27594e-08
2.16378	1.97275e-08
2.19514	2.44454e-09
2.2265	-8.46713e-09
2.25785	-1.40056e-08
2.28921	-1.56926e-08
2.32057	-1.49744e-08
2.35193	-1.30051e-08
2.38329	-1.0672e-08
2.41465	-8.37617e-09
2.44601	-6.39906e-09
2.47737	-5.05508e-09
2.50873	-4.68571e-09
