0	0
0.0313591	-1.93657e-07
0.0627182	-4.11343e-07
0.0940773	-6.79252e-07
0.125436	-1.02809e-06
0.156795	-1.49555e-06
0.188155	-2.12918e-06
0.219514	-2.98976e-06
0.250873	-4.15503e-06
0.282232	-5.72428e-06
0.313591	-7.82351e-06
0.34495	-1.06113e-05
0.376309	-1.42858e-05
0.407668	-1.90918e-05
0.439027	-2.53291e-05
0.470386	-3.33612e-05
0.501746	-4.36244e-05
0.533105	-5.66361e-05
0.564464	-7.30043e-05
0.595823	-9.34349e-05
0.627182	-0.000118738
0.658541	-0.000149833
0.6899	-0.000187748
0.721259	-0.000233623
0.752618	-0.000288698
0.783977	-0.00035431
0.815336	-0.000431872
0.846696	-0.000522856
0.878055	-0.00062877
0.909414	-0.000751125
0.940773	-0.000891403
0.972132	-0.00105102
1.00349	-0.0012313
1.03485	-0.0014334
1.06621	-0.00165835
1.09757	-0.00190693
1.12893	-0.00217975
1.16029	-0.00247716
1.19165	-0.00279931
1.223	-0.00314618
1.25436	-0.0035176
1.28572	-0.00391335
1.31708	-0.00433324
1.34844	-0.0047773
1.3798	-0.00524584
1.41116	-0.00573974
1.44252	-0.00626056
1.47388	-0.00681087
1.50524	-0.0073944
1.5366	-0.00801634
1.56795	-0.00868355
1.59931	-0.0094048
1.63067	-0.0101909
1.66203	-0.0110549
1.69339	-0.0120121
1.72475	-0.0130799
1.75611	-0.0142778
1.78747	-0.0156269
1.81883	-0.0171499
1.85019	-0.0188697
1.88155	-0.0208094
1.9129	-0.022991
1.94426	-0.0254342
1.97562	-0.0281553
2.00698	-0.0311745
2.03834	-0.0344803
2.0697	-0.0380121
2.10106	-0.0417559
2.13242	-0.0456943
2.16378	-0.049807
2.19514	-0.0540719
2.2265	-0.058466
2.25785	-0.0629658
2.28921	-0.0675475
2.32057	-0.0721869
2.35193	-0.076857
2.38329	-0.0815263
2.41465	-0.0861539
2.44601	-0.0906842
2.47737	-0.0950409
2.50873	-0.0991189
