0	0
0.0313591	-0.000570224
0.0627182	-0.00114096
0.0940773	-0.00171278
0.125436	-0.0022863
0.156795	-0.00286232
0.188155	-0.00344184
0.219514	-0.00402617
0.250873	-0.00461707
0.282232	-0.00521688
0.313591	-0.00582869
0.34495	-0.00645656
0.376309	-0.0071057
0.407668	-0.00778271
0.439027	-0.0084958
0.470386	-0.00925496
0.501746	-0.0100722
0.533105	-0.0109615
0.564464	-0.0119391
0.595823	-0.0130232
0.627182	-0.0142341
0.658541	-0.0155936
0.6899	-0.0171246
0.721259	-0.0188506
0.752618	-0.0207952
0.783977	-0.0229804
0.815336	-0.0254263
0.846696	-0.0281496
0.878055	-0.031162
0.909414	-0.0344695
0.940773	-0.0380705
0.972132	-0.041955
1.00349	-0.0461034
1.03485	-0.0504857
1.06621	-0.0550611
1.09757	-0.0597781
1.12893	-0.0645744
1.16029	-0.0693784
1.19165	-0.0741101
1.223	-0.0786834
1.25436	-0.0830078
1.28572	-0.0869916
1.31708	-0.0905447
1.34844	-0.0935814
1.3798	-0.0960239
1.41116	-0.0978049
1.44252	-0.0988704
1.47388	-0.0991816
1.50524	-0.0987172
1.5366	-0.0974735
1.56795	-0.0954656
1.59931	-0.0927263
1.63067	-0.0893057
1.66203	-0.0852684
1.69339	-0.0806925
1.72475	-0.0756656
1.75611	-0.0702826
1.78747	-0.0646423
1.81883	-0.0588442
1.85019	-0.0529853
1.88155	-0.0471576
1.9129	-0.0414459
1.94426	-0.0359254
1.97562	-0.0306607
2.00698	-0.0258855
2.03834	-0.0219426
2.0697	-0.0181576
2.10106	-0.0145827
2.13242	-0.0112658
2.16378	-0.00824961
2.19514	-0.005571
2.2265	-0.00326035
2.25785	-0.00134128
2.28921	0.000169639
2.32057	0.00126298
2.35193	0.00193679
2.38329	0.00219709
2.41465	0.00205905
2.44601	0.00154922
2.47737	0.00070951
2.50873	-0.000395971
