0	0
0.0313591	-0.00236931
0.0627182	-0.00476739
0.0940773	-0.00722273
0.125436	-0.00976314
0.156795	-0.0124154
0.188155	-0.0152046
0.219514	-0.0181538
0.250873	-0.0212831
0.282232	-0.0246088
0.313591	-0.0281426
0.34495	-0.0318903
0.376309	-0.0358512
0.407668	-0.0400167
0.439027	-0.0443698
0.470386	-0.048884
0.501746	-0.0535231
0.533105	-0.058241
0.564464	-0.0629819
0.595823	-0.0676809
0.627182	-0.0722654
0.658541	-0.0766564
0.6899	-0.0807705
0.721259	-0.0845224
0.752618	-0.0878276
0.783977	-0.0906053
0.815336	-0.0927811
0.846696	-0.0942903
0.878055	-0.0950802
0.909414	-0.0951125
0.940773	-0.0943653
0.972132	-0.092834
1.00349	-0.0905323
1.03485	-0.0874916
1.06621	-0.0837607
1.09757	-0.0794039
1.12893	-0.0744988
1.16029	-0.0691345
1.19165	-0.0634075
1.223	-0.0574195
1.25436	-0.0512738
1.28572	-0.0450722
1.31708	-0.038912
1.34844	-0.0328837
1.3798	-0.0270683
1.41116	-0.0215367
1.44252	-0.0163473
1.47388	-0.0115467
1.50524	-0.00716843
1.5366	-0.00323439
1.56795	0.000245095
1.59931	0.00326991
1.63067	0.00584893
1.66203	0.00799858
1.69339	0.00974139
1.72475	0.0111045
1.75611	0.0121184
1.78747	0.0128156
1.81883	0.0132293
1.85019	0.0133932
1.88155	0.0133398
1.9129	0.0131006
1.94426	0.0127052
1.97562	0.0121814
2.00698	0.0116359
2.03834	0.0112801
2.0697	0.0108349
2.10106	0.0103109
2.13242	0.00971892
2.16378	0.00906961
2.19514	0.00837336
2.2265	0.00764004
2.25785	0.00687861
2.28921	0.00609668
2.32057	0.00529984
2.35193	0.00449087
2.38329	0.00366861
2.41465	0.00282665
2.44601	0.00195154
2.47737	0.00102075
2.50873	7.45287e-13
