0	0
0.0313591	-3.3678e-18
0.0627182	1.19601e-17
0.0940773	-1.89668e-17
0.125436	1.11063e-17
0.156795	-3.01544e-18
0.188155	4.45201e-18
0.219514	-7.11508e-18
0.250873	6.51877e-18
0.282232	-4.87891e-19
0.313591	3.03577e-18
0.34495	-5.63785e-18
0.376309	-3.90313e-18
0.407668	5.42101e-18
0.439027	7.58942e-19
0.470386	-3.57122e-11
0.501746	-1.63658e-10
0.533105	-3.46165e-10
0.564464	-5.9238e-10
0.595823	-9.58781e-10
0.627182	-1.51391e-09
0.658541	-2.39125e-09
0.6899	-3.75622e-09
0.721259	-5.88779e-09
0.752618	-9.17611e-09
0.783977	-1.42116e-08
0.815336	-2.18644e-08
0.846696	-3.33884e-08
0.878055	-5.06187e-08
0.909414	-7.61668e-08
0.940773	-1.13753e-07
0.972132	-1.68623e-07
1.00349	-2.48087e-07
1.03485	-3.6228e-07
1.06621	-5.25096e-07
1.09757	-7.55419e-07
1.12893	-1.07871e-06
1.16029	-1.52893e-06
1.19165	-2.15105e-06
1.223	-3.00397e-06
1.25436	-4.16421e-06
1.28572	-5.73017e-06
1.31708	-7.82726e-06
1.34844	-1.06137e-05
1.3798	-1.42873e-05
1.41116	-1.90927e-05
1.44252	-2.53297e-05
1.47388	-3.33616e-05
1.50524	-4.36245e-05
1.5366	-5.66361e-05
1.56795	-7.30043e-05
1.59931	-9.34349e-05
1.63067	-0.000118738
1.66203	-0.000149833
1.69339	-0.000187748
1.72475	-0.000233623
1.75611	-0.000288698
1.78747	-0.00035431
1.81883	-0.000431872
1.85019	-0.000522856
1.88155	-0.00062877
1.9129	-0.000751125
1.94426	-0.000891403
1.97562	-0.00105102
2.00698	-0.000932452
2.03834	6.05188e-05
2.0697	0.000798568
2.10106	0.00129849
2.13242	0.00158446
2.16378	0.00168597
2.19514	0.00163555
2.2265	0.00146641
2.25785	0.00121017
2.28921	0.000894573
2.32057	0.00054131
2.35193	0.000163782
2.38329	-0.000235348
2.41465	-0.000667153
2.44601	-0.00116052
2.47737	-0.00176809
2.50873	-0.0025753
