0	0
0.0313591	-0.00137669
0.0627182	-0.00269321
0.0940773	-0.00389206
0.125436	-0.00492088
0.156795	-0.00573472
0.188155	-0.00629784
0.219514	-0.00658499
0.250873	-0.00658221
0.282232	-0.006287
0.313591	-0.00570797
0.34495	-0.00486391
0.376309	-0.00378256
0.407668	-0.00249886
0.439027	-0.00105321
0.470386	0.000510587
0.501746	0.00214724
0.533105	0.00381181
0.564464	0.00546137
0.595823	0.00705641
0.627182	0.0085619
0.658541	0.00994808
0.6899	0.011191
0.721259	0.0122724
0.752618	0.0131802
0.783977	0.0139076
0.815336	0.0144528
0.846696	0.0148185
0.878055	0.0150115
0.909414	0.0150413
0.940773	0.01492
0.972132	0.0146615
1.00349	0.0142811
1.03485	0.0137945
1.06621	0.0132179
1.09757	0.0125671
1.12893	0.0118577
1.16029	0.0111045
1.19165	0.0103217
1.223	0.00952206
1.25436	0.00871758
1.28572	0.00791893
1.31708	0.00713562
1.34844	0.00637587
1.3798	0.00564669
1.41116	0.00495385
1.44252	0.00430193
1.47388	0.00369437
1.50524	0.00313353
1.5366	0.00262076
1.56795	0.00215648
1.59931	0.00174029
1.63067	0.00137109
1.66203	0.00104714
1.69339	0.000766192
1.72475	0.000525613
1.75611	0.000322466
1.78747	0.000153622
1.81883	1.58433e-05
1.85019	-9.41323e-05
1.88155	-0.000179523
1.9129	-0.000243442
1.94426	-0.000288856
1.97562	-0.000318543
2.00698	-0.000337429
2.03834	-0.000354297
2.0697	-0.000362572
2.10106	-0.000363251
2.13242	-0.000357301
2.16378	-0.000345643
2.19514	-0.000329134
2.2265	-0.000308546
2.25785	-0.000284556
2.28921	-0.000257718
2.32057	-0.000228448
2.35193	-0.000196998
2.38329	-0.000163427
2.41465	-0.000127562
2.44601	-8.89574e-05
2.47737	-4.68321e-05
2.50873	6.22512e-13
