0	0
0.0313591	-9.44156e-05
0.0627182	-0.000192587
0.0940773	-0.000298189
0.125436	-0.000414735
0.156795	-0.0005455
0.188155	-0.000693439
0.219514	-0.000861116
0.250873	-0.00105062
0.282232	-0.00126352
0.313591	-0.00150075
0.34495	-0.00176259
0.376309	-0.00204855
0.407668	-0.00235735
0.439027	-0.00268683
0.470386	-0.00303385
0.501746	-0.00339424
0.533105	-0.0037627
0.564464	-0.00413272
0.595823	-0.00449642
0.627182	-0.00484447
0.658541	-0.00516595
0.6899	-0.00544821
0.721259	-0.00567673
0.752618	-0.00583503
0.783977	-0.00590452
0.815336	-0.00586452
0.846696	-0.0056922
0.878055	-0.00536274
0.909414	-0.00484947
0.940773	-0.00412427
0.972132	-0.00315798
1.00349	-0.00192108
1.03485	-0.000384507
1.06621	0.00147937
1.09757	0.00369559
1.12893	0.00628533
1.16029	0.00926453
1.19165	0.0126424
1.223	0.0164202
1.25436	0.0205896
1.28572	0.0251318
1.31708	0.0300166
1.34844	0.0352018
1.3798	0.040633
1.41116	0.0462442
1.44252	0.0519583
1.47388	0.0576889
1.50524	0.0633417
1.5366	0.0688175
1.56795	0.0740145
1.59931	0.0788313
1.63067	0.0831704
1.66203	0.0869415
1.69339	0.0900642
1.72475	0.092471
1.75611	0.0941101
1.78747	0.0949463
1.81883	0.0949632
1.85019	0.094163
1.88155	0.0925666
1.9129	0.0902123
1.94426	0.0871547
1.97562	0.0834621
2.00698	0.0797706
2.03834	0.0774638
2.0697	0.0745817
2.10106	0.0711621
2.13242	0.067254
2.16378	0.0629151
2.19514	0.0582094
2.2265	0.0532041
2.25785	0.047965
2.28921	0.0425516
2.32057	0.037011
2.35193	0.0313702
2.38329	0.0256282
2.41465	0.0197453
2.44601	0.0136308
2.47737	0.00712892
2.50873	7.45287e-13
