0	0
0.0313591	0.00487791
0.0627182	0.00979348
0.0940773	0.0147816
0.125436	0.0198716
0.156795	0.0250852
0.188155	0.0304338
0.219514	0.0359174
0.250873	0.0415229
0.282232	0.0472241
0.313591	0.0529811
0.34495	0.0587415
0.376309	0.0644413
0.407668	0.0700071
0.439027	0.0753584
0.470386	0.0804103
0.501746	0.0850768
0.533105	0.089274
0.564464	0.0929237
0.595823	0.095956
0.627182	0.0983129
0.658541	0.0999502
0.6899	0.100839
0.721259	0.100969
0.752618	0.100346
0.783977	0.0989923
0.815336	0.0969491
0.846696	0.0942707
0.878055	0.0910244
0.909414	0.0872876
0.940773	0.0831452
0.972132	0.0786862
1.00349	0.0740009
1.03485	0.0691779
1.06621	0.0643018
1.09757	0.0594507
1.12893	0.0546944
1.16029	0.0500931
1.19165	0.0456968
1.223	0.0415445
1.25436	0.0376645
1.28572	0.034075
1.31708	0.0307847
1.34844	0.0277939
1.3798	0.0250958
1.41116	0.0226776
1.44252	0.020522
1.47388	0.0186086
1.50524	0.0169147
1.5366	0.0154168
1.56795	0.0140913
1.59931	0.0129153
1.63067	0.0118674
1.66203	0.0109278
1.69339	0.0100788
1.72475	0.00930509
1.75611	0.00859343
1.78747	0.00793294
1.81883	0.00731478
1.85019	0.00673204
1.88155	0.0061795
1.9129	0.00565342
1.94426	0.00515122
1.97562	0.00467131
2.00698	0.00424245
2.03834	0.00392609
2.0697	0.0036119
2.10106	0.00330109
2.13242	0.00299513
2.16378	0.00269564
2.19514	0.0024043
2.2265	0.0021227
2.25785	0.00185218
2.28921	0.00159368
2.32057	0.00134753
2.35193	0.00111323
2.38329	0.000889161
2.41465	0.000672219
2.44601	0.000457363
2.47737	0.000236977
2.50873	7.45287e-13
