0	0
0.0313591	-8.82502e-19
0.0627182	-1.16107e-17
0.0940773	1.46041e-17
0.125436	-8.94297e-18
0.156795	1.93547e-18
0.188155	-9.26061e-18
0.219514	9.8781e-18
0.250873	2.38694e-18
0.282232	-3.57122e-11
0.313591	-1.63658e-10
0.34495	-3.46165e-10
0.376309	-5.9238e-10
0.407668	-9.58781e-10
0.439027	-1.51391e-09
0.470386	-2.39125e-09
0.501746	-3.75622e-09
0.533105	-5.88779e-09
0.564464	-9.17611e-09
0.595823	-1.42116e-08
0.627182	-2.18644e-08
0.658541	-3.33884e-08
0.6899	-5.06187e-08
0.721259	-7.61668e-08
0.752618	-1.13753e-07
0.783977	-1.68623e-07
0.815336	-2.48087e-07
0.846696	-3.6228e-07
0.878055	-5.25096e-07
0.909414	-7.55419e-07
0.940773	-1.07871e-06
0.972132	-1.52893e-06
1.00349	-2.15105e-06
1.03485	-3.00397e-06
1.06621	-4.16421e-06
1.09757	-5.73017e-06
1.12893	-7.82726e-06
1.16029	-1.06137e-05
1.19165	-1.42873e-05
1.223	-1.90927e-05
1.25436	-2.53297e-05
1.28572	-3.33616e-05
1.31708	-4.36245e-05
1.34844	-5.66361e-05
1.3798	-7.30043e-05
1.41116	-9.34349e-05
1.44252	-0.000118738
1.47388	-0.000149833
1.50524	-0.000187748
1.5366	-0.000233623
1.56795	-0.000288698
1.59931	-0.00035431
1.63067	-0.000431872
1.66203	-0.000522856
1.69339	-0.00062877
1.72475	-0.000751125
1.75611	-0.000891403
1.78747	-0.00105102
1.81883	-0.0012313
1.85019	-0.0014334
1.88155	-0.00165835
1.9129	-0.00190693
1.94426	-0.00217975
1.97562	-0.00247716
2.00698	-0.00228982
2.03834	-0.000478119
2.0697	0.00106258
2.10106	0.00229807
2.13242	0.00320779
2.16378	0.00378459
2.19514	0.00403363
2.2265	0.0039701
2.25785	0.0036159
2.28921	0.00299529
2.32057	0.0021294
2.35193	0.00102953
2.38329	-0.000310767
2.41465	-0.00192535
2.44601	-0.00388721
2.47737	-0.00632297
2.50873	-0.0094314
