0	0
0.0313591	5.42101e-19
0.0627182	-2.98156e-18
0.0940773	-3.68629e-18
0.125436	-9.54098e-18
0.156795	1.17094e-17
0.188155	-1.47451e-17
0.219514	1.25767e-17
0.250873	-5.20417e-18
0.282232	-1.73472e-18
0.313591	8.67362e-19
0.34495	-1.73472e-17
0.376309	4.33681e-18
0.407668	-1.73472e-17
0.439027	1.56125e-17
0.470386	-3.1225e-17
0.501746	0
0.533105	3.46945e-18
0.564464	-2.77556e-17
0.595823	2.77556e-17
0.627182	-4.51028e-17
0.658541	4.85723e-17
0.6899	-2.77556e-17
0.721259	0
0.752618	1.38778e-17
0.783977	2.77556e-17
0.815336	-5.55112e-17
0.846696	-3.57122e-11
0.878055	-1.63658e-10
0.909414	-3.46165e-10
0.940773	-5.9238e-10
0.972132	-9.58781e-10
1.00349	-1.51391e-09
1.03485	-2.39125e-09
1.06621	-3.75622e-09
1.09757	-5.88779e-09
1.12893	-9.17611e-09
1.16029	-1.42116e-08
1.19165	-2.18644e-08
1.223	-3.33884e-08
1.25436	-5.06187e-08
1.28572	-7.61668e-08
1.31708	-1.13753e-07
1.34844	-1.68623e-07
1.3798	-2.48087e-07
1.41116	-3.6228e-07
1.44252	-5.25096e-07
1.47388	-7.55419e-07
1.50524	-1.07871e-06
1.5366	-1.52893e-06
1.56795	-2.15105e-06
1.59931	-3.00397e-06
1.63067	-4.16421e-06
1.66203	-5.73017e-06
1.69339	-7.82726e-06
1.72475	-1.06137e-05
1.75611	-1.42873e-05
1.78747	-1.90927e-05
1.81883	-2.53297e-05
1.85019	-3.33616e-05
1.88155	-4.36245e-05
1.9129	-5.66361e-05
1.94426	-7.30043e-05
1.97562	-9.34349e-05
2.00698	-7.51762e-05
2.03834	4.93678e-05
2.0697	0.000116644
2.10106	0.000142729
2.13242	0.000141039
2.16378	0.000122348
2.19514	9.493e-05
2.2265	6.47995e-05
2.25785	3.60059e-05
2.28921	1.09588e-05
2.32057	-9.25374e-06
2.35193	-2.45818e-05
2.38329	-3.57957e-05
2.41465	-4.43702e-05
2.44601	-5.25198e-05
2.47737	-6.34687e-05
2.50873	-8.20979e-05
