0	0
0.0313591	0.0061599
0.0627182	0.012205
0.0940773	0.0180247
0.125436	0.0235161
0.156795	0.0285878
0.188155	0.0331626
0.219514	0.0371797
0.250873	0.0405961
0.282232	0.043387
0.313591	0.0455457
0.34495	0.0470824
0.376309	0.0480228
0.407668	0.0484055
0.439027	0.0482797
0.470386	0.0477024
0.501746	0.0467355
0.533105	0.0454432
0.564464	0.0438891
0.595823	0.0421348
0.627182	0.0402371
0.658541	0.0382476
0.6899	0.0362111
0.721259	0.0341656
0.752618	0.0321416
0.783977	0.0301632
0.815336	0.0282478
0.846696	0.026407
0.878055	0.0246479
0.909414	0.0229733
0.940773	0.0213831
0.972132	0.0198749
1.00349	0.0184447
1.03485	0.0170879
1.06621	0.0157997
1.09757	0.0145752
1.12893	0.0134104
1.16029	0.0123016
1.19165	0.011246
1.223	0.0102418
1.25436	0.00928756
1.28572	0.00838274
1.31708	0.00752718
1.34844	0.00672103
1.3798	0.00596465
1.41116	0.00525842
1.44252	0.00460262
1.47388	0.00399729
1.50524	0.0034422
1.5366	0.00293673
1.56795	0.00247991
1.59931	0.00207034
1.63067	0.00170625
1.66203	0.00138549
1.69339	0.00110565
1.72475	0.000864026
1.75611	0.000657747
1.78747	0.000483809
1.81883	0.000339147
1.85019	0.000220692
1.88155	0.000125431
1.9129	5.04452e-05
1.94426	-7.043e-06
1.97562	-4.96439e-05
2.00698	-8.03372e-05
2.03834	-0.000103552
2.0697	-0.000119104
2.10106	-0.000127996
2.13242	-0.000131217
2.16378	-0.000129729
2.19514	-0.000124451
2.2265	-0.00011624
2.25785	-0.000105878
2.28921	-9.40574e-05
2.32057	-8.13599e-05
2.35193	-6.82399e-05
2.38329	-5.50015e-05
2.41465	-4.1771e-05
2.44601	-2.84649e-05
2.47737	-1.47507e-05
2.50873	7.41119e-13
