0	0
0.0313591	0
0.0627182	-1.12757e-17
0.0940773	-6.07153e-18
0.125436	2.77556e-17
0.156795	-2.77556e-17
0.188155	5.20417e-18
0.219514	1.56125e-17
0.250873	-3.81639e-17
0.282232	1.04083e-17
0.313591	4.16334e-17
0.34495	-1.38778e-17
0.376309	-1.04083e-17
0.407668	3.46945e-17
0.439027	5.20417e-18
0.470386	6.93889e-18
0.501746	8.67362e-18
0.533105	-1.04083e-17
0.564464	-3.46945e-18
0.595823	-2.77556e-17
0.627182	0
0.658541	-1.73472e-18
0.6899	-1.82146e-17
0.721259	-7.80626e-18
0.752618	3.46945e-18
0.783977	-1.04083e-17
0.815336	-3.46945e-18
0.846696	-3.03577e-18
0.878055	-3.90313e-18
0.909414	-1.73472e-18
0.940773	-3.90313e-18
0.972132	4.33681e-18
1.00349	-5.42101e-18
1.03485	2.60209e-18
1.06621	1.30104e-18
1.09757	3.25261e-19
1.12893	1.95156e-18
1.16029	6.50521e-19
1.19165	-2.71051e-19
1.223	5.14996e-19
1.25436	5.96311e-19
1.28572	1.0842e-19
1.31708	8.13152e-20
1.34844	3.52366e-19
1.3798	1.0842e-19
1.41116	6.77626e-21
1.44252	1.4569e-19
1.47388	5.42101e-20
1.50524	1.52466e-20
1.5366	4.40457e-20
1.56795	2.87991e-20
1.59931	8.47033e-22
1.63067	1.01644e-20
1.66203	4.23516e-22
1.69339	3.59989e-21
1.72475	2.22346e-21
1.75611	7.41154e-22
1.78747	-2.64698e-22
1.81883	3.17637e-22
1.85019	7.14684e-22
1.88155	3.30872e-22
1.9129	9.26442e-23
1.94426	1.52201e-22
1.97562	-3.57122e-11
2.00698	-4.85263e-11
2.03834	7.18899e-11
2.0697	2.9204e-11
2.10106	8.28536e-12
2.13242	-9.76963e-13
2.16378	-4.31468e-12
2.19514	-4.86661e-12
2.2265	-4.27659e-12
2.25785	-3.35321e-12
2.28921	-2.45636e-12
2.32057	-1.71719e-12
2.35193	-1.15898e-12
2.38329	-7.60529e-13
2.41465	-4.87445e-13
2.44601	-3.0611e-13
2.47737	-5.5492e-13
2.50873	-1.77575e-12
