0	0
0.0313591	-0.00287212
0.0627182	-0.00578984
0.0940773	-0.00879735
0.125436	-0.0119361
0.156795	-0.0152432
0.188155	-0.0187505
0.219514	-0.0224826
0.250873	-0.0264561
0.282232	-0.0306782
0.313591	-0.0351456
0.34495	-0.0398439
0.376309	-0.0447467
0.407668	-0.0498158
0.439027	-0.0550011
0.470386	-0.0602414
0.501746	-0.0654652
0.533105	-0.0705927
0.564464	-0.0755373
0.595823	-0.0802085
0.627182	-0.0845145
0.658541	-0.0883649
0.6899	-0.0916745
0.721259	-0.0943656
0.752618	-0.0963715
0.783977	-0.0976391
0.815336	-0.0981306
0.846696	-0.0978257
0.878055	-0.0967223
0.909414	-0.0948368
0.940773	-0.0922035
0.972132	-0.0888738
1.00349	-0.0849141
1.03485	-0.0804038
1.06621	-0.0754319
1.09757	-0.0700949
1.12893	-0.0644925
1.16029	-0.0587255
1.19165	-0.0528918
1.223	-0.0470846
1.25436	-0.0413893
1.28572	-0.0358817
1.31708	-0.0306273
1.34844	-0.0256795
1.3798	-0.0210798
1.41116	-0.016858
1.44252	-0.0130323
1.47388	-0.00961066
1.50524	-0.00659156
1.5366	-0.0039655
1.56795	-0.00171637
1.59931	0.000177142
1.63067	0.00174019
1.66203	0.00300047
1.69339	0.00398709
1.72475	0.00472958
1.75611	0.00525711
1.78747	0.00559783
1.81883	0.00577837
1.85019	0.00582358
1.88155	0.00575627
1.9129	0.00559716
1.94426	0.00536484
1.97562	0.00507586
2.00698	0.00477814
2.03834	0.00455893
2.0697	0.00430446
2.10106	0.00402158
2.13242	0.00371694
2.16378	0.00339693
2.19514	0.00306762
2.2265	0.00273468
2.25785	0.00240321
2.28921	0.00207754
2.32057	0.001761
2.35193	0.00145557
2.38329	0.0011614
2.41465	0.000876254
2.44601	0.000594777
2.47737	0.000307545
2.50873	-1.42453e-07
