0	0
0.0313591	0.00883253
0.0627182	0.0176177
0.0940773	0.0263069
0.125436	0.0348486
0.156795	0.043188
0.188155	0.0512659
0.219514	0.0590192
0.250873	0.066381
0.282232	0.073282
0.313591	0.0796519
0.34495	0.0854215
0.376309	0.0905252
0.407668	0.0949032
0.439027	0.0985045
0.470386	0.101289
0.501746	0.10323
0.533105	0.104314
0.564464	0.104546
0.595823	0.103946
0.627182	0.10255
0.658541	0.100408
0.6899	0.097587
0.721259	0.0941627
0.752618	0.0902213
0.783977	0.0858552
0.815336	0.0811601
0.846696	0.0762324
0.878055	0.071166
0.909414	0.0660498
0.940773	0.0609658
0.972132	0.0559868
1.00349	0.0511757
1.03485	0.0465841
1.06621	0.0422525
1.09757	0.03821
1.12893	0.0344752
1.16029	0.0310568
1.19165	0.0279546
1.223	0.0251613
1.25436	0.0226632
1.28572	0.0204422
1.31708	0.0184764
1.34844	0.0167423
1.3798	0.015215
1.41116	0.0138697
1.44252	0.0126825
1.47388	0.0116307
1.50524	0.0106936
1.5366	0.00985257
1.56795	0.0090914
1.59931	0.00839615
1.63067	0.00775523
1.66203	0.00715923
1.69339	0.00660073
1.72475	0.00607409
1.75611	0.00557519
1.78747	0.00510116
1.81883	0.00465017
1.85019	0.00422116
1.88155	0.00381364
1.9129	0.00342748
1.94426	0.00306278
1.97562	0.00271969
2.00698	0.00241519
2.03834	0.00218252
2.0697	0.00195827
2.10106	0.00174369
2.13242	0.00153995
2.16378	0.00134806
2.19514	0.00116884
2.2265	0.00100285
2.25785	0.000850364
2.28921	0.000711291
2.32057	0.000585156
2.35193	0.000471019
2.38329	0.000367395
2.41465	0.000272124
2.44601	0.000182188
2.47737	9.34087e-05
2.50873	7.45287e-13
