0	0
0.0313591	-0.00206011
0.0627182	-0.00413489
0.0940773	-0.00623934
0.125436	-0.00838901
0.156795	-0.0106002
0.188155	-0.0128901
0.219514	-0.0152766
0.250873	-0.0177782
0.282232	-0.0204133
0.313591	-0.0232001
0.34495	-0.0261553
0.376309	-0.0292933
0.407668	-0.0326253
0.439027	-0.0361577
0.470386	-0.0398914
0.501746	-0.0438201
0.533105	-0.0479293
0.564464	-0.0521958
0.595823	-0.0565864
0.627182	-0.0610581
0.658541	-0.065558
0.6899	-0.0700241
0.721259	-0.0743858
0.752618	-0.078566
0.783977	-0.0824828
0.815336	-0.0860518
0.846696	-0.0891892
0.878055	-0.0918141
0.909414	-0.0938522
0.940773	-0.0952381
0.972132	-0.0959184
1.00349	-0.095854
1.03485	-0.0950219
1.06621	-0.0934164
1.09757	-0.09105
1.12893	-0.087953
1.16029	-0.0841731
1.19165	-0.0797735
1.223	-0.0748309
1.25436	-0.0694333
1.28572	-0.0636767
1.31708	-0.057662
1.34844	-0.0514919
1.3798	-0.0452676
1.41116	-0.0390861
1.44252	-0.0330373
1.47388	-0.0272024
1.50524	-0.0216516
1.5366	-0.0164434
1.56795	-0.0116242
1.59931	-0.00722754
1.63067	-0.00327518
1.66203	0.000222508
1.69339	0.0032654
1.72475	0.00586232
1.75611	0.0080296
1.78747	0.00978968
1.81883	0.0111696
1.85019	0.0121996
1.88155	0.0129119
1.9129	0.0133398
1.94426	0.0135163
1.97562	0.0134738
2.00698	0.0133364
2.03834	0.0133654
2.0697	0.0132492
2.10106	0.0129973
2.13242	0.0126191
2.16378	0.0121237
2.19514	0.0115195
2.2265	0.0108141
2.25785	0.0100139
2.28921	0.00912341
2.32057	0.00814469
2.35193	0.00707677
2.38329	0.00591452
2.41465	0.00464751
2.44601	0.00325848
2.47737	0.00172154
2.50873	7.45287e-13
