0	0
0.0313591	0.0112323
0.0627182	0.0223246
0.0940773	0.0331394
0.125436	0.0435434
0.156795	0.0534103
0.188155	0.0626226
0.219514	0.071074
0.250873	0.0786712
0.282232	0.085336
0.313591	0.091007
0.34495	0.0956405
0.376309	0.0992121
0.407668	0.101717
0.439027	0.103168
0.470386	0.103599
0.501746	0.103062
0.533105	0.101622
0.564464	0.0993596
0.595823	0.0963681
0.627182	0.0927478
0.658541	0.0886049
0.6899	0.0840483
0.721259	0.0791861
0.752618	0.0741233
0.783977	0.068959
0.815336	0.063784
0.846696	0.0586797
0.878055	0.0537161
0.909414	0.0489518
0.940773	0.0444332
0.972132	0.0401948
1.00349	0.0362599
1.03485	0.0326413
1.06621	0.0293427
1.09757	0.0263593
1.12893	0.0236803
1.16029	0.0212891
1.19165	0.0191657
1.223	0.0172873
1.25436	0.0156297
1.28572	0.0141684
1.31708	0.0128792
1.34844	0.0117392
1.3798	0.0107272
1.41116	0.00982364
1.44252	0.00901152
1.47388	0.00827596
1.50524	0.00760436
1.5366	0.00698632
1.56795	0.00641345
1.59931	0.00587914
1.63067	0.00537838
1.66203	0.0049075
1.69339	0.0044639
1.72475	0.00404584
1.75611	0.00365224
1.78747	0.00328243
1.81883	0.00293604
1.85019	0.00261284
1.88155	0.00231261
1.9129	0.00203506
1.94426	0.0017798
1.97562	0.00154626
2.00698	0.00134307
2.03834	0.00118683
2.0697	0.00104123
2.10106	0.000906655
2.13242	0.000783289
2.16378	0.000671153
2.19514	0.000570083
2.2265	0.00047973
2.25785	0.000399564
2.28921	0.000328878
2.32057	0.000266792
2.35193	0.000212255
2.38329	0.000164029
2.41465	0.000120661
2.44601	8.04076e-05
2.47737	4.11157e-05
2.50873	7.45284e-13
