0	0
0.0313591	-0.000168859
0.0627182	-0.000340496
0.0940773	-0.000517701
0.125436	-0.000703295
0.156795	-0.000900133
0.188155	-0.0011111
0.219514	-0.00133913
0.250873	-0.00158713
0.282232	-0.00185803
0.313591	-0.00215466
0.34495	-0.00247977
0.376309	-0.00283593
0.407668	-0.00322547
0.439027	-0.00365043
0.470386	-0.00411245
0.501746	-0.00461275
0.533105	-0.00515206
0.564464	-0.00573055
0.595823	-0.00634784
0.627182	-0.007003
0.658541	-0.00769457
0.6899	-0.00842063
0.721259	-0.00917892
0.752618	-0.00996696
0.783977	-0.0107822
0.815336	-0.0116224
0.846696	-0.0124856
0.878055	-0.0133706
0.909414	-0.0142772
0.940773	-0.0152067
0.972132	-0.0161617
1.00349	-0.0171471
1.03485	-0.0181695
1.06621	-0.0192384
1.09757	-0.0203653
1.12893	-0.0215646
1.16029	-0.0228529
1.19165	-0.0242491
1.223	-0.025774
1.25436	-0.0274496
1.28572	-0.0292987
1.31708	-0.0313436
1.34844	-0.0336055
1.3798	-0.0361031
1.41116	-0.0388513
1.44252	-0.0418599
1.47388	-0.0451326
1.50524	-0.0486649
1.5366	-0.0524438
1.56795	-0.0564463
1.59931	-0.060639
1.63067	-0.0649778
1.66203	-0.0694076
1.69339	-0.0738635
1.72475	-0.0782713
1.75611	-0.0825494
1.78747	-0.0866106
1.81883	-0.0903643
1.85019	-0.0937195
1.88155	-0.0965875
1.9129	-0.0988847
1.94426	-0.100536
1.97562	-0.101476
2.00698	-0.102368
2.03834	-0.105053
2.0697	-0.107001
2.10106	-0.108096
2.13242	-0.108229
2.16378	-0.107291
2.19514	-0.105184
2.2265	-0.101813
2.25785	-0.0970931
2.28921	-0.0909446
2.32057	-0.0832895
2.35193	-0.0740471
2.38329	-0.0631268
2.41465	-0.0504194
2.44601	-0.0357876
2.47737	-0.0190555
2.50873	7.45287e-13
