0	0
0.0313591	-6.245e-17
0.0627182	9.36751e-17
0.0940773	-2.77556e-17
0.125436	3.46945e-17
0.156795	-4.85723e-17
0.188155	6.245e-17
0.219514	-6.93889e-17
0.250873	5.55112e-17
0.282232	-2.77556e-17
0.313591	4.16334e-17
0.34495	-2.77556e-17
0.376309	8.32667e-17
0.407668	-5.55112e-17
0.439027	5.55112e-17
0.470386	-2.77556e-17
0.501746	2.77556e-17
0.533105	-1.38778e-17
0.564464	0
0.595823	-1.38778e-17
0.627182	0
0.658541	2.77556e-17
0.6899	2.77556e-17
0.721259	-2.77556e-17
0.752618	1.38778e-17
0.783977	2.77556e-17
0.815336	-2.08167e-17
0.846696	2.08167e-17
0.878055	-2.77556e-17
0.909414	-1.38778e-17
0.940773	0
0.972132	-2.08167e-17
1.00349	0
1.03485	-2.42861e-17
1.06621	0
1.09757	-1.73472e-18
1.12893	-8.67362e-18
1.16029	-3.46945e-18
1.19165	4.33681e-18
1.223	-1.56125e-17
1.25436	0
1.28572	-7.80626e-18
1.31708	3.90313e-18
1.34844	-6.93889e-18
1.3798	2.1684e-18
1.41116	3.03577e-18
1.44252	-1.95156e-18
1.47388	1.40946e-18
1.50524	1.0842e-18
1.5366	-5.42101e-19
1.56795	4.87891e-19
1.59931	1.19262e-18
1.63067	-3.57122e-11
1.66203	-1.63658e-10
1.69339	-3.46165e-10
1.72475	-5.9238e-10
1.75611	-9.58781e-10
1.78747	-1.51391e-09
1.81883	-2.39125e-09
1.85019	-3.75622e-09
1.88155	-5.88779e-09
1.9129	-9.17611e-09
1.94426	-1.42116e-08
1.97562	-2.18644e-08
2.00698	-1.29166e-08
2.03834	2.87157e-08
2.0697	3.55468e-08
2.10106	2.8103e-08
2.13242	1.69931e-08
2.16378	7.04883e-09
2.19514	-1.04683e-10
2.2265	-4.3697e-09
2.25785	-6.35405e-09
2.28921	-6.74576e-09
2.32057	-6.25426e-09
2.35193	-5.34574e-09
2.38329	-4.2377e-09
2.41465	-3.17185e-09
2.44601	-2.3273e-09
2.47737	-1.79066e-09
2.50873	-1.64525e-09
