0	0
0.0313591	2.03288e-18
0.0627182	2.98156e-19
0.0940773	7.04731e-18
0.125436	9.21572e-19
0.156795	-1.51788e-18
0.188155	-4.44523e-18
0.219514	5.20417e-18
0.250873	-8.34836e-18
0.282232	1.95156e-18
0.313591	-6.93889e-18
0.34495	3.03577e-18
0.376309	9.54098e-18
0.407668	-4.33681e-18
0.439027	-6.07153e-18
0.470386	6.93889e-18
0.501746	-1.04083e-17
0.533105	4.33681e-18
0.564464	-8.67362e-18
0.595823	6.93889e-18
0.627182	6.93889e-18
0.658541	-3.46945e-18
0.6899	-3.57122e-11
0.721259	-1.63658e-10
0.752618	-3.46165e-10
0.783977	-5.9238e-10
0.815336	-9.58781e-10
0.846696	-1.51391e-09
0.878055	-2.39125e-09
0.909414	-3.75622e-09
0.940773	-5.88779e-09
0.972132	-9.17611e-09
1.00349	-1.42116e-08
1.03485	-2.18644e-08
1.06621	-3.33884e-08
1.09757	-5.06187e-08
1.12893	-7.61668e-08
1.16029	-1.13753e-07
1.19165	-1.68623e-07
1.223	-2.48087e-07
1.25436	-3.6228e-07
1.28572	-5.25096e-07
1.31708	-7.55419e-07
1.34844	-1.07871e-06
1.3798	-1.52893e-06
1.41116	-2.15105e-06
1.44252	-3.00397e-06
1.47388	-4.16421e-06
1.50524	-5.73017e-06
1.5366	-7.82726e-06
1.56795	-1.06137e-05
1.59931	-1.42873e-05
1.63067	-1.90927e-05
1.66203	-2.53297e-05
1.69339	-3.33616e-05
1.72475	-4.36245e-05
1.75611	-5.66361e-05
1.78747	-7.30043e-05
1.81883	-9.34349e-05
1.85019	-0.000118738
1.88155	-0.000149833
1.9129	-0.000187748
1.94426	-0.000233623
1.97562	-0.000288698
2.00698	-0.000242684
2.03834	9.75356e-05
2.0697	0.000309432
2.10106	0.000418949
2.13242	0.000450632
2.16378	0.000426735
2.19514	0.000366587
2.2265	0.000286197
2.25785	0.000198083
2.28921	0.000111279
2.32057	3.1457e-05
2.35193	-3.89017e-05
2.38329	-0.000100402
2.41465	-0.000156822
2.44601	-0.000215576
2.47737	-0.00028887
2.50873	-0.000395971
