0	0
0.0313591	-2.01316e-06
0.0627182	-4.20124e-06
0.0940773	-6.74856e-06
0.125436	-9.85831e-06
0.156795	-1.37622e-05
0.188155	-1.87304e-05
0.219514	-2.50816e-05
0.250873	-3.3193e-05
0.282232	-4.35108e-05
0.313591	-5.656e-05
0.34495	-7.29537e-05
0.376309	-9.34015e-05
0.407668	-0.000118716
0.439027	-0.000149818
0.470386	-0.000187739
0.501746	-0.000233617
0.533105	-0.000288695
0.564464	-0.000354308
0.595823	-0.00043187
0.627182	-0.000522855
0.658541	-0.000628769
0.6899	-0.000751124
0.721259	-0.000891403
0.752618	-0.00105102
0.783977	-0.0012313
0.815336	-0.0014334
0.846696	-0.00165835
0.878055	-0.00190693
0.909414	-0.00217975
0.940773	-0.00247716
0.972132	-0.00279931
1.00349	-0.00314618
1.03485	-0.0035176
1.06621	-0.00391335
1.09757	-0.00433324
1.12893	-0.0047773
1.16029	-0.00524584
1.19165	-0.00573974
1.223	-0.00626056
1.25436	-0.00681087
1.28572	-0.0073944
1.31708	-0.00801634
1.34844	-0.00868355
1.3798	-0.0094048
1.41116	-0.0101909
1.44252	-0.0110549
1.47388	-0.0120121
1.50524	-0.0130799
1.5366	-0.0142778
1.56795	-0.0156269
1.59931	-0.0171499
1.63067	-0.0188697
1.66203	-0.0208094
1.69339	-0.022991
1.72475	-0.0254342
1.75611	-0.0281553
1.78747	-0.0311662
1.81883	-0.0344725
1.85019	-0.0380726
1.88155	-0.0419565
1.9129	-0.0461044
1.94426	-0.0504864
1.97562	-0.0550616
2.00698	-0.0601324
2.03834	-0.0666936
2.0697	-0.0735383
2.10106	-0.0805535
2.13242	-0.0875903
2.16378	-0.094461
2.19514	-0.100937
2.2265	-0.106749
2.25785	-0.111591
2.28921	-0.115125
2.32057	-0.116992
2.35193	-0.116828
2.38329	-0.114281
2.41465	-0.10904
2.44601	-0.10086
2.47737	-0.0896022
2.50873	-0.0752616
