0	0
0.0313591	-3.98986e-17
0.0627182	4.33681e-17
0.0940773	-1.38778e-17
0.125436	1.73472e-17
0.156795	2.77556e-17
0.188155	4.85723e-17
0.219514	-4.85723e-17
0.250873	8.32667e-17
0.282232	-1.38778e-17
0.313591	8.32667e-17
0.34495	-6.93889e-17
0.376309	8.32667e-17
0.407668	-4.16334e-17
0.439027	5.55112e-17
0.470386	-1.38778e-17
0.501746	2.77556e-17
0.533105	-1.38778e-17
0.564464	6.93889e-17
0.595823	-4.16334e-17
0.627182	5.55112e-17
0.658541	-4.16334e-17
0.6899	2.77556e-17
0.721259	-2.77556e-17
0.752618	1.38778e-17
0.783977	-2.77556e-17
0.815336	1.38778e-17
0.846696	1.38778e-17
0.878055	2.77556e-17
0.909414	-2.77556e-17
0.940773	2.77556e-17
0.972132	6.93889e-18
1.00349	-2.08167e-17
1.03485	1.38778e-17
1.06621	-2.77556e-17
1.09757	0
1.12893	-2.08167e-17
1.16029	-3.46945e-18
1.19165	-3.46945e-18
1.223	-2.08167e-17
1.25436	-2.08167e-17
1.28572	-3.46945e-18
1.31708	-8.67362e-18
1.34844	-1.56125e-17
1.3798	4.33681e-18
1.41116	-1.64799e-17
1.44252	-3.57122e-11
1.47388	-1.63658e-10
1.50524	-3.46165e-10
1.5366	-5.9238e-10
1.56795	-9.58781e-10
1.59931	-1.51391e-09
1.63067	-2.39125e-09
1.66203	-3.75622e-09
1.69339	-5.88779e-09
1.72475	-9.17611e-09
1.75611	-1.42116e-08
1.78747	-2.18644e-08
1.81883	-3.33884e-08
1.85019	-5.06187e-08
1.88155	-7.61668e-08
1.9129	-1.13753e-07
1.94426	-1.68623e-07
1.97562	-2.48087e-07
2.00698	-1.60485e-07
2.03834	2.86239e-07
2.0697	3.97668e-07
2.10106	3.49369e-07
2.13242	2.43061e-07
2.16378	1.32556e-07
2.19514	4.21275e-08
2.2265	-2.09507e-08
2.25785	-5.82718e-08
2.28921	-7.51539e-08
2.32057	-7.78466e-08
2.35193	-7.19168e-08
2.38329	-6.18508e-08
2.41465	-5.08139e-08
2.44601	-4.11751e-08
2.47737	-3.49494e-08
2.50873	-3.45674e-08
