0	0
0.0313591	2.74238e-05
0.0627182	5.45709e-05
0.0940773	8.11511e-05
0.125436	0.000106848
0.156795	0.000131305
0.188155	0.000154112
0.219514	0.00017479
0.250873	0.000192777
0.282232	0.000207412
0.313591	0.000217925
0.34495	0.000223415
0.376309	0.000222841
0.407668	0.000215009
0.439027	0.000198562
0.470386	0.000171966
0.501746	0.000133515
0.533105	8.13201e-05
0.564464	1.3318e-05
0.595823	-7.27217e-05
0.627182	-0.000179183
0.658541	-0.000308583
0.6899	-0.000463545
0.721259	-0.000646766
0.752618	-0.000860974
0.783977	-0.00110888
0.815336	-0.00139314
0.846696	-0.00171624
0.878055	-0.00208051
0.909414	-0.00248796
0.940773	-0.00294024
0.972132	-0.00343852
1.00349	-0.00398339
1.03485	-0.00457473
1.06621	-0.00521155
1.09757	-0.00589188
1.12893	-0.00661253
1.16029	-0.007369
1.19165	-0.00815518
1.223	-0.0089632
1.25436	-0.00978321
1.28572	-0.0106032
1.31708	-0.0114087
1.34844	-0.0121829
1.3798	-0.0129061
1.41116	-0.0135562
1.44252	-0.0141083
1.47388	-0.0145354
1.50524	-0.0148081
1.5366	-0.0148957
1.56795	-0.0147665
1.59931	-0.0143888
1.63067	-0.013732
1.66203	-0.012768
1.69339	-0.0114722
1.72475	-0.00982554
1.75611	-0.00781597
1.78747	-0.00544002
1.81883	-0.00270447
1.85019	0.000372202
1.88155	0.00375875
1.9129	0.00741033
1.94426	0.0112682
1.97562	0.0152599
2.00698	0.0194361
2.03834	0.0242217
2.0697	0.0291589
2.10106	0.0341242
2.13242	0.0389624
2.16378	0.0434858
2.19514	0.0474739
2.2265	0.0506757
2.25785	0.0528143
2.28921	0.053595
2.32057	0.0527172
2.35193	0.0498898
2.38329	0.0448524
2.41465	0.0374003
2.44601	0.0274148
2.47737	0.0148962
2.50873	7.45287e-13
