0	0
0.0313591	-0.000776327
0.0627182	-0.00155625
0.0940773	-0.0023432
0.125436	-0.00314034
0.156795	-0.00395039
0.188155	-0.00477559
0.219514	-0.00561756
0.250873	-0.00647736
0.282232	-0.00735541
0.313591	-0.00825166
0.34495	-0.0091656
0.376309	-0.0100965
0.407668	-0.0110435
0.439027	-0.0120061
0.470386	-0.0129841
0.501746	-0.0139781
0.533105	-0.0149898
0.564464	-0.0160224
0.595823	-0.0170805
0.627182	-0.018171
0.658541	-0.0193027
0.6899	-0.0204867
0.721259	-0.0217365
0.752618	-0.0230679
0.783977	-0.0244986
0.815336	-0.026048
0.846696	-0.0277368
0.878055	-0.029586
0.909414	-0.0316162
0.940773	-0.0338469
0.972132	-0.0362948
1.00349	-0.0389731
1.03485	-0.0418897
1.06621	-0.0450464
1.09757	-0.0484374
1.12893	-0.0520481
1.16029	-0.0558545
1.19165	-0.0598226
1.223	-0.0639079
1.25436	-0.0680557
1.28572	-0.0722018
1.31708	-0.0762737
1.34844	-0.0801921
1.3798	-0.0838728
1.41116	-0.0872295
1.44252	-0.0901764
1.47388	-0.0926311
1.50524	-0.0945178
1.5366	-0.0957701
1.56795	-0.0963339
1.59931	-0.0961695
1.63067	-0.0952539
1.66203	-0.0935817
1.69339	-0.091166
1.72475	-0.0880378
1.75611	-0.0842458
1.78747	-0.0798546
1.81883	-0.0749422
1.85019	-0.069598
1.88155	-0.0639195
1.9129	-0.058009
1.94426	-0.0519703
1.97562	-0.0459059
2.00698	-0.0401939
2.03834	-0.035443
2.0697	-0.0306435
2.10106	-0.0258825
2.13242	-0.0212495
2.16378	-0.0168336
2.19514	-0.0127216
2.2265	-0.00899491
2.25785	-0.00572745
2.28921	-0.00298263
2.32057	-0.000810635
2.35193	0.000754602
2.38329	0.00169907
2.41465	0.00203327
2.44601	0.00179854
2.47737	0.00107604
2.50873	7.45287e-13
