0	0
0.0313591	-4.57337e-05
0.0627182	-9.31965e-05
0.0940773	-0.000144124
0.125436	-0.000200261
0.156795	-0.000263369
0.188155	-0.000335217
0.219514	-0.000417584
0.250873	-0.000512242
0.282232	-0.000620943
0.313591	-0.000745395
0.34495	-0.000887239
0.376309	-0.00104802
0.407668	-0.00122915
0.439027	-0.00143188
0.470386	-0.00165727
0.501746	-0.00190618
0.533105	-0.00217922
0.564464	-0.0024768
0.595823	-0.00279906
0.627182	-0.00314601
0.658541	-0.00351749
0.6899	-0.00391327
0.721259	-0.00433319
0.752618	-0.00477727
0.783977	-0.00524582
0.815336	-0.00573972
0.846696	-0.00626055
0.878055	-0.00681086
0.909414	-0.0073944
0.940773	-0.00801634
0.972132	-0.00868355
1.00349	-0.0094048
1.03485	-0.0101909
1.06621	-0.0110549
1.09757	-0.0120121
1.12893	-0.0130799
1.16029	-0.0142778
1.19165	-0.0156269
1.223	-0.0171499
1.25436	-0.0188697
1.28572	-0.0208094
1.31708	-0.022991
1.34844	-0.0254342
1.3798	-0.0281553
1.41116	-0.0311662
1.44252	-0.0344725
1.47388	-0.0380726
1.50524	-0.0419565
1.5366	-0.0461044
1.56795	-0.0504864
1.59931	-0.0550616
1.63067	-0.0597784
1.66203	-0.0645746
1.69339	-0.0693786
1.72475	-0.0741103
1.75611	-0.0786835
1.78747	-0.0830078
1.81883	-0.0869916
1.85019	-0.0905447
1.88155	-0.0935814
1.9129	-0.0960239
1.94426	-0.097805
1.97562	-0.0988704
2.00698	-0.0998753
2.03834	-0.102619
2.0697	-0.104659
2.10106	-0.105902
2.13242	-0.106258
2.16378	-0.10565
2.19514	-0.104007
2.2265	-0.101272
2.25785	-0.0973968
2.28921	-0.0923399
2.32057	-0.086064
2.35193	-0.0785288
2.38329	-0.0696827
2.41465	-0.059452
2.44601	-0.04773
2.47737	-0.0343643
2.50873	-0.0191459
