0	0
0.0313591	-8.37902e-05
0.0627182	-0.00016996
0.0940773	-0.000260875
0.125436	-0.000358867
0.156795	-0.00046622
0.188155	-0.000585145
0.219514	-0.000717763
0.250873	-0.000866073
0.282232	-0.00103193
0.313591	-0.00121701
0.34495	-0.00142279
0.376309	-0.00165052
0.407668	-0.0019012
0.439027	-0.00217558
0.470386	-0.00247415
0.501746	-0.00279716
0.533105	-0.00314465
0.564464	-0.00351652
0.595823	-0.00391259
0.627182	-0.00433272
0.658541	-0.00477694
0.6899	-0.0052456
0.721259	-0.00573957
0.752618	-0.00626045
0.783977	-0.00681079
0.815336	-0.00739435
0.846696	-0.0080163
0.878055	-0.00868353
0.909414	-0.00940478
0.940773	-0.0101909
0.972132	-0.0110549
1.00349	-0.0120121
1.03485	-0.0130799
1.06621	-0.0142778
1.09757	-0.0156269
1.12893	-0.0171499
1.16029	-0.0188697
1.19165	-0.0208094
1.223	-0.022991
1.25436	-0.0254342
1.28572	-0.0281553
1.31708	-0.0311662
1.34844	-0.0344725
1.3798	-0.0380726
1.41116	-0.0419565
1.44252	-0.0461044
1.47388	-0.0504864
1.50524	-0.0550616
1.5366	-0.0597784
1.56795	-0.0645746
1.59931	-0.0693786
1.63067	-0.0741103
1.66203	-0.0786835
1.69339	-0.0830078
1.72475	-0.0869916
1.75611	-0.0905447
1.78747	-0.0935814
1.81883	-0.0960239
1.85019	-0.097805
1.88155	-0.0988704
1.9129	-0.0991816
1.94426	-0.0987172
1.97562	-0.0974735
2.00698	-0.0961353
2.03834	-0.0964061
2.0697	-0.0959255
2.10106	-0.0946617
2.13242	-0.0925978
2.16378	-0.0897321
2.19514	-0.0860782
2.2265	-0.0816632
2.25785	-0.0765249
2.28921	-0.0707065
2.32057	-0.0642497
2.35193	-0.0571855
2.38329	-0.0495221
2.41465	-0.0412309
2.44601	-0.0322298
2.47737	-0.0223649
2.50873	-0.0113914
