0	0
0.0313591	-2.24231e-09
0.0627182	-4.92901e-09
0.0940773	-8.58373e-09
0.125436	-1.38655e-08
0.156795	-2.17007e-08
0.188155	-3.33527e-08
0.219514	-5.06187e-08
0.250873	-7.61668e-08
0.282232	-1.13753e-07
0.313591	-1.68623e-07
0.34495	-2.48087e-07
0.376309	-3.6228e-07
0.407668	-5.25096e-07
0.439027	-7.55419e-07
0.470386	-1.07871e-06
0.501746	-1.52893e-06
0.533105	-2.15105e-06
0.564464	-3.00397e-06
0.595823	-4.16421e-06
0.627182	-5.73017e-06
0.658541	-7.82726e-06
0.6899	-1.06137e-05
0.721259	-1.42873e-05
0.752618	-1.90927e-05
0.783977	-2.53297e-05
0.815336	-3.33616e-05
0.846696	-4.36245e-05
0.878055	-5.66361e-05
0.909414	-7.30043e-05
0.940773	-9.34349e-05
0.972132	-0.000118738
1.00349	-0.000149833
1.03485	-0.000187748
1.06621	-0.000233623
1.09757	-0.000288698
1.12893	-0.00035431
1.16029	-0.000431872
1.19165	-0.000522856
1.223	-0.00062877
1.25436	-0.000751125
1.28572	-0.000891403
1.31708	-0.00105102
1.34844	-0.0012313
1.3798	-0.0014334
1.41116	-0.00165835
1.44252	-0.00190693
1.47388	-0.00217975
1.50524	-0.00247716
1.5366	-0.00279931
1.56795	-0.00314618
1.59931	-0.0035176
1.63067	-0.00391335
1.66203	-0.00433324
1.69339	-0.0047773
1.72475	-0.00524584
1.75611	-0.00573974
1.78747	-0.00626056
1.81883	-0.00681087
1.85019	-0.0073944
1.88155	-0.00801634
1.9129	-0.00868355
1.94426	-0.0094048
1.97562	-0.0101909
2.00698	-0.0105372
2.03834	-0.00895524
2.0697	-0.00717688
2.10106	-0.00530048
2.13242	-0.00345809
2.16378	-0.00181667
2.19514	-0.000577861
2.2265	2.3819e-05
2.25785	-0.000275462
2.28921	-0.00176334
2.32057	-0.00474372
2.35193	-0.00952717
2.38329	-0.016419
2.41465	-0.025705
2.44601	-0.0376345
2.47737	-0.0524006
2.50873	-0.070117
