0	0
0.0313591	-0.000214104
0.0627182	-0.000431782
0.0940773	-0.000656601
0.125436	-0.000892107
0.156795	-0.00114181
0.188155	-0.00140918
0.219514	-0.00169756
0.250873	-0.00201023
0.282232	-0.00235023
0.313591	-0.00272044
0.34495	-0.0031234
0.376309	-0.00356133
0.407668	-0.00403602
0.439027	-0.00454879
0.470386	-0.00510044
0.501746	-0.00569119
0.533105	-0.00632068
0.564464	-0.006988
0.595823	-0.00769165
0.627182	-0.00842969
0.658541	-0.0091998
0.6899	-0.00999942
0.721259	-0.010826
0.752618	-0.011677
0.783977	-0.0125504
0.815336	-0.0134449
0.846696	-0.0143602
0.878055	-0.0152972
0.909414	-0.0162583
0.940773	-0.017248
0.972132	-0.0182728
1.00349	-0.0193416
1.03485	-0.0204656
1.06621	-0.0216586
1.09757	-0.0229369
1.12893	-0.0243188
1.16029	-0.0258246
1.19165	-0.0274758
1.223	-0.0292945
1.25436	-0.0313028
1.28572	-0.0335213
1.31708	-0.0359683
1.34844	-0.0386587
1.3798	-0.0416021
1.41116	-0.0448021
1.44252	-0.0482546
1.47388	-0.0519471
1.50524	-0.0558572
1.5366	-0.0599525
1.56795	-0.06419
1.59931	-0.0685162
1.63067	-0.072868
1.66203	-0.0771732
1.69339	-0.0813524
1.72475	-0.0853212
1.75611	-0.0889921
1.78747	-0.0922772
1.81883	-0.0950916
1.85019	-0.0973558
1.88155	-0.0989989
1.9129	-0.099961
1.94426	-0.100196
1.97562	-0.0996715
2.00698	-0.0990653
2.03834	-0.100138
2.0697	-0.100441
2.10106	-0.0999057
2.13242	-0.0984743
2.16378	-0.0961002
2.19514	-0.092749
2.2265	-0.0883979
2.25785	-0.0830334
2.28921	-0.0766476
2.32057	-0.0692319
2.35193	-0.0607691
2.38329	-0.0512222
2.41465	-0.0405218
2.44601	-0.0285514
2.47737	-0.0151306
2.50873	7.45287e-13
