0	0
0.0313591	-0.00830816
0.0627182	-0.0164344
0.0940773	-0.0242029
0.125436	-0.0314493
0.156795	-0.0380265
0.188155	-0.0438088
0.219514	-0.0486952
0.250873	-0.0526127
0.282232	-0.055517
0.313591	-0.0573929
0.34495	-0.0582539
0.376309	-0.0581395
0.407668	-0.0571131
0.439027	-0.0552583
0.470386	-0.0526746
0.501746	-0.0494732
0.533105	-0.0457726
0.564464	-0.0416943
0.595823	-0.0373583
0.627182	-0.0328799
0.658541	-0.028366
0.6899	-0.0239133
0.721259	-0.0196057
0.752618	-0.0155139
0.783977	-0.0116941
0.815336	-0.00818871
0.846696	-0.00502658
0.878055	-0.00222409
0.909414	0.000213584
0.940773	0.0022909
0.972132	0.00402036
1.00349	0.00542083
1.03485	0.00651596
1.06621	0.00733264
1.09757	0.00789968
1.12893	0.00824666
1.16029	0.00840293
1.19165	0.00839689
1.223	0.00825536
1.25436	0.00800321
1.28572	0.00766313
1.31708	0.00725546
1.34844	0.00679821
1.3798	0.00630713
1.41116	0.00579578
1.44252	0.00527573
1.47388	0.00475671
1.50524	0.00424679
1.5366	0.00375254
1.56795	0.00327925
1.59931	0.002831
1.63067	0.00241088
1.66203	0.00202106
1.69339	0.00166293
1.72475	0.00133718
1.75611	0.00104392
1.78747	0.000782706
1.81883	0.000552694
1.85019	0.00035265
1.88155	0.000181047
1.9129	3.61183e-05
1.94426	-8.40757e-05
1.97562	-0.000181595
2.00698	-0.000260386
2.03834	-0.000329651
2.0697	-0.000385398
2.10106	-0.000428051
2.13242	-0.000458109
2.16378	-0.000476126
2.19514	-0.000482682
2.2265	-0.000478354
2.25785	-0.000463684
2.28921	-0.000439148
2.32057	-0.000405116
2.35193	-0.000361822
2.38329	-0.000309317
2.41465	-0.00024744
2.44601	-0.000175776
2.47737	-9.36287e-05
2.50873	-4.74195e-12
