0	0
0.0313591	-0.000766314
0.0627182	-0.00151507
0.0940773	-0.00222846
0.125436	-0.00288812
0.156795	-0.00347493
0.188155	-0.00396876
0.219514	-0.00434828
0.250873	-0.00459085
0.282232	-0.0046724
0.313591	-0.00456748
0.34495	-0.00424937
0.376309	-0.00369032
0.407668	-0.00286197
0.439027	-0.00173591
0.470386	-0.000284396
0.501746	0.00151869
0.533105	0.00369681
0.564464	0.00626953
0.595823	0.00925122
0.627182	0.0126496
0.658541	0.0164647
0.6899	0.0206869
0.721259	0.0252967
0.752618	0.0302632
0.783977	0.0355439
0.815336	0.0410846
0.846696	0.0468193
0.878055	0.0526719
0.909414	0.0585568
0.940773	0.0643812
0.972132	0.0700474
1.00349	0.0754554
1.03485	0.080506
1.06621	0.0851039
1.09757	0.089161
1.12893	0.0925992
1.16029	0.0953535
1.19165	0.0973738
1.223	0.098627
1.25436	0.0990982
1.28572	0.0987908
1.31708	0.0977261
1.34844	0.0959429
1.3798	0.0934951
1.41116	0.0904501
1.44252	0.0868856
1.47388	0.0828874
1.50524	0.0785455
1.5366	0.0739517
1.56795	0.0691961
1.59931	0.0643651
1.63067	0.0595384
1.66203	0.0547876
1.69339	0.0501745
1.72475	0.0457505
1.75611	0.041556
1.78747	0.0376206
1.81883	0.0339632
1.85019	0.0305932
1.88155	0.0275113
1.9129	0.0247106
1.94426	0.0221781
1.97562	0.019896
2.00698	0.0179682
2.03834	0.0166337
2.0697	0.0154105
2.10106	0.0142867
2.13242	0.013248
2.16378	0.0122776
2.19514	0.0113568
2.2265	0.0104654
2.25785	0.00958196
2.28921	0.0086842
2.32057	0.00774921
2.35193	0.00675361
2.38329	0.00567358
2.41465	0.00448472
2.44601	0.00316158
2.47737	0.00167688
2.50873	7.45287e-13
