0	0
0.0313591	-2.94903e-17
0.0627182	5.0307e-17
0.0940773	-6.59195e-17
0.125436	7.63278e-17
0.156795	-2.08167e-17
0.188155	1.38778e-17
0.219514	2.08167e-17
0.250873	4.16334e-17
0.282232	-3.46945e-17
0.313591	6.245e-17
0.34495	-1.38778e-17
0.376309	5.55112e-17
0.407668	-5.55112e-17
0.439027	8.32667e-17
0.470386	-5.55112e-17
0.501746	5.55112e-17
0.533105	-1.38778e-17
0.564464	2.77556e-17
0.595823	-1.38778e-17
0.627182	6.93889e-17
0.658541	-5.55112e-17
0.6899	5.55112e-17
0.721259	-4.16334e-17
0.752618	2.77556e-17
0.783977	0
0.815336	2.77556e-17
0.846696	-2.77556e-17
0.878055	4.16334e-17
0.909414	1.38778e-17
0.940773	2.77556e-17
0.972132	-2.77556e-17
1.00349	6.93889e-18
1.03485	6.93889e-18
1.06621	0
1.09757	2.77556e-17
1.12893	-3.46945e-17
1.16029	1.38778e-17
1.19165	-1.38778e-17
1.223	-1.73472e-17
1.25436	-1.04083e-17
1.28572	-6.93889e-18
1.31708	-1.04083e-17
1.34844	-1.21431e-17
1.3798	-3.57122e-11
1.41116	-1.63658e-10
1.44252	-3.46165e-10
1.47388	-5.9238e-10
1.50524	-9.58781e-10
1.5366	-1.51391e-09
1.56795	-2.39125e-09
1.59931	-3.75622e-09
1.63067	-5.88779e-09
1.66203	-9.17611e-09
1.69339	-1.42116e-08
1.72475	-2.18644e-08
1.75611	-3.33884e-08
1.78747	-5.06187e-08
1.81883	-7.61668e-08
1.85019	-1.13753e-07
1.88155	-1.68623e-07
1.9129	-2.48087e-07
1.94426	-3.6228e-07
1.97562	-5.25096e-07
2.00698	-3.49163e-07
2.03834	5.75582e-07
2.0697	8.33125e-07
2.10106	7.57537e-07
2.13242	5.49667e-07
2.16378	3.20937e-07
2.19514	1.25379e-07
2.2265	-1.75677e-08
2.25785	-1.07615e-07
2.28921	-1.53577e-07
2.32057	-1.67257e-07
2.35193	-1.60158e-07
2.38329	-1.41883e-07
2.41465	-1.19928e-07
2.44601	-1.00065e-07
2.47737	-8.75907e-08
2.50873	-8.95545e-08
