0	0
0.0313591	-3.93139e-07
0.0627182	-8.30621e-07
0.0940773	-1.36031e-06
0.125436	-2.03729e-06
0.156795	-2.9278e-06
0.188155	-4.11359e-06
0.219514	-5.69678e-06
0.250873	-7.8054e-06
0.282232	-1.05995e-05
0.313591	-1.42781e-05
0.34495	-1.90868e-05
0.376309	-2.53259e-05
0.407668	-3.33592e-05
0.439027	-4.3623e-05
0.470386	-5.66352e-05
0.501746	-7.30037e-05
0.533105	-9.34345e-05
0.564464	-0.000118738
0.595823	-0.000149833
0.627182	-0.000187748
0.658541	-0.000233623
0.6899	-0.000288698
0.721259	-0.00035431
0.752618	-0.000431872
0.783977	-0.000522856
0.815336	-0.00062877
0.846696	-0.000751125
0.878055	-0.000891403
0.909414	-0.00105102
0.940773	-0.0012313
0.972132	-0.0014334
1.00349	-0.00165835
1.03485	-0.00190693
1.06621	-0.00217975
1.09757	-0.00247716
1.12893	-0.00279931
1.16029	-0.00314618
1.19165	-0.0035176
1.223	-0.00391335
1.25436	-0.00433324
1.28572	-0.0047773
1.31708	-0.00524584
1.34844	-0.00573974
1.3798	-0.00626056
1.41116	-0.00681087
1.44252	-0.0073944
1.47388	-0.00801634
1.50524	-0.00868355
1.5366	-0.0094048
1.56795	-0.0101909
1.59931	-0.0110549
1.63067	-0.0120121
1.66203	-0.0130799
1.69339	-0.0142778
1.72475	-0.0156269
1.75611	-0.0171499
1.78747	-0.0188697
1.81883	-0.0208094
1.85019	-0.022991
1.88155	-0.0254342
1.9129	-0.0281553
1.94426	-0.0311662
1.97562	-0.0344725
2.00698	-0.0381827
2.03834	-0.0425913
2.0697	-0.047308
2.10106	-0.0522925
2.13242	-0.0574882
2.16378	-0.0628212
2.19514	-0.0681996
2.2265	-0.073514
2.25785	-0.078639
2.28921	-0.0834348
2.32057	-0.0877513
2.35193	-0.0914326
2.38329	-0.0943231
2.41465	-0.0962746
2.44601	-0.0971541
2.47737	-0.0968531
2.50873	-0.0952956
