0	0
0.0313591	0.00086852
0.0627182	0.00179187
0.0940773	0.00282407
0.125436	0.00401753
0.156795	0.00542212
0.188155	0.00708419
0.219514	0.0090455
0.250873	0.011342
0.282232	0.0140028
0.313591	0.0170485
0.34495	0.0204903
0.376309	0.0243286
0.407668	0.0285522
0.439027	0.0331373
0.470386	0.0380476
0.501746	0.0432333
0.533105	0.0486328
0.564464	0.0541726
0.595823	0.0597694
0.627182	0.0653316
0.658541	0.0707623
0.6899	0.0759616
0.721259	0.0808299
0.752618	0.0852712
0.783977	0.0891963
0.815336	0.0925257
0.846696	0.0951927
0.878055	0.0971457
0.909414	0.0983499
0.940773	0.0987884
0.972132	0.0984628
1.00349	0.097393
1.03485	0.0956159
1.06621	0.093184
1.09757	0.0901633
1.12893	0.0866303
1.16029	0.0826695
1.19165	0.0783701
1.223	0.0738229
1.25436	0.0691175
1.28572	0.0643395
1.31708	0.0595683
1.34844	0.0548752
1.3798	0.0503219
1.41116	0.0459597
1.44252	0.0418294
1.47388	0.0379605
1.50524	0.0343728
1.5366	0.031076
1.56795	0.0280719
1.59931	0.0253545
1.63067	0.0229122
1.66203	0.0207284
1.69339	0.0187834
1.72475	0.0170553
1.75611	0.0155209
1.78747	0.0141573
1.81883	0.0129419
1.85019	0.0118535
1.88155	0.0108725
1.9129	0.0099814
1.94426	0.00916479
1.97562	0.00840947
2.00698	0.00775855
2.03834	0.00732145
2.0697	0.00689276
2.10106	0.00646798
2.13242	0.00604334
2.16378	0.00561586
2.19514	0.00518317
2.2265	0.00474345
2.25785	0.00429517
2.28921	0.00383683
2.32057	0.00336655
2.35193	0.00288165
2.38329	0.00237804
2.41465	0.00184949
2.44601	0.00128676
2.47737	0.000676529
2.50873	7.45287e-13
