0	0
0.0313591	-0.000342267
0.0627182	-0.000686515
0.0940773	-0.00103458
0.125436	-0.00138804
0.156795	-0.00174804
0.188155	-0.00211519
0.219514	-0.00248945
0.250873	-0.00286996
0.282232	-0.00325497
0.313591	-0.00364166
0.34495	-0.00402609
0.376309	-0.00440301
0.407668	-0.00476576
0.439027	-0.00510611
0.470386	-0.00541418
0.501746	-0.00567821
0.533105	-0.00588451
0.564464	-0.00601731
0.595823	-0.00605864
0.627182	-0.00598834
0.658541	-0.00578405
0.6899	-0.0054213
0.721259	-0.00487374
0.752618	-0.00411346
0.783977	-0.00311148
0.815336	-0.00183837
0.846696	-0.000265106
0.878055	0.00163598
0.909414	0.00389004
0.940773	0.00651845
0.972132	0.00953743
1.00349	0.0129566
1.03485	0.0167776
1.06621	0.0209929
1.09757	0.0255844
1.12893	0.0305227
1.16029	0.0357668
1.19165	0.0412635
1.223	0.0469481
1.25436	0.0527453
1.28572	0.0585701
1.31708	0.0643304
1.34844	0.0699287
1.3798	0.0752651
1.41116	0.0802404
1.44252	0.0847592
1.47388	0.0887327
1.50524	0.0920823
1.5366	0.094742
1.56795	0.0966606
1.59931	0.0978037
1.63067	0.0981547
1.66203	0.0977151
1.69339	0.0965043
1.72475	0.0945589
1.75611	0.0919303
1.78747	0.0886835
1.81883	0.0848936
1.85019	0.0806436
1.88155	0.0760213
1.9129	0.0711157
1.94426	0.0660151
1.97562	0.0608038
2.00698	0.0559506
2.03834	0.0523622
2.0697	0.0486429
2.10106	0.0448441
2.13242	0.0410149
2.16378	0.0372007
2.19514	0.033441
2.2265	0.0297682
2.25785	0.0262055
2.28921	0.0227654
2.32057	0.0194481
2.35193	0.0162399
2.38329	0.0131107
2.41465	0.0100111
2.44601	0.00686815
2.47737	0.00357884
2.50873	7.45287e-13
