0	0
0.0313591	-4.03232e-05
0.0627182	-8.4223e-05
0.0940773	-0.000135222
0.125436	-0.000196737
0.156795	-0.000272021
0.188155	-0.00036411
0.219514	-0.000475765
0.250873	-0.000609414
0.282232	-0.000767092
0.313591	-0.000950382
0.34495	-0.00116035
0.376309	-0.00139749
0.407668	-0.00166166
0.439027	-0.00195199
0.470386	-0.00226687
0.501746	-0.00260382
0.533105	-0.00295946
0.564464	-0.00332939
0.595823	-0.00370813
0.627182	-0.00408899
0.658541	-0.00446395
0.6899	-0.0048236
0.721259	-0.00515689
0.752618	-0.00545113
0.783977	-0.00569174
0.815336	-0.00586218
0.846696	-0.00594388
0.878055	-0.00591614
0.909414	-0.00575616
0.940773	-0.00543917
0.972132	-0.00493857
1.00349	-0.00422634
1.03485	-0.00327347
1.06621	-0.00205062
1.09757	-0.000528944
1.12893	0.0013189
1.16029	0.00351763
1.19165	0.00608802
1.223	0.00904554
1.25436	0.0123989
1.28572	0.0161487
1.31708	0.020286
1.34844	0.0247913
1.3798	0.0296337
1.41116	0.03477
1.44252	0.0401453
1.47388	0.0456926
1.50524	0.0513342
1.5366	0.056983
1.56795	0.0625443
1.59931	0.0679184
1.63067	0.0730034
1.66203	0.077698
1.69339	0.081905
1.72475	0.0855348
1.75611	0.0885079
1.78747	0.0907582
1.81883	0.0922351
1.85019	0.0929055
1.88155	0.092755
1.9129	0.0917878
1.94426	0.090027
1.97562	0.0875132
2.00698	0.0848955
2.03834	0.0836692
2.0697	0.0817497
2.10106	0.079149
2.13242	0.0758926
2.16378	0.0720187
2.19514	0.0675759
2.2265	0.0626206
2.25785	0.0572125
2.28921	0.0514087
2.32057	0.0452573
2.35193	0.0387883
2.38329	0.0320033
2.41465	0.0248634
2.44601	0.0172748
2.47737	0.00907228
2.50873	7.45287e-13
