0	0
0.0313591	4.559e-05
0.0627182	9.04871e-05
0.0940773	0.000133979
0.125436	0.000175316
0.156795	0.000213692
0.188155	0.000248227
0.219514	0.000277954
0.250873	0.000301802
0.282232	0.00031859
0.313591	0.000327017
0.34495	0.000325658
0.376309	0.000312969
0.407668	0.000287288
0.439027	0.000246853
0.470386	0.000189817
0.501746	0.00011427
0.533105	1.82723e-05
0.564464	-0.000100111
0.595823	-0.000242769
0.627182	-0.000411501
0.658541	-0.000607969
0.6899	-0.000833642
0.721259	-0.00108975
0.752618	-0.00137722
0.783977	-0.00169662
0.815336	-0.00204813
0.846696	-0.00243145
0.878055	-0.00284573
0.909414	-0.00328956
0.940773	-0.00376082
0.972132	-0.00425666
1.00349	-0.00477335
1.03485	-0.0053062
1.06621	-0.00584939
1.09757	-0.00639584
1.12893	-0.00693705
1.16029	-0.00746285
1.19165	-0.00796129
1.223	-0.00841838
1.25436	-0.00881798
1.28572	-0.00914161
1.31708	-0.00936842
1.34844	-0.00947519
1.3798	-0.00943644
1.41116	-0.00922471
1.44252	-0.008811
1.47388	-0.00816533
1.50524	-0.00725761
1.5366	-0.00605859
1.56795	-0.00454108
1.59931	-0.00268134
1.63067	-0.000460559
1.66203	0.00213356
1.69339	0.00510518
1.72475	0.00844878
1.75611	0.0121478
1.78747	0.0161733
1.81883	0.0204835
1.85019	0.0250231
1.88155	0.0297232
1.9129	0.0345023
1.94426	0.0392675
1.97562	0.0439157
2.00698	0.0486764
2.03834	0.0545025
2.0697	0.0602087
2.10106	0.0656282
2.13242	0.0705667
2.16378	0.0748034
2.19514	0.0780929
2.2265	0.0801681
2.25785	0.0807454
2.28921	0.0795321
2.32057	0.0762356
2.35193	0.0705755
2.38329	0.0622985
2.41465	0.0511963
2.44601	0.0371267
2.47737	0.0200387
2.50873	7.45287e-13
