0	0
0.0313591	-7.80626e-18
0.0627182	-5.20417e-18
0.0940773	2.94903e-17
0.125436	-1.73472e-17
0.156795	4.51028e-17
0.188155	-4.16334e-17
0.219514	5.55112e-17
0.250873	-6.93889e-18
0.282232	6.93889e-18
0.313591	4.85723e-17
0.34495	4.85723e-17
0.376309	-4.16334e-17
0.407668	6.93889e-17
0.439027	-1.38778e-17
0.470386	6.93889e-17
0.501746	-6.93889e-17
0.533105	6.93889e-17
0.564464	-5.55112e-17
0.595823	5.55112e-17
0.627182	-1.38778e-17
0.658541	1.38778e-17
0.6899	0
0.721259	8.32667e-17
0.752618	-4.16334e-17
0.783977	5.55112e-17
0.815336	-2.77556e-17
0.846696	2.77556e-17
0.878055	0
0.909414	0
0.940773	0
0.972132	1.38778e-17
1.00349	1.38778e-17
1.03485	0
1.06621	0
1.09757	2.08167e-17
1.12893	0
1.16029	0
1.19165	2.08167e-17
1.223	-3.46945e-17
1.25436	-2.77556e-17
1.28572	-3.57122e-11
1.31708	-1.63658e-10
1.34844	-3.46165e-10
1.3798	-5.9238e-10
1.41116	-9.58781e-10
1.44252	-1.51391e-09
1.47388	-2.39125e-09
1.50524	-3.75622e-09
1.5366	-5.88779e-09
1.56795	-9.17611e-09
1.59931	-1.42116e-08
1.63067	-2.18644e-08
1.66203	-3.33884e-08
1.69339	-5.06187e-08
1.72475	-7.61668e-08
1.75611	-1.13753e-07
1.78747	-1.68623e-07
1.81883	-2.48087e-07
1.85019	-3.6228e-07
1.88155	-5.25096e-07
1.9129	-7.55419e-07
1.94426	-1.07871e-06
1.97562	-1.52893e-06
2.00698	-1.05715e-06
2.03834	1.53799e-06
2.0697	2.37551e-06
2.10106	2.27335e-06
2.13242	1.75134e-06
2.16378	1.11818e-06
2.19514	5.38895e-07
2.2265	8.58161e-08
2.25785	-2.24614e-07
2.28921	-4.06217e-07
2.32057	-4.86216e-07
2.35193	-4.95104e-07
2.38329	-4.61123e-07
2.41465	-4.0851e-07
2.44601	-3.57982e-07
2.47737	-3.30142e-07
2.50873	-3.52037e-07
