0	0
0.0313591	3.46945e-18
0.0627182	6.93889e-18
0.0940773	-1.9082e-17
0.125436	2.77556e-17
0.156795	-2.08167e-17
0.188155	2.08167e-17
0.219514	-4.16334e-17
0.250873	4.16334e-17
0.282232	-1.38778e-17
0.313591	6.93889e-18
0.34495	2.08167e-17
0.376309	3.46945e-17
0.407668	-4.85723e-17
0.439027	5.55112e-17
0.470386	-4.16334e-17
0.501746	5.55112e-17
0.533105	-9.71445e-17
0.564464	8.32667e-17
0.595823	-6.93889e-17
0.627182	5.55112e-17
0.658541	-1.38778e-17
0.6899	1.38778e-17
0.721259	-1.38778e-17
0.752618	5.55112e-17
0.783977	-2.77556e-17
0.815336	5.55112e-17
0.846696	-1.38778e-17
0.878055	1.38778e-17
0.909414	0
0.940773	4.16334e-17
0.972132	-1.38778e-17
1.00349	2.77556e-17
1.03485	1.38778e-17
1.06621	2.77556e-17
1.09757	-1.38778e-17
1.12893	1.38778e-17
1.16029	2.77556e-17
1.19165	0
1.223	1.38778e-17
1.25436	-3.57122e-11
1.28572	-1.63658e-10
1.31708	-3.46165e-10
1.34844	-5.9238e-10
1.3798	-9.58781e-10
1.41116	-1.51391e-09
1.44252	-2.39125e-09
1.47388	-3.75622e-09
1.50524	-5.88779e-09
1.5366	-9.17611e-09
1.56795	-1.42116e-08
1.59931	-2.18644e-08
1.63067	-3.33884e-08
1.66203	-5.06187e-08
1.69339	-7.61668e-08
1.72475	-1.13753e-07
1.75611	-1.68623e-07
1.78747	-2.48087e-07
1.81883	-3.6228e-07
1.85019	-5.25096e-07
1.88155	-7.55419e-07
1.9129	-1.07871e-06
1.94426	-1.52893e-06
1.97562	-2.15105e-06
2.00698	-1.50593e-06
2.03834	2.09696e-06
2.0697	3.31344e-06
2.10106	3.22531e-06
2.13242	2.53298e-06
2.16378	1.66159e-06
2.19514	8.45452e-07
2.2265	1.92799e-07
2.25785	-2.66151e-07
2.28921	-5.45014e-07
2.32057	-6.7833e-07
2.35193	-7.0706e-07
2.38329	-6.70754e-07
2.41465	-6.04314e-07
2.44601	-5.38738e-07
2.47737	-5.05514e-07
2.50873	-5.46917e-07
