0	0
0.0313591	-1.16305e-17
0.0627182	1.14904e-17
0.0940773	-5.42313e-18
0.125436	4.12505e-18
0.156795	-3.77777e-18
0.188155	-1.43996e-18
0.219514	-2.41574e-18
0.250873	4.76371e-18
0.282232	-4.70612e-18
0.313591	-3.57122e-11
0.34495	-1.63658e-10
0.376309	-3.46165e-10
0.407668	-5.9238e-10
0.439027	-9.58781e-10
0.470386	-1.51391e-09
0.501746	-2.39125e-09
0.533105	-3.75622e-09
0.564464	-5.88779e-09
0.595823	-9.17611e-09
0.627182	-1.42116e-08
0.658541	-2.18644e-08
0.6899	-3.33884e-08
0.721259	-5.06187e-08
0.752618	-7.61668e-08
0.783977	-1.13753e-07
0.815336	-1.68623e-07
0.846696	-2.48087e-07
0.878055	-3.6228e-07
0.909414	-5.25096e-07
0.940773	-7.55419e-07
0.972132	-1.07871e-06
1.00349	-1.52893e-06
1.03485	-2.15105e-06
1.06621	-3.00397e-06
1.09757	-4.16421e-06
1.12893	-5.73017e-06
1.16029	-7.82726e-06
1.19165	-1.06137e-05
1.223	-1.42873e-05
1.25436	-1.90927e-05
1.28572	-2.53297e-05
1.31708	-3.33616e-05
1.34844	-4.36245e-05
1.3798	-5.66361e-05
1.41116	-7.30043e-05
1.44252	-9.34349e-05
1.47388	-0.000118738
1.50524	-0.000149833
1.5366	-0.000187748
1.56795	-0.000233623
1.59931	-0.000288698
1.63067	-0.00035431
1.66203	-0.000431872
1.69339	-0.000522856
1.72475	-0.00062877
1.75611	-0.000751125
1.78747	-0.000891403
1.81883	-0.00105102
1.85019	-0.0012313
1.88155	-0.0014334
1.9129	-0.00165835
1.94426	-0.00190693
1.97562	-0.00217975
2.00698	-0.00200157
2.03834	-0.000328225
2.0697	0.00106463
2.10106	0.0021537
2.13242	0.00292914
2.16378	0.00339384
2.19514	0.0035618
2.2265	0.00345563
2.25785	0.00310314
2.28921	0.00253313
2.32057	0.00177038
2.35193	0.000829662
2.38329	-0.000291249
2.41465	-0.00161998
2.44601	-0.00321988
2.47737	-0.00520308
2.50873	-0.00774746
