0	0
0.0313591	-0.000630339
0.0627182	-0.00126537
0.0940773	-0.00190963
0.125436	-0.00256735
0.156795	-0.00324232
0.188155	-0.00393777
0.219514	-0.00465627
0.250873	-0.0053997
0.282232	-0.00616917
0.313591	-0.0069651
0.34495	-0.0077872
0.376309	-0.00863462
0.407668	-0.0095061
0.439027	-0.0104001
0.470386	-0.011315
0.501746	-0.0122496
0.533105	-0.0132031
0.564464	-0.0141754
0.595823	-0.0151678
0.627182	-0.0161828
0.658541	-0.0172249
0.6899	-0.0183005
0.721259	-0.0194181
0.752618	-0.0205887
0.783977	-0.0218256
0.815336	-0.0231443
0.846696	-0.0245626
0.878055	-0.0260997
0.909414	-0.0277761
0.940773	-0.0296131
0.972132	-0.0316312
1.00349	-0.0338498
1.03485	-0.0362858
1.06621	-0.0389522
1.09757	-0.0418573
1.12893	-0.0450027
1.16029	-0.0483828
1.19165	-0.0519832
1.223	-0.0557801
1.25436	-0.0597396
1.28572	-0.0638174
1.31708	-0.0679591
1.34844	-0.0721009
1.3798	-0.0761705
1.41116	-0.0800889
1.44252	-0.0837725
1.47388	-0.0871355
1.50524	-0.0900924
1.5366	-0.0925614
1.56795	-0.0944672
1.59931	-0.0957439
1.63067	-0.096338
1.66203	-0.0962103
1.69339	-0.0953381
1.72475	-0.0937165
1.75611	-0.0913586
1.78747	-0.0882957
1.81883	-0.0845763
1.85019	-0.0802648
1.88155	-0.0754389
1.9129	-0.0701871
1.94426	-0.064606
1.97562	-0.0587967
2.00698	-0.0532333
2.03834	-0.0487711
2.0697	-0.0440867
2.10106	-0.0392644
2.13242	-0.0343952
2.16378	-0.0295738
2.19514	-0.0248964
2.2265	-0.0204567
2.25785	-0.0163426
2.28921	-0.0126321
2.32057	-0.00938909
2.35193	-0.00665775
2.38329	-0.00445723
2.41465	-0.00277427
2.44601	-0.00155418
2.47737	-0.000688768
2.50873	7.45287e-13
