0	0
0.0313591	-1.04795e-17
0.0627182	1.13494e-17
0.0940773	-1.48231e-18
0.125436	6.56112e-18
0.156795	-7.47761e-18
0.188155	-5.04832e-19
0.219514	-7.86047e-19
0.250873	9.62229e-19
0.282232	-6.1935e-18
0.313591	-2.48011e-18
0.34495	8.64651e-18
0.376309	2.33103e-18
0.407668	-3.57122e-11
0.439027	-1.63658e-10
0.470386	-3.46165e-10
0.501746	-5.9238e-10
0.533105	-9.58781e-10
0.564464	-1.51391e-09
0.595823	-2.39125e-09
0.627182	-3.75622e-09
0.658541	-5.88779e-09
0.6899	-9.17611e-09
0.721259	-1.42116e-08
0.752618	-2.18644e-08
0.783977	-3.33884e-08
0.815336	-5.06187e-08
0.846696	-7.61668e-08
0.878055	-1.13753e-07
0.909414	-1.68623e-07
0.940773	-2.48087e-07
0.972132	-3.6228e-07
1.00349	-5.25096e-07
1.03485	-7.55419e-07
1.06621	-1.07871e-06
1.09757	-1.52893e-06
1.12893	-2.15105e-06
1.16029	-3.00397e-06
1.19165	-4.16421e-06
1.223	-5.73017e-06
1.25436	-7.82726e-06
1.28572	-1.06137e-05
1.31708	-1.42873e-05
1.34844	-1.90927e-05
1.3798	-2.53297e-05
1.41116	-3.33616e-05
1.44252	-4.36245e-05
1.47388	-5.66361e-05
1.50524	-7.30043e-05
1.5366	-9.34349e-05
1.56795	-0.000118738
1.59931	-0.000149833
1.63067	-0.000187748
1.66203	-0.000233623
1.69339	-0.000288698
1.72475	-0.00035431
1.75611	-0.000431872
1.78747	-0.000522856
1.81883	-0.00062877
1.85019	-0.000751125
1.88155	-0.000891403
1.9129	-0.00105102
1.94426	-0.0012313
1.97562	-0.0014334
2.00698	-0.00128973
2.03834	-3.57197e-05
2.0697	0.000940725
2.10106	0.00164383
2.13242	0.00208832
2.16378	0.00229756
2.19514	0.00230124
2.2265	0.00213269
2.25785	0.00182594
2.28921	0.00141254
2.32057	0.000918252
2.35193	0.000359388
2.38329	-0.000261226
2.41465	-0.000959144
2.44601	-0.00177455
2.47737	-0.00278079
2.50873	-0.00409648
