0	0
0.0313591	-0.000473529
0.0627182	-0.000948451
0.0940773	-0.00142614
0.125436	-0.00190791
0.156795	-0.00239506
0.188155	-0.00288883
0.219514	-0.00339049
0.250873	-0.00390137
0.282232	-0.00442299
0.313591	-0.00495715
0.34495	-0.00550611
0.376309	-0.00607282
0.407668	-0.00666104
0.439027	-0.00727566
0.470386	-0.0079229
0.501746	-0.00861055
0.533105	-0.00934816
0.564464	-0.0101473
0.595823	-0.0110216
0.627182	-0.0119868
0.658541	-0.0130608
0.6899	-0.0142635
0.721259	-0.0156163
0.752618	-0.0171421
0.783977	-0.018864
0.815336	-0.0208053
0.846696	-0.022988
0.878055	-0.025432
0.909414	-0.0281538
0.940773	-0.0311651
0.972132	-0.0344717
1.00349	-0.0380721
1.03485	-0.0419561
1.06621	-0.0461042
1.09757	-0.0504862
1.12893	-0.0550615
1.16029	-0.0597783
1.19165	-0.0645746
1.223	-0.0693785
1.25436	-0.0741102
1.28572	-0.0786834
1.31708	-0.0830078
1.34844	-0.0869916
1.3798	-0.0905447
1.41116	-0.0935814
1.44252	-0.0960239
1.47388	-0.097805
1.50524	-0.0988704
1.5366	-0.0991816
1.56795	-0.0987172
1.59931	-0.0974735
1.63067	-0.0954656
1.66203	-0.0927263
1.69339	-0.0893057
1.72475	-0.0852684
1.75611	-0.0806925
1.78747	-0.0756656
1.81883	-0.0702826
1.85019	-0.0646423
1.88155	-0.0588442
1.9129	-0.0529853
1.94426	-0.0471576
1.97562	-0.0414459
2.00698	-0.0361779
2.03834	-0.0318848
2.0697	-0.0276471
2.10106	-0.0235312
2.13242	-0.0196008
2.16378	-0.0159158
2.19514	-0.0125305
2.2265	-0.00949251
2.25785	-0.00684154
2.28921	-0.00460817
2.32057	-0.00281293
2.35193	-0.00146511
2.38329	-0.000561307
2.41465	-8.31625e-05
2.44601	6.20635e-06
2.47737	-0.000232037
2.50873	-0.000703201
