0	0
0.0313591	-6.31339e-08
0.0627182	-1.35234e-07
0.0940773	-2.26222e-07
0.125436	-3.48068e-07
0.156795	-5.1592e-07
0.188155	-7.49531e-07
0.219514	-1.07495e-06
0.250873	-1.52654e-06
0.282232	-2.14953e-06
0.313591	-3.00301e-06
0.34495	-4.16361e-06
0.376309	-5.72982e-06
0.407668	-7.8271e-06
0.439027	-1.06137e-05
0.470386	-1.42873e-05
0.501746	-1.90927e-05
0.533105	-2.53297e-05
0.564464	-3.33616e-05
0.595823	-4.36245e-05
0.627182	-5.66361e-05
0.658541	-7.30043e-05
0.6899	-9.34349e-05
0.721259	-0.000118738
0.752618	-0.000149833
0.783977	-0.000187748
0.815336	-0.000233623
0.846696	-0.000288698
0.878055	-0.00035431
0.909414	-0.000431872
0.940773	-0.000522856
0.972132	-0.00062877
1.00349	-0.000751125
1.03485	-0.000891403
1.06621	-0.00105102
1.09757	-0.0012313
1.12893	-0.0014334
1.16029	-0.00165835
1.19165	-0.00190693
1.223	-0.00217975
1.25436	-0.00247716
1.28572	-0.00279931
1.31708	-0.00314618
1.34844	-0.0035176
1.3798	-0.00391335
1.41116	-0.00433324
1.44252	-0.0047773
1.47388	-0.00524584
1.50524	-0.00573974
1.5366	-0.00626056
1.56795	-0.00681087
1.59931	-0.0073944
1.63067	-0.00801634
1.66203	-0.00868355
1.69339	-0.0094048
1.72475	-0.0101909
1.75611	-0.0110549
1.78747	-0.0120121
1.81883	-0.0130799
1.85019	-0.0142778
1.88155	-0.0156269
1.9129	-0.0171499
1.94426	-0.0188697
1.97562	-0.0208094
2.00698	-0.0228452
2.03834	-0.0245018
2.0697	-0.0262181
2.10106	-0.0280151
2.13242	-0.0299298
2.16378	-0.0320178
2.19514	-0.0343563
2.2265	-0.0370455
2.25785	-0.040208
2.28921	-0.0439863
2.32057	-0.0485363
2.35193	-0.0540176
2.38329	-0.0605797
2.41465	-0.068343
2.44601	-0.077377
2.47737	-0.0876734
2.50873	-0.0991189
