0	0
0.0313591	3.29597e-17
0.0627182	-2.77556e-17
0.0940773	3.46945e-17
0.125436	-6.93889e-18
0.156795	-1.38778e-17
0.188155	-2.08167e-17
0.219514	1.38778e-17
0.250873	-2.08167e-17
0.282232	0
0.313591	4.16334e-17
0.34495	-4.16334e-17
0.376309	2.77556e-17
0.407668	0
0.439027	2.77556e-17
0.470386	1.38778e-17
0.501746	-6.93889e-18
0.533105	1.38778e-17
0.564464	-6.93889e-18
0.595823	0
0.627182	-1.73472e-17
0.658541	-3.46945e-18
0.6899	-6.93889e-18
0.721259	-1.73472e-17
0.752618	-3.46945e-18
0.783977	-3.46945e-18
0.815336	-1.73472e-17
0.846696	-1.73472e-18
0.878055	-5.20417e-18
0.909414	-1.21431e-17
0.940773	6.07153e-18
0.972132	-1.56125e-17
1.00349	5.20417e-18
1.03485	-9.97466e-18
1.06621	5.20417e-18
1.09757	-5.63785e-18
1.12893	1.0842e-18
1.16029	2.81893e-18
1.19165	0
1.223	1.30104e-18
1.25436	1.0842e-19
1.28572	1.0842e-19
1.31708	4.87891e-19
1.34844	4.33681e-19
1.3798	3.25261e-19
1.41116	8.13152e-20
1.44252	1.89735e-19
1.47388	2.30393e-19
1.50524	-6.77626e-21
1.5366	1.0842e-19
1.56795	8.47033e-20
1.59931	1.35525e-20
1.63067	3.89635e-20
1.66203	3.72694e-20
1.69339	-2.5411e-21
1.72475	7.6233e-21
1.75611	2.5411e-21
1.78747	2.96462e-21
1.81883	1.90582e-21
1.85019	-4.23516e-22
1.88155	-3.57122e-11
1.9129	-1.63658e-10
1.94426	-3.46165e-10
1.97562	-5.9238e-10
2.00698	-3.42627e-10
2.03834	7.67459e-10
2.0697	8.15459e-10
2.10106	5.20224e-10
2.13242	1.63389e-10
2.16378	-6.64844e-11
2.19514	-1.42561e-10
2.2265	-1.47949e-10
2.25785	-1.25731e-10
2.28921	-9.67437e-11
2.32057	-6.99765e-11
2.35193	-4.84534e-11
2.38329	-3.25087e-11
2.41465	-2.17719e-11
2.44601	-1.60203e-11
2.47737	-1.46167e-11
2.50873	-1.74766e-11
