0	0
0.0313591	4.3084e-05
0.0627182	8.40259e-05
0.0940773	0.000120675
0.125436	0.000150868
0.156795	0.000172421
0.188155	0.000183134
0.219514	0.000180798
0.250873	0.000163205
0.282232	0.000128169
0.313591	7.35572e-05
0.34495	-2.68025e-06
0.376309	-0.000102464
0.407668	-0.000227537
0.439027	-0.000379414
0.470386	-0.000559314
0.501746	-0.000768106
0.533105	-0.00100624
0.564464	-0.00127367
0.595823	-0.00156981
0.627182	-0.00189343
0.658541	-0.0022426
0.6899	-0.00261463
0.721259	-0.00300596
0.752618	-0.0034121
0.783977	-0.00382753
0.815336	-0.0042456
0.846696	-0.00465841
0.878055	-0.00505671
0.909414	-0.00542979
0.940773	-0.00576529
0.972132	-0.00604915
1.00349	-0.00626547
1.03485	-0.00639641
1.06621	-0.00642221
1.09757	-0.00632113
1.12893	-0.00606962
1.16029	-0.0056425
1.19165	-0.0050133
1.223	-0.00415472
1.25436	-0.00303927
1.28572	-0.00164005
1.31708	6.82937e-05
1.34844	0.00210845
1.3798	0.00449925
1.41116	0.00725431
1.44252	0.0103807
1.47388	0.0138777
1.50524	0.0177355
1.5366	0.0219339
1.56795	0.0264422
1.59931	0.031218
1.63067	0.0362075
1.66203	0.041346
1.69339	0.0465586
1.72475	0.0517616
1.75611	0.0568644
1.78747	0.0617719
1.81883	0.0663869
1.85019	0.0706134
1.88155	0.0743591
1.9129	0.0775386
1.94426	0.0800762
1.97562	0.0819085
2.00698	0.0835696
2.03834	0.0865897
2.0697	0.088913
2.10106	0.0904352
2.13242	0.0910567
2.16378	0.0906848
2.19514	0.0892346
2.2265	0.0866302
2.25785	0.082804
2.28921	0.077695
2.32057	0.0712455
2.35193	0.0633961
2.38329	0.0540787
2.41465	0.0432087
2.44601	0.030676
2.47737	0.0163354
2.50873	7.45287e-13
