0	0
0.0313591	-3.00866e-18
0.0627182	-1.40946e-18
0.0940773	3.25261e-19
0.125436	4.33681e-19
0.156795	-3.36103e-18
0.188155	-3.03577e-18
0.219514	1.17094e-17
0.250873	-1.51788e-17
0.282232	1.0842e-17
0.313591	-3.46945e-18
0.34495	-6.93889e-18
0.376309	1.30104e-17
0.407668	-2.51535e-17
0.439027	1.9082e-17
0.470386	-1.56125e-17
0.501746	1.56125e-17
0.533105	-1.21431e-17
0.564464	0
0.595823	2.08167e-17
0.627182	-1.38778e-17
0.658541	4.16334e-17
0.6899	-5.89806e-17
0.721259	7.63278e-17
0.752618	-2.08167e-17
0.783977	-3.57122e-11
0.815336	-1.63658e-10
0.846696	-3.46165e-10
0.878055	-5.9238e-10
0.909414	-9.58781e-10
0.940773	-1.51391e-09
0.972132	-2.39125e-09
1.00349	-3.75622e-09
1.03485	-5.88779e-09
1.06621	-9.17611e-09
1.09757	-1.42116e-08
1.12893	-2.18644e-08
1.16029	-3.33884e-08
1.19165	-5.06187e-08
1.223	-7.61668e-08
1.25436	-1.13753e-07
1.28572	-1.68623e-07
1.31708	-2.48087e-07
1.34844	-3.6228e-07
1.3798	-5.25096e-07
1.41116	-7.55419e-07
1.44252	-1.07871e-06
1.47388	-1.52893e-06
1.50524	-2.15105e-06
1.5366	-3.00397e-06
1.56795	-4.16421e-06
1.59931	-5.73017e-06
1.63067	-7.82726e-06
1.66203	-1.06137e-05
1.69339	-1.42873e-05
1.72475	-1.90927e-05
1.75611	-2.53297e-05
1.78747	-3.33616e-05
1.81883	-4.36245e-05
1.85019	-5.66361e-05
1.88155	-7.30043e-05
1.9129	-9.34349e-05
1.94426	-0.000118738
1.97562	-0.000149833
2.00698	-0.000122755
2.03834	6.79122e-05
2.0697	0.000177146
2.10106	0.000225343
2.13242	0.000230328
2.16378	0.000207088
2.19514	0.000167699
2.2265	0.000121411
2.25785	7.48623e-05
2.28921	3.23583e-05
2.32057	-3.80071e-06
2.35193	-3.30146e-05
2.38329	-5.61429e-05
2.41465	-7.53992e-05
2.44601	-9.4471e-05
2.47737	-0.00011901
2.50873	-0.00015773
