0	0
0.0313591	-0.00068925
0.0627182	-0.00137219
0.0940773	-0.00204233
0.125436	-0.00269284
0.156795	-0.00331632
0.188155	-0.00390464
0.219514	-0.00444875
0.250873	-0.00493841
0.282232	-0.00536205
0.313591	-0.00570652
0.34495	-0.00595688
0.376309	-0.00609632
0.407668	-0.00610596
0.439027	-0.00596485
0.470386	-0.00565003
0.501746	-0.00513665
0.533105	-0.00439831
0.564464	-0.00340747
0.595823	-0.00213609
0.627182	-0.000556417
0.658541	0.00135802
0.6899	0.00363132
0.721259	0.00628389
0.752618	0.00933108
0.783977	0.0127818
0.815336	0.0166371
0.846696	0.0208887
0.878055	0.0255183
0.909414	0.0304961
0.940773	0.0357807
0.972132	0.0413188
1.00349	0.0470456
1.03485	0.0528856
1.06621	0.0587541
1.09757	0.0645589
1.12893	0.070203
1.16029	0.0755867
1.19165	0.0806114
1.223	0.0851821
1.25436	0.089211
1.28572	0.0926204
1.31708	0.0953451
1.34844	0.0973355
1.3798	0.0985586
1.41116	0.0989992
1.44252	0.0986609
1.47388	0.0975649
1.50524	0.0957499
1.5366	0.0932695
1.56795	0.0901907
1.59931	0.0865911
1.63067	0.0825558
1.66203	0.0781742
1.69339	0.0735373
1.72475	0.0687346
1.75611	0.0638511
1.78747	0.0589656
1.81883	0.0541482
1.85019	0.0494594
1.88155	0.0449491
1.9129	0.0406559
1.94426	0.0366076
1.97562	0.0328214
2.00698	0.029511
2.03834	0.0270981
2.0697	0.0248136
2.10106	0.0226636
2.13242	0.0206483
2.16378	0.0187621
2.19514	0.0169937
2.2265	0.0153261
2.25785	0.0137376
2.28921	0.0122019
2.32057	0.010689
2.35193	0.00916549
2.38329	0.00759498
2.41465	0.00593833
2.44601	0.00415304
2.47737	0.0021919
2.50873	7.45287e-13
