0	0
0.0313591	-0.000855024
0.0627182	-0.00171286
0.0940773	-0.00257619
0.125436	-0.00344743
0.156795	-0.00432863
0.188155	-0.00522141
0.219514	-0.00612688
0.250873	-0.00704569
0.282232	-0.00797802
0.313591	-0.00892371
0.34495	-0.00988238
0.376309	-0.0108536
0.407668	-0.0118372
0.439027	-0.0128335
0.470386	-0.0138433
0.501746	-0.0148689
0.533105	-0.0159136
0.564464	-0.0169824
0.595823	-0.0180825
0.627182	-0.0192228
0.658541	-0.0204147
0.6899	-0.021672
0.721259	-0.0230103
0.752618	-0.0244477
0.783977	-0.0260036
0.815336	-0.0276986
0.846696	-0.029554
0.878055	-0.0315904
0.909414	-0.0338272
0.940773	-0.0362813
0.972132	-0.0389656
1.00349	-0.0418883
1.03485	-0.045051
1.06621	-0.0484479
1.09757	-0.0520644
1.12893	-0.0558765
1.16029	-0.0598501
1.19165	-0.0639405
1.223	-0.0680931
1.25436	-0.0722436
1.28572	-0.0763193
1.31708	-0.0802408
1.34844	-0.0839238
1.3798	-0.0872817
1.41116	-0.0902287
1.44252	-0.092682
1.47388	-0.0945657
1.50524	-0.0958132
1.5366	-0.0963699
1.56795	-0.0961962
1.59931	-0.0952685
1.63067	-0.0935813
1.66203	-0.0911473
1.69339	-0.0879975
1.72475	-0.0841803
1.75611	-0.0797601
1.78747	-0.0748151
1.81883	-0.0694345
1.85019	-0.063716
1.88155	-0.0577621
1.9129	-0.0516771
1.94426	-0.0455636
1.97562	-0.03952
2.00698	-0.0338739
2.03834	-0.0291157
2.0697	-0.024387
2.10106	-0.0197724
2.13242	-0.015357
2.16378	-0.0112238
2.19514	-0.00745234
2.2265	-0.00411596
2.25785	-0.00128012
2.28921	0.000999767
2.32057	0.00268036
2.35193	0.00373265
2.38329	0.00414468
2.41465	0.0039251
2.44601	0.00310834
2.47737	0.0017623
2.50873	7.45287e-13
