0	0
0.0313591	-0.000226354
0.0627182	-0.00041339
0.0940773	-0.000521744
0.125436	-0.000511991
0.156795	-0.000344727
0.188155	1.92551e-05
0.219514	0.000618626
0.250873	0.00149102
0.282232	0.00267238
0.313591	0.00419607
0.34495	0.00609185
0.376309	0.00838473
0.407668	0.0110937
0.439027	0.0142303
0.470386	0.0177974
0.501746	0.0217882
0.533105	0.0261845
0.564464	0.0309567
0.595823	0.0360628
0.627182	0.0414487
0.658541	0.0470482
0.6899	0.0527846
0.721259	0.0585713
0.752618	0.0643146
0.783977	0.0699153
0.815336	0.0752723
0.846696	0.0802849
0.878055	0.0848565
0.909414	0.0888976
0.940773	0.0923289
0.972132	0.0950841
1.00349	0.0971121
1.03485	0.0983788
1.06621	0.0988682
1.09757	0.098583
1.12893	0.0975438
1.16029	0.0957888
1.19165	0.0933713
1.223	0.0903582
1.25436	0.0868271
1.28572	0.0828631
1.31708	0.0785563
1.34844	0.0739982
1.3798	0.0692789
1.41116	0.0644845
1.44252	0.059695
1.47388	0.054982
1.50524	0.0504076
1.5366	0.0460234
1.56795	0.0418702
1.59931	0.037978
1.63067	0.0343665
1.66203	0.0310457
1.69339	0.0280174
1.72475	0.0252756
1.75611	0.0228086
1.78747	0.0205999
1.81883	0.0186297
1.85019	0.0168758
1.88155	0.015315
1.9129	0.0139238
1.94426	0.0126794
1.97562	0.0115601
2.00698	0.0106198
2.03834	0.0100021
2.0697	0.00942152
2.10106	0.00886802
2.13242	0.00833171
2.16378	0.00780314
2.19514	0.00727336
2.2265	0.0067339
2.25785	0.00617669
2.28921	0.00559393
2.32057	0.00497773
2.35193	0.00431978
2.38329	0.00361077
2.41465	0.00283975
2.44601	0.0019932
2.47737	0.001054
2.50873	7.45287e-13
