0	0
0.0313591	-7.73515e-07
0.0627182	-1.62595e-06
0.0940773	-2.64169e-06
0.125436	-3.91612e-06
0.156795	-5.56155e-06
0.188155	-7.71351e-06
0.219514	-1.05376e-05
0.250873	-1.42367e-05
0.282232	-1.90593e-05
0.313591	-2.53078e-05
0.34495	-3.33474e-05
0.376309	-4.36154e-05
0.407668	-5.66303e-05
0.439027	-7.30006e-05
0.470386	-9.34325e-05
0.501746	-0.000118737
0.533105	-0.000149832
0.564464	-0.000187748
0.595823	-0.000233623
0.627182	-0.000288698
0.658541	-0.00035431
0.6899	-0.000431872
0.721259	-0.000522856
0.752618	-0.00062877
0.783977	-0.000751125
0.815336	-0.000891403
0.846696	-0.00105102
0.878055	-0.0012313
0.909414	-0.0014334
0.940773	-0.00165835
0.972132	-0.00190693
1.00349	-0.00217975
1.03485	-0.00247716
1.06621	-0.00279931
1.09757	-0.00314618
1.12893	-0.0035176
1.16029	-0.00391335
1.19165	-0.00433324
1.223	-0.0047773
1.25436	-0.00524584
1.28572	-0.00573974
1.31708	-0.00626056
1.34844	-0.00681087
1.3798	-0.0073944
1.41116	-0.00801634
1.44252	-0.00868355
1.47388	-0.0094048
1.50524	-0.0101909
1.5366	-0.0110549
1.56795	-0.0120121
1.59931	-0.0130799
1.63067	-0.0142778
1.66203	-0.0156269
1.69339	-0.0171499
1.72475	-0.0188697
1.75611	-0.0208094
1.78747	-0.022991
1.81883	-0.0254342
1.85019	-0.0281553
1.88155	-0.0311662
1.9129	-0.0344725
1.94426	-0.0380726
1.97562	-0.0419565
2.00698	-0.0463145
2.03834	-0.0517352
2.0697	-0.0574999
2.10106	-0.0635397
2.13242	-0.0697584
2.16378	-0.0760308
2.19514	-0.0822003
2.2265	-0.0880797
2.25785	-0.0934524
2.28921	-0.0980772
2.32057	-0.101695
2.35193	-0.104039
2.38329	-0.104849
2.41465	-0.103888
2.44601	-0.100961
2.47737	-0.0959389
2.50873	-0.0887816
