0	0
0.0313591	-2.87543e-08
0.0627182	-6.19552e-08
0.0940773	-1.04576e-07
0.125436	-1.62735e-07
0.156795	-2.44331e-07
0.188155	-3.59889e-07
0.219514	-5.23582e-07
0.250873	-7.5446e-07
0.282232	-1.07812e-06
0.313591	-1.52859e-06
0.34495	-2.15088e-06
0.376309	-3.00394e-06
0.407668	-4.16421e-06
0.439027	-5.73017e-06
0.470386	-7.82726e-06
0.501746	-1.06137e-05
0.533105	-1.42873e-05
0.564464	-1.90927e-05
0.595823	-2.53297e-05
0.627182	-3.33616e-05
0.658541	-4.36245e-05
0.6899	-5.66361e-05
0.721259	-7.30043e-05
0.752618	-9.34349e-05
0.783977	-0.000118738
0.815336	-0.000149833
0.846696	-0.000187748
0.878055	-0.000233623
0.909414	-0.000288698
0.940773	-0.00035431
0.972132	-0.000431872
1.00349	-0.000522856
1.03485	-0.00062877
1.06621	-0.000751125
1.09757	-0.000891403
1.12893	-0.00105102
1.16029	-0.0012313
1.19165	-0.0014334
1.223	-0.00165835
1.25436	-0.00190693
1.28572	-0.00217975
1.31708	-0.00247716
1.34844	-0.00279931
1.3798	-0.00314618
1.41116	-0.0035176
1.44252	-0.00391335
1.47388	-0.00433324
1.50524	-0.0047773
1.5366	-0.00524584
1.56795	-0.00573974
1.59931	-0.00626056
1.63067	-0.00681087
1.66203	-0.0073944
1.69339	-0.00801634
1.72475	-0.00868355
1.75611	-0.0094048
1.78747	-0.0101909
1.81883	-0.0110549
1.85019	-0.0120121
1.88155	-0.0130799
1.9129	-0.0142778
1.94426	-0.0156269
1.97562	-0.0171499
2.00698	-0.0186221
2.03834	-0.0192702
2.0697	-0.0198692
2.10106	-0.0204616
2.13242	-0.0211161
2.16378	-0.0219311
2.19514	-0.0230382
2.2265	-0.0246034
2.25785	-0.0268253
2.28921	-0.0299313
2.32057	-0.0341686
2.35193	-0.0397911
2.38329	-0.047041
2.41465	-0.0561254
2.44601	-0.0671873
2.47737	-0.0802729
2.50873	-0.0952956
