0	0
0.0313591	-3.46945e-18
0.0627182	9.54098e-18
0.0940773	-6.93889e-18
0.125436	-6.93889e-18
0.156795	6.93889e-18
0.188155	-2.08167e-17
0.219514	2.08167e-17
0.250873	-4.16334e-17
0.282232	6.93889e-17
0.313591	-2.08167e-17
0.34495	6.93889e-18
0.376309	2.77556e-17
0.407668	4.85723e-17
0.439027	-5.55112e-17
0.470386	5.55112e-17
0.501746	-2.77556e-17
0.533105	5.55112e-17
0.564464	-6.93889e-17
0.595823	6.93889e-17
0.627182	-4.16334e-17
0.658541	6.93889e-17
0.6899	-1.38778e-17
0.721259	2.77556e-17
0.752618	0
0.783977	5.55112e-17
0.815336	-2.77556e-17
0.846696	2.77556e-17
0.878055	0
0.909414	2.77556e-17
0.940773	0
0.972132	1.38778e-17
1.00349	-1.38778e-17
1.03485	1.38778e-17
1.06621	2.77556e-17
1.09757	1.38778e-17
1.12893	-4.16334e-17
1.16029	3.46945e-17
1.19165	1.38778e-17
1.223	-3.57122e-11
1.25436	-1.63658e-10
1.28572	-3.46165e-10
1.31708	-5.9238e-10
1.34844	-9.58781e-10
1.3798	-1.51391e-09
1.41116	-2.39125e-09
1.44252	-3.75622e-09
1.47388	-5.88779e-09
1.50524	-9.17611e-09
1.5366	-1.42116e-08
1.56795	-2.18644e-08
1.59931	-3.33884e-08
1.63067	-5.06187e-08
1.66203	-7.61668e-08
1.69339	-1.13753e-07
1.72475	-1.68623e-07
1.75611	-2.48087e-07
1.78747	-3.6228e-07
1.81883	-5.25096e-07
1.85019	-7.55419e-07
1.88155	-1.07871e-06
1.9129	-1.52893e-06
1.94426	-2.15105e-06
1.97562	-3.00397e-06
2.00698	-2.1288e-06
2.03834	2.83363e-06
2.0697	4.5836e-06
2.10106	4.53821e-06
2.13242	3.6321e-06
2.16378	2.4452e-06
2.19514	1.30649e-06
2.2265	3.75488e-07
2.25785	-2.95883e-07
2.28921	-7.18502e-07
2.32057	-9.34944e-07
2.35193	-9.99487e-07
2.38329	-9.66669e-07
2.41465	-8.86273e-07
2.44601	-8.04061e-07
2.47737	-7.6802e-07
2.50873	-8.4302e-07
