0	0
0.0313591	0
0.0627182	-1.73472e-17
0.0940773	3.29597e-17
0.125436	-2.25514e-17
0.156795	2.08167e-17
0.188155	-6.93889e-18
0.219514	-1.73472e-17
0.250873	1.04083e-17
0.282232	6.93889e-18
0.313591	-6.93889e-18
0.34495	3.46945e-17
0.376309	2.77556e-17
0.407668	-1.38778e-17
0.439027	1.38778e-17
0.470386	2.42861e-17
0.501746	0
0.533105	1.38778e-17
0.564464	-3.81639e-17
0.595823	2.77556e-17
0.627182	-3.46945e-18
0.658541	-2.42861e-17
0.6899	1.73472e-17
0.721259	-3.46945e-18
0.752618	-1.73472e-17
0.783977	1.38778e-17
0.815336	-4.33681e-18
0.846696	-6.93889e-18
0.878055	5.20417e-18
0.909414	-4.33681e-18
0.940773	1.73472e-18
0.972132	-1.04083e-17
1.00349	6.93889e-18
1.03485	-5.63785e-18
1.06621	4.55365e-18
1.09757	3.46945e-18
1.12893	6.50521e-19
1.16029	2.49366e-18
1.19165	1.40946e-18
1.223	3.25261e-19
1.25436	3.79471e-19
1.28572	1.21973e-18
1.31708	4.87891e-19
1.34844	8.13152e-20
1.3798	5.28549e-19
1.41116	2.84603e-19
1.44252	-1.35525e-20
1.47388	2.23617e-19
1.50524	9.48677e-20
1.5366	1.01644e-20
1.56795	8.63974e-20
1.59931	3.89635e-20
1.63067	-2.5411e-21
1.66203	1.60936e-20
1.69339	3.38813e-21
1.72475	3.17637e-21
1.75611	6.14099e-21
1.78747	1.05879e-21
1.81883	4.23516e-22
1.85019	3.17637e-22
1.88155	1.37643e-21
1.9129	4.49986e-22
1.94426	-3.57122e-11
1.97562	-1.63658e-10
2.00698	-1.25151e-10
2.03834	2.16718e-10
2.0697	1.75589e-10
2.10106	5.53403e-11
2.13242	8.08175e-13
2.16378	-1.99312e-11
2.19514	-2.44945e-11
2.2265	-2.21996e-11
2.25785	-1.76951e-11
2.28921	-1.30997e-11
2.32057	-9.22688e-12
2.35193	-6.2634e-12
2.38329	-4.12907e-12
2.41465	-2.65658e-12
2.44601	-1.8651e-12
2.47737	-2.56694e-12
2.50873	-4.50607e-12
