0	0
0.0313591	1.56125e-17
0.0627182	-5.20417e-17
0.0940773	6.93889e-18
0.125436	0
0.156795	6.93889e-18
0.188155	-4.16334e-17
0.219514	6.93889e-17
0.250873	-4.16334e-17
0.282232	6.93889e-17
0.313591	-2.77556e-17
0.34495	1.38778e-17
0.376309	0
0.407668	1.38778e-17
0.439027	-4.16334e-17
0.470386	4.16334e-17
0.501746	0
0.533105	2.77556e-17
0.564464	-2.77556e-17
0.595823	2.77556e-17
0.627182	-6.93889e-18
0.658541	-1.38778e-17
0.6899	2.77556e-17
0.721259	-4.16334e-17
0.752618	0
0.783977	-1.04083e-17
0.815336	-2.08167e-17
0.846696	3.46945e-18
0.878055	-1.04083e-17
0.909414	-6.93889e-18
0.940773	-5.20417e-18
0.972132	-6.93889e-18
1.00349	-1.38778e-17
1.03485	8.67362e-19
1.06621	-9.54098e-18
1.09757	3.46945e-18
1.12893	-9.54098e-18
1.16029	4.77049e-18
1.19165	-4.77049e-18
1.223	4.33681e-19
1.25436	2.1684e-19
1.28572	2.1684e-19
1.31708	1.40946e-18
1.34844	-2.1684e-19
1.3798	2.1684e-19
1.41116	4.87891e-19
1.44252	3.79471e-19
1.47388	3.52366e-19
1.50524	5.42101e-20
1.5366	2.1684e-19
1.56795	2.43945e-19
1.59931	-1.35525e-20
1.63067	1.15196e-19
1.66203	8.80914e-20
1.69339	1.35525e-20
1.72475	3.72694e-20
1.75611	3.55754e-20
1.78747	-3.57122e-11
1.81883	-1.63658e-10
1.85019	-3.46165e-10
1.88155	-5.9238e-10
1.9129	-9.58781e-10
1.94426	-1.51391e-09
1.97562	-2.39125e-09
2.00698	-1.30871e-09
2.03834	3.3256e-09
2.0697	3.76961e-09
2.10106	2.71104e-09
2.13242	1.40678e-09
2.16378	3.58089e-10
2.19514	-3.40159e-10
2.2265	-7.24099e-10
2.25785	-7.9541e-10
2.28921	-6.92059e-10
2.32057	-5.39729e-10
2.35193	-3.94569e-10
2.38329	-2.77178e-10
2.41465	-1.91093e-10
2.44601	-1.34003e-10
2.47737	-1.04325e-10
2.50873	-1.04104e-10
