0	0
0.0313591	-7.58942e-19
0.0627182	-3.46945e-18
0.0940773	-1.6263e-18
0.125436	1.30104e-18
0.156795	-5.63785e-18
0.188155	8.23994e-18
0.219514	-6.50521e-18
0.250873	1.86483e-17
0.282232	-1.04083e-17
0.313591	8.67362e-19
0.34495	1.04083e-17
0.376309	-1.38778e-17
0.407668	1.9082e-17
0.439027	-2.08167e-17
0.470386	2.77556e-17
0.501746	-3.46945e-18
0.533105	0
0.564464	2.77556e-17
0.595823	-1.04083e-17
0.627182	4.85723e-17
0.658541	-2.77556e-17
0.6899	6.245e-17
0.721259	-6.93889e-18
0.752618	3.46945e-17
0.783977	3.46945e-17
0.815336	-3.57121e-11
0.846696	-1.63658e-10
0.878055	-3.46165e-10
0.909414	-5.9238e-10
0.940773	-9.58781e-10
0.972132	-1.51391e-09
1.00349	-2.39125e-09
1.03485	-3.75622e-09
1.06621	-5.88779e-09
1.09757	-9.17611e-09
1.12893	-1.42116e-08
1.16029	-2.18644e-08
1.19165	-3.33884e-08
1.223	-5.06187e-08
1.25436	-7.61668e-08
1.28572	-1.13753e-07
1.31708	-1.68623e-07
1.34844	-2.48087e-07
1.3798	-3.6228e-07
1.41116	-5.25096e-07
1.44252	-7.55419e-07
1.47388	-1.07871e-06
1.50524	-1.52893e-06
1.5366	-2.15105e-06
1.56795	-3.00397e-06
1.59931	-4.16421e-06
1.63067	-5.73017e-06
1.66203	-7.82726e-06
1.69339	-1.06137e-05
1.72475	-1.42873e-05
1.75611	-1.90927e-05
1.78747	-2.53297e-05
1.81883	-3.33616e-05
1.85019	-4.36245e-05
1.88155	-5.66361e-05
1.9129	-7.30043e-05
1.94426	-9.34349e-05
1.97562	-0.000118738
2.00698	-9.64129e-05
2.03834	5.83005e-05
2.0697	0.000144396
2.10106	0.000180111
2.13242	0.000181011
2.16378	0.000159882
2.19514	0.000126782
2.2265	8.92177e-05
2.25785	5.24097e-05
2.28921	1.9609e-05
2.32057	-7.57379e-06
2.35193	-2.88662e-05
2.38329	-4.50988e-05
2.41465	-5.80882e-05
2.44601	-7.0705e-05
2.47737	-8.72386e-05
2.50873	-0.000114244
