0	0
0.0313591	-0.00150067
0.0627182	-0.00299643
0.0940773	-0.00448268
0.125436	-0.00595547
0.156795	-0.00741173
0.188155	-0.00884965
0.219514	-0.0102689
0.250873	-0.011671
0.282232	-0.0130594
0.313591	-0.0144399
0.34495	-0.0158207
0.376309	-0.0172126
0.407668	-0.0186286
0.439027	-0.0200848
0.470386	-0.0215992
0.501746	-0.0231921
0.533105	-0.0248854
0.564464	-0.0267019
0.595823	-0.028665
0.627182	-0.0307974
0.658541	-0.0331204
0.6899	-0.0356524
0.721259	-0.0384079
0.752618	-0.0413964
0.783977	-0.0446206
0.815336	-0.0480754
0.846696	-0.0517473
0.878055	-0.0556127
0.909414	-0.0596378
0.940773	-0.0637785
0.972132	-0.0679802
1.00349	-0.0721788
1.03485	-0.0763015
1.06621	-0.0802687
1.09757	-0.083996
1.12893	-0.0873965
1.16029	-0.0903838
1.19165	-0.0928748
1.223	-0.0947928
1.25436	-0.0960705
1.28572	-0.0966524
1.31708	-0.096498
1.34844	-0.0955825
1.3798	-0.0938992
1.41116	-0.0914595
1.44252	-0.088293
1.47388	-0.0844465
1.50524	-0.0799827
1.5366	-0.0749783
1.56795	-0.0695209
1.59931	-0.0637066
1.63067	-0.0576364
1.66203	-0.0514132
1.69339	-0.0451388
1.72475	-0.0389106
1.75611	-0.0328194
1.78747	-0.026947
1.81883	-0.0213648
1.85019	-0.0161323
1.88155	-0.0112972
1.9129	-0.00689439
1.94426	-0.00294721
1.97562	0.000532383
2.00698	0.00356747
2.03834	0.00632981
2.0697	0.00877789
2.10106	0.0108864
2.13242	0.0126335
2.16378	0.0140001
2.19514	0.0149698
2.2265	0.0155282
2.25785	0.0156621
2.28921	0.0153592
2.32057	0.0146072
2.35193	0.013394
2.38329	0.0117071
2.41465	0.00953401
2.44601	0.00686346
2.47737	0.00368657
2.50873	7.45287e-13
