0	0
0.0313591	-5.07712e-18
0.0627182	-3.52366e-19
0.0940773	-5.02121e-18
0.125436	9.9069e-18
0.156795	-1.88245e-17
0.188155	1.78216e-17
0.219514	-2.71051e-18
0.250873	6.09864e-18
0.282232	-7.37257e-18
0.313591	5.09575e-18
0.34495	-4.66207e-18
0.376309	0
0.407668	-6.28837e-18
0.439027	-1.45283e-17
0.470386	1.38778e-17
0.501746	-1.43115e-17
0.533105	-3.57122e-11
0.564464	-1.63658e-10
0.595823	-3.46165e-10
0.627182	-5.9238e-10
0.658541	-9.58781e-10
0.6899	-1.51391e-09
0.721259	-2.39125e-09
0.752618	-3.75622e-09
0.783977	-5.88779e-09
0.815336	-9.17611e-09
0.846696	-1.42116e-08
0.878055	-2.18644e-08
0.909414	-3.33884e-08
0.940773	-5.06187e-08
0.972132	-7.61668e-08
1.00349	-1.13753e-07
1.03485	-1.68623e-07
1.06621	-2.48087e-07
1.09757	-3.6228e-07
1.12893	-5.25096e-07
1.16029	-7.55419e-07
1.19165	-1.07871e-06
1.223	-1.52893e-06
1.25436	-2.15105e-06
1.28572	-3.00397e-06
1.31708	-4.16421e-06
1.34844	-5.73017e-06
1.3798	-7.82726e-06
1.41116	-1.06137e-05
1.44252	-1.42873e-05
1.47388	-1.90927e-05
1.50524	-2.53297e-05
1.5366	-3.33616e-05
1.56795	-4.36245e-05
1.59931	-5.66361e-05
1.63067	-7.30043e-05
1.66203	-9.34349e-05
1.69339	-0.000118738
1.72475	-0.000149833
1.75611	-0.000187748
1.78747	-0.000233623
1.81883	-0.000288698
1.85019	-0.00035431
1.88155	-0.000431872
1.9129	-0.000522856
1.94426	-0.00062877
1.97562	-0.000751125
2.00698	-0.000656718
2.03834	0.000104452
2.0697	0.000643591
2.10106	0.000985061
2.13242	0.00115743
2.16378	0.0011915
2.19514	0.00111838
2.2265	0.000967717
2.25785	0.000766083
2.28921	0.000535613
2.32057	0.000292766
2.35193	4.71867e-05
2.38329	-0.000199546
2.41465	-0.000455553
2.44601	-0.00074111
2.47737	-0.00109258
2.50873	-0.00156884
