0	0
0.0313591	5.09403e-05
0.0627182	0.000100243
0.0940773	0.000146253
0.125436	0.000187285
0.156795	0.000221605
0.188155	0.000247428
0.219514	0.000262908
0.250873	0.000266144
0.282232	0.000255185
0.313591	0.000228048
0.34495	0.00018274
0.376309	0.000117289
0.407668	2.97812e-05
0.439027	-8.15916e-05
0.470386	-0.000218483
0.501746	-0.000382334
0.533105	-0.000574315
0.564464	-0.000795258
0.595823	-0.0010456
0.627182	-0.00132529
0.658541	-0.00163377
0.6899	-0.00196985
0.721259	-0.0023317
0.752618	-0.0027167
0.783977	-0.00312145
0.815336	-0.00354164
0.846696	-0.00397197
0.878055	-0.00440606
0.909414	-0.00483637
0.940773	-0.00525403
0.972132	-0.00564878
1.00349	-0.00600882
1.03485	-0.00632066
1.06621	-0.00656906
1.09757	-0.00673691
1.12893	-0.00680517
1.16029	-0.00675291
1.19165	-0.00655736
1.223	-0.00619411
1.25436	-0.00563742
1.28572	-0.0048606
1.31708	-0.0038367
1.34844	-0.00253917
1.3798	-0.000942812
1.41116	0.000975147
1.44252	0.00323388
1.47388	0.00584764
1.50524	0.00882448
1.5366	0.0121649
1.56795	0.0158605
1.59931	0.0198932
1.63067	0.024234
1.66203	0.0288428
1.69339	0.0336679
1.72475	0.0386469
1.75611	0.0437066
1.78747	0.0487651
1.81883	0.053733
1.85019	0.0585155
1.88155	0.0630155
1.9129	0.0671354
1.94426	0.0707811
1.97562	0.0738638
2.00698	0.07684
2.03834	0.081137
2.0697	0.0848651
2.10106	0.0878862
2.13242	0.090058
2.16378	0.091236
2.19514	0.0912765
2.2265	0.0900379
2.25785	0.0873827
2.28921	0.0831782
2.32057	0.077297
2.35193	0.069616
2.38329	0.0600149
2.41465	0.0483741
2.44601	0.0345731
2.47737	0.0184893
2.50873	7.45287e-13
