0	0
0.0313591	0.00644563
0.0627182	0.0129026
0.0940773	0.0193795
0.125436	0.0258798
0.156795	0.0323993
0.188155	0.0389248
0.219514	0.0454322
0.250873	0.0518867
0.282232	0.058242
0.313591	0.0644418
0.34495	0.0704205
0.376309	0.0761061
0.407668	0.0814218
0.439027	0.0862896
0.470386	0.0906333
0.501746	0.0943815
0.533105	0.0974711
0.564464	0.0998499
0.595823	0.101479
0.627182	0.102335
0.658541	0.102411
0.6899	0.101718
0.721259	0.100282
0.752618	0.0981461
0.783977	0.0953689
0.815336	0.0920199
0.846696	0.088179
0.878055	0.083933
0.909414	0.0793727
0.940773	0.07459
0.972132	0.0696746
1.00349	0.0647121
1.03485	0.0597812
1.06621	0.0549522
1.09757	0.0502857
1.12893	0.0458316
1.16029	0.0416287
1.19165	0.0377053
1.223	0.0340792
1.25436	0.0307586
1.28572	0.0277433
1.31708	0.0250261
1.34844	0.0225936
1.3798	0.020428
1.41116	0.0185084
1.44252	0.0168115
1.47388	0.0153135
1.50524	0.0139904
1.5366	0.0128188
1.56795	0.0117769
1.59931	0.0108448
1.63067	0.0100044
1.66203	0.00924025
1.69339	0.00853886
1.72475	0.00788921
1.75611	0.00728231
1.78747	0.00671116
1.81883	0.00617045
1.85019	0.00565634
1.88155	0.00516622
1.9129	0.00469846
1.94426	0.00425218
1.97562	0.00382703
2.00698	0.00344704
2.03834	0.00316156
2.0697	0.00288085
2.10106	0.0026064
2.13242	0.00233982
2.16378	0.0020827
2.19514	0.00183653
2.2265	0.00160263
2.25785	0.00138199
2.28921	0.0011752
2.32057	0.000982294
2.35193	0.000802613
2.38329	0.000634598
2.41465	0.000475557
2.44601	0.000321312
2.47737	0.000165724
2.50873	7.45287e-13
