0	0
0.0313591	-4.44774e-05
0.0627182	-8.90986e-05
0.0940773	-0.000134025
0.125436	-0.000179454
0.156795	-0.000225635
0.188155	-0.000272892
0.219514	-0.000321642
0.250873	-0.000372414
0.282232	-0.000425872
0.313591	-0.000482836
0.34495	-0.000544302
0.376309	-0.000611466
0.407668	-0.000685737
0.439027	-0.00076876
0.470386	-0.000862422
0.501746	-0.000968861
0.533105	-0.00109047
0.564464	-0.00122988
0.595823	-0.00138997
0.627182	-0.00157381
0.658541	-0.00178464
0.6899	-0.00202584
0.721259	-0.00230084
0.752618	-0.00261309
0.783977	-0.00296599
0.815336	-0.00336277
0.846696	-0.00380646
0.878055	-0.00429978
0.909414	-0.0048451
0.940773	-0.00544434
0.972132	-0.00609892
1.00349	-0.00680977
1.03485	-0.00757728
1.06621	-0.00840134
1.09757	-0.00928139
1.12893	-0.0102165
1.16029	-0.0112054
1.19165	-0.0122468
1.223	-0.0133394
1.25436	-0.0144822
1.28572	-0.0156747
1.31708	-0.016917
1.34844	-0.0182103
1.3798	-0.0195566
1.41116	-0.0209596
1.44252	-0.0224241
1.47388	-0.0239564
1.50524	-0.0255641
1.5366	-0.0272559
1.56795	-0.0290415
1.59931	-0.0309307
1.63067	-0.032933
1.66203	-0.0350567
1.69339	-0.037308
1.72475	-0.0396894
1.75611	-0.0421994
1.78747	-0.0448301
1.81883	-0.0475669
1.85019	-0.0503866
1.88155	-0.0532565
1.9129	-0.0561341
1.94426	-0.058966
1.97562	-0.0616884
2.00698	-0.0646792
2.03834	-0.0691503
2.0697	-0.0735254
2.10106	-0.0776676
2.13242	-0.0814086
2.16378	-0.0845472
2.19514	-0.0868486
2.2265	-0.0880457
2.25785	-0.0878431
2.28921	-0.0859237
2.32057	-0.081959
2.35193	-0.0756242
2.38329	-0.0666164
2.41465	-0.0546788
2.44601	-0.0396275
2.47737	-0.0213826
2.50873	7.45287e-13
