0	0
0.0313591	0.0028244
0.0627182	0.00570571
0.0940773	0.00869872
0.125436	0.011854
0.156795	0.0152161
0.188155	0.0188211
0.219514	0.0226957
0.250873	0.0268551
0.282232	0.0313019
0.313591	0.0360255
0.34495	0.0410012
0.376309	0.0461907
0.407668	0.051542
0.439027	0.0569909
0.470386	0.0624622
0.501746	0.067872
0.533105	0.07313
0.564464	0.0781423
0.595823	0.0828146
0.627182	0.0870559
0.658541	0.0907808
0.6899	0.0939137
0.721259	0.0963907
0.752618	0.0981627
0.783977	0.0991968
0.815336	0.0994777
0.846696	0.0990078
0.878055	0.0978077
0.909414	0.0959145
0.940773	0.0933807
0.972132	0.0902718
1.00349	0.0866639
1.03485	0.0826406
1.06621	0.0782902
1.09757	0.0737027
1.12893	0.0689666
1.16029	0.0641666
1.19165	0.059381
1.223	0.0546802
1.25436	0.0501251
1.28572	0.0457661
1.31708	0.0416431
1.34844	0.0377852
1.3798	0.0342114
1.41116	0.030931
1.44252	0.0279452
1.47388	0.0252477
1.50524	0.0228265
1.5366	0.0206648
1.56795	0.0187426
1.59931	0.0170378
1.63067	0.0155272
1.66203	0.0141876
1.69339	0.0129965
1.72475	0.0119325
1.75611	0.0109761
1.78747	0.0101099
1.81883	0.00931848
1.85019	0.00858892
1.88155	0.00791035
1.9129	0.00727398
1.94426	0.00667293
1.97562	0.00610198
2.00698	0.00559639
2.03834	0.0052373
2.0697	0.00487854
2.10106	0.00451981
2.13242	0.00416137
2.16378	0.00380396
2.19514	0.00344861
2.2265	0.00309653
2.25785	0.00274891
2.28921	0.0024066
2.32057	0.0020699
2.35193	0.00173815
2.38329	0.00140934
2.41465	0.00107949
2.44601	0.000742085
2.47737	0.000387112
2.50873	7.45287e-13
