0	0
0.0313591	0.0032516
0.0627182	0.0064553
0.0940773	0.00956474
0.125436	0.0125365
0.156795	0.0153315
0.188155	0.0179159
0.219514	0.0202621
0.250873	0.0223493
0.282232	0.0241636
0.313591	0.0256982
0.34495	0.0269526
0.376309	0.0279327
0.407668	0.0286493
0.439027	0.0291178
0.470386	0.0293569
0.501746	0.0293875
0.533105	0.0292322
0.564464	0.0289136
0.595823	0.0284541
0.627182	0.0278752
0.658541	0.0271965
0.6899	0.0264359
0.721259	0.0256091
0.752618	0.0247297
0.783977	0.0238088
0.815336	0.022856
0.846696	0.0218789
0.878055	0.0208837
0.909414	0.0198753
0.940773	0.0188581
0.972132	0.0178356
1.00349	0.0168111
1.03485	0.015788
1.06621	0.0147696
1.09757	0.0137594
1.12893	0.0127611
1.16029	0.0117787
1.19165	0.0108165
1.223	0.00987858
1.25436	0.00896942
1.28572	0.00809322
1.31708	0.00725399
1.34844	0.00645543
1.3798	0.00570078
1.41116	0.00499278
1.44252	0.00433353
1.47388	0.00372449
1.50524	0.00316643
1.5366	0.00265944
1.56795	0.00220295
1.59931	0.00179577
1.63067	0.00143616
1.66203	0.00112189
1.69339	0.000850334
1.72475	0.000618548
1.75611	0.00042337
1.78747	0.000261499
1.81883	0.000129581
1.85019	2.42776e-05
1.88155	-5.76682e-05
1.9129	-0.000119379
1.94426	-0.000163802
1.97562	-0.000193678
2.00698	-0.000213008
2.03834	-0.000228289
2.0697	-0.000235964
2.10106	-0.000237073
2.13242	-0.000232623
2.16378	-0.000223576
2.19514	-0.000210831
2.2265	-0.000195208
2.25785	-0.000177439
2.28921	-0.000158146
2.32057	-0.000137824
2.35193	-0.000116826
2.38329	-9.53309e-05
2.41465	-7.33175e-05
2.44601	-5.05217e-05
2.47737	-2.63868e-05
2.50873	7.28773e-13
