0	0
0.0313591	-0.000446957
0.0627182	-0.000899121
0.0940773	-0.00136158
0.125436	-0.00183918
0.156795	-0.00233644
0.188155	-0.0028574
0.219514	-0.00340557
0.250873	-0.00398383
0.282232	-0.00459437
0.313591	-0.00523866
0.34495	-0.0059174
0.376309	-0.00663058
0.407668	-0.00737749
0.439027	-0.0081568
0.470386	-0.00896668
0.501746	-0.00980497
0.533105	-0.0106693
0.564464	-0.0115576
0.595823	-0.0124677
0.627182	-0.0133984
0.658541	-0.0143494
0.6899	-0.0153214
0.721259	-0.0163168
0.752618	-0.0173398
0.783977	-0.0183966
0.815336	-0.0194957
0.846696	-0.0206479
0.878055	-0.0218664
0.909414	-0.0231669
0.940773	-0.0245671
0.972132	-0.0260863
1.00349	-0.0277451
1.03485	-0.0295648
1.06621	-0.0315662
1.09757	-0.0337687
1.12893	-0.0361894
1.16029	-0.0388418
1.19165	-0.0417342
1.223	-0.0448687
1.25436	-0.0482401
1.28572	-0.0518344
1.31708	-0.0556283
1.34844	-0.0595884
1.3798	-0.0636712
1.41116	-0.0678228
1.44252	-0.0719802
1.47388	-0.0760719
1.50524	-0.0800197
1.5366	-0.0837406
1.56795	-0.0871496
1.59931	-0.090162
1.63067	-0.0926966
1.66203	-0.0946785
1.69339	-0.0960421
1.72475	-0.096734
1.75611	-0.096715
1.78747	-0.0959619
1.81883	-0.094469
1.85019	-0.0922485
1.88155	-0.0893302
1.9129	-0.0857609
1.94426	-0.0816026
1.97562	-0.0769303
2.00698	-0.0723346
2.03834	-0.0690381
2.0697	-0.0652529
2.10106	-0.0610358
2.13242	-0.0564563
2.16378	-0.0515946
2.19514	-0.046539
2.2265	-0.0413823
2.25785	-0.0362173
2.28921	-0.0311309
2.32057	-0.0261974
2.35193	-0.0214709
2.38329	-0.0169747
2.41465	-0.0126909
2.44601	-0.0085462
2.47737	-0.00439514
2.50873	7.45287e-13
