0	0
0.0313591	-0.000962438
0.0627182	-0.00192732
0.0940773	-0.00289753
0.125436	-0.0038768
0.156795	-0.00487016
0.188155	-0.00588424
0.219514	-0.00692764
0.250873	-0.00801116
0.282232	-0.00914799
0.313591	-0.0103537
0.34495	-0.0116465
0.376309	-0.0130465
0.407668	-0.0145759
0.439027	-0.0162585
0.470386	-0.0181186
0.501746	-0.0201807
0.533105	-0.0224681
0.564464	-0.0250023
0.595823	-0.027801
0.627182	-0.0308775
0.658541	-0.0342388
0.6899	-0.0378849
0.721259	-0.0418067
0.752618	-0.0459857
0.783977	-0.050393
0.815336	-0.0549886
0.846696	-0.0597218
0.878055	-0.064531
0.909414	-0.0693452
0.940773	-0.0740849
0.972132	-0.0786644
1.00349	-0.0829935
1.03485	-0.086981
1.06621	-0.0905369
1.09757	-0.0935757
1.12893	-0.0960198
1.16029	-0.0978019
1.19165	-0.0988682
1.223	-0.0991801
1.25436	-0.0987161
1.28572	-0.0974727
1.31708	-0.095465
1.34844	-0.092726
1.3798	-0.0893054
1.41116	-0.0852683
1.44252	-0.0806924
1.47388	-0.0756655
1.50524	-0.0702826
1.5366	-0.0646423
1.56795	-0.0588442
1.59931	-0.0529853
1.63067	-0.0471576
1.66203	-0.0414459
1.69339	-0.0359254
1.72475	-0.0306607
1.75611	-0.0257048
1.78747	-0.0210989
1.81883	-0.0168723
1.85019	-0.0130429
1.88155	-0.00961849
1.9129	-0.00659729
1.94426	-0.00396967
1.97562	-0.00171938
2.00698	0.000176221
2.03834	0.00180557
2.0697	0.00320616
2.10106	0.0043772
2.13242	0.00532003
2.16378	0.00603764
2.19514	0.00653406
2.2265	0.00681381
2.25785	0.00688134
2.28921	0.00674052
2.32057	0.00639418
2.35193	0.00584376
2.38329	0.00508907
2.41465	0.00412826
2.44601	0.00295792
2.47737	0.00157362
2.50873	-2.90625e-05
