0	0
0.0313591	-6.46005e-06
0.0627182	-1.33626e-05
0.0940773	-2.11655e-05
0.125436	-3.03576e-05
0.156795	-4.14735e-05
0.188155	-5.51072e-05
0.219514	-7.19256e-05
0.250873	-9.26795e-05
0.282232	-0.000118213
0.313591	-0.00014947
0.34495	-0.0001875
0.376309	-0.000233454
0.407668	-0.000288585
0.439027	-0.000354234
0.470386	-0.000431821
0.501746	-0.000522823
0.533105	-0.000628748
0.564464	-0.000751111
0.595823	-0.000891394
0.627182	-0.00105102
0.658541	-0.00123129
0.6899	-0.0014334
0.721259	-0.00165835
0.752618	-0.00190693
0.783977	-0.00217975
0.815336	-0.00247716
0.846696	-0.00279931
0.878055	-0.00314618
0.909414	-0.0035176
0.940773	-0.00391335
0.972132	-0.00433324
1.00349	-0.0047773
1.03485	-0.00524584
1.06621	-0.00573974
1.09757	-0.00626056
1.12893	-0.00681087
1.16029	-0.0073944
1.19165	-0.00801634
1.223	-0.00868355
1.25436	-0.0094048
1.28572	-0.0101909
1.31708	-0.0110549
1.34844	-0.0120121
1.3798	-0.0130799
1.41116	-0.0142778
1.44252	-0.0156269
1.47388	-0.0171499
1.50524	-0.0188697
1.5366	-0.0208094
1.56795	-0.022991
1.59931	-0.0254342
1.63067	-0.0281553
1.66203	-0.0311662
1.69339	-0.0344725
1.72475	-0.0380726
1.75611	-0.0419565
1.78747	-0.0461044
1.81883	-0.0504864
1.85019	-0.0550616
1.88155	-0.0597784
1.9129	-0.0645746
1.94426	-0.0693786
1.97562	-0.0741103
2.00698	-0.0792079
2.03834	-0.0861107
2.0697	-0.0930066
2.10106	-0.0997403
2.13242	-0.106125
2.16378	-0.111941
2.19514	-0.116936
2.2265	-0.120829
2.25785	-0.12331
2.28921	-0.124048
2.32057	-0.122701
2.35193	-0.118929
2.38329	-0.112404
2.41465	-0.10284
2.44601	-0.0900059
2.47737	-0.0737617
2.50873	-0.0540846
