0	0
0.0313591	-0.00412129
0.0627182	-0.00828427
0.0940773	-0.0125284
0.125436	-0.0168884
0.156795	-0.0213926
0.188155	-0.0260605
0.219514	-0.0309016
0.250873	-0.0359135
0.282232	-0.0410816
0.313591	-0.0463781
0.34495	-0.0517621
0.376309	-0.0571802
0.407668	-0.0625677
0.439027	-0.0678497
0.470386	-0.0729437
0.501746	-0.077762
0.533105	-0.0822143
0.564464	-0.0862114
0.595823	-0.0896681
0.627182	-0.0925063
0.658541	-0.0946588
0.6899	-0.0960711
0.721259	-0.0967045
0.752618	-0.0965374
0.783977	-0.0955665
0.815336	-0.0938072
0.846696	-0.0912929
0.878055	-0.0880744
0.909414	-0.0842174
0.940773	-0.0798011
0.972132	-0.0749144
1.00349	-0.0696538
1.03485	-0.0641195
1.06621	-0.0584123
1.09757	-0.052631
1.12893	-0.0468689
1.16029	-0.0412123
1.19165	-0.0357376
1.223	-0.0305108
1.25436	-0.025586
1.28572	-0.0210055
1.31708	-0.0167993
1.34844	-0.0129863
1.3798	-0.00957486
1.41116	-0.00656393
1.44252	-0.00394434
1.47388	-0.00170028
1.50524	0.000189278
1.5366	0.00174928
1.56795	0.00300722
1.59931	0.00399206
1.63067	0.00473322
1.66203	0.00525976
1.69339	0.00559973
1.72475	0.00577973
1.75611	0.00582454
1.78747	0.00575695
1.81883	0.00559764
1.85019	0.00536517
1.88155	0.00507608
1.9129	0.00474493
1.94426	0.00438444
1.97562	0.00400566
2.00698	0.00364351
2.03834	0.00335848
2.0697	0.00306097
2.10106	0.00275652
2.13242	0.00245056
2.16378	0.00214828
2.19514	0.00185463
2.2265	0.0015742
2.25785	0.00131113
2.28921	0.00106892
2.32057	0.000850277
2.35193	0.000656849
2.38329	0.000488883
2.41465	0.000344811
2.44601	0.000220692
2.47737	0.000109469
2.50873	-3.45674e-08
