0	0
0.0313591	-0.00214227
0.0627182	-0.00430386
0.0940773	-0.0065042
0.125436	-0.00876298
0.156795	-0.0111002
0.188155	-0.0135359
0.219514	-0.0160901
0.250873	-0.0187826
0.282232	-0.0216318
0.313591	-0.0246546
0.34495	-0.0278652
0.376309	-0.031274
0.407668	-0.0348867
0.439027	-0.0387032
0.470386	-0.0427159
0.501746	-0.0469094
0.533105	-0.0512592
0.564464	-0.0557313
0.595823	-0.0602817
0.627182	-0.0648568
0.658541	-0.0693938
0.6899	-0.0738217
0.721259	-0.0780631
0.752618	-0.0820359
0.783977	-0.0856557
0.815336	-0.0888387
0.846696	-0.0915044
0.878055	-0.0935785
0.909414	-0.0949962
0.940773	-0.0957043
0.972132	-0.0956641
1.00349	-0.094853
1.03485	-0.0932658
1.06621	-0.0909152
1.09757	-0.0878321
1.12893	-0.0840643
1.16029	-0.0796754
1.19165	-0.0747424
1.223	-0.0693535
1.25436	-0.0636048
1.28572	-0.0575975
1.31708	-0.0514343
1.34844	-0.0452167
1.3798	-0.0390416
1.41116	-0.0329991
1.44252	-0.0271704
1.47388	-0.0216258
1.50524	-0.0164238
1.5366	-0.0116106
1.56795	-0.00722005
1.59931	-0.00327375
1.63067	0.000217943
1.66203	0.00325491
1.69339	0.00584601
1.72475	0.00800763
1.75611	0.00976226
1.78747	0.011137
1.81883	0.0121622
1.85019	0.0128701
1.88155	0.0132942
1.9129	0.0134676
1.94426	0.0134228
1.97562	0.0131911
2.00698	0.0128918
2.03834	0.012771
2.0697	0.0125248
2.10106	0.0121632
2.13242	0.011696
2.16378	0.0111333
2.19514	0.0104841
2.2265	0.00975714
2.25785	0.00895962
2.28921	0.00809731
2.32057	0.00717367
2.35193	0.00618913
2.38329	0.00514001
2.41465	0.00401728
2.44601	0.00280492
2.47737	0.00147794
2.50873	7.45287e-13
