0	0
0.0313591	-8.32383e-09
0.0627182	-1.81082e-08
0.0940773	-3.09972e-08
0.125436	-4.91048e-08
0.156795	-7.5208e-08
0.188155	-1.1316e-07
0.219514	-1.68277e-07
0.250873	-2.47923e-07
0.282232	-3.62244e-07
0.313591	-5.25096e-07
0.34495	-7.55419e-07
0.376309	-1.07871e-06
0.407668	-1.52893e-06
0.439027	-2.15105e-06
0.470386	-3.00397e-06
0.501746	-4.16421e-06
0.533105	-5.73017e-06
0.564464	-7.82726e-06
0.595823	-1.06137e-05
0.627182	-1.42873e-05
0.658541	-1.90927e-05
0.6899	-2.53297e-05
0.721259	-3.33616e-05
0.752618	-4.36245e-05
0.783977	-5.66361e-05
0.815336	-7.30043e-05
0.846696	-9.34349e-05
0.878055	-0.000118738
0.909414	-0.000149833
0.940773	-0.000187748
0.972132	-0.000233623
1.00349	-0.000288698
1.03485	-0.00035431
1.06621	-0.000431872
1.09757	-0.000522856
1.12893	-0.00062877
1.16029	-0.000751125
1.19165	-0.000891403
1.223	-0.00105102
1.25436	-0.0012313
1.28572	-0.0014334
1.31708	-0.00165835
1.34844	-0.00190693
1.3798	-0.00217975
1.41116	-0.00247716
1.44252	-0.00279931
1.47388	-0.00314618
1.50524	-0.0035176
1.5366	-0.00391335
1.56795	-0.00433324
1.59931	-0.0047773
1.63067	-0.00524584
1.66203	-0.00573974
1.69339	-0.00626056
1.72475	-0.00681087
1.75611	-0.0073944
1.78747	-0.00801634
1.81883	-0.00868355
1.85019	-0.0094048
1.88155	-0.0101909
1.9129	-0.0110549
1.94426	-0.0120121
1.97562	-0.0130799
2.00698	-0.0138851
2.03834	-0.0132516
2.0697	-0.0124529
2.10106	-0.0115616
2.13242	-0.0106852
2.16378	-0.009969
2.19514	-0.00959855
2.2265	-0.00979951
2.25785	-0.010835
2.28921	-0.0129995
2.32057	-0.0166098
2.35193	-0.0219906
2.38329	-0.0294565
2.41465	-0.0392887
2.44601	-0.0517078
2.47737	-0.0668411
2.50873	-0.0846882
