0	0
0.0313591	1.04908e-05
0.0627182	2.08722e-05
0.0940773	3.10251e-05
0.125436	4.08109e-05
0.156795	5.00606e-05
0.188155	5.85636e-05
0.219514	6.60551e-05
0.250873	7.2202e-05
0.282232	7.65876e-05
0.313591	7.86944e-05
0.34495	7.78861e-05
0.376309	7.33874e-05
0.407668	6.42635e-05
0.439027	4.93983e-05
0.470386	2.74736e-05
0.501746	-3.05186e-06
0.533105	-4.39608e-05
0.564464	-9.72929e-05
0.595823	-0.000165357
0.627182	-0.000250734
0.658541	-0.000356281
0.6899	-0.000485113
0.721259	-0.000640591
0.752618	-0.000826284
0.783977	-0.00104593
0.815336	-0.00130337
0.846696	-0.00160248
0.878055	-0.0019471
0.909414	-0.0023409
0.940773	-0.00278731
0.972132	-0.00328936
1.00349	-0.00384954
1.03485	-0.0044697
1.06621	-0.00515085
1.09757	-0.00589303
1.12893	-0.00669513
1.16029	-0.00755475
1.19165	-0.00846806
1.223	-0.00942962
1.25436	-0.0104323
1.28572	-0.011467
1.31708	-0.0125227
1.34844	-0.0135866
1.3798	-0.0146434
1.41116	-0.0156762
1.44252	-0.0166656
1.47388	-0.0175905
1.50524	-0.0184283
1.5366	-0.0191546
1.56795	-0.0197441
1.59931	-0.0201709
1.63067	-0.0204092
1.66203	-0.0204338
1.69339	-0.0202216
1.72475	-0.0197517
1.75611	-0.0190073
1.78747	-0.0179764
1.81883	-0.016653
1.85019	-0.0150387
1.88155	-0.0131431
1.9129	-0.010985
1.94426	-0.00859305
1.97562	-0.00600605
2.00698	-0.00329559
2.03834	-0.000467853
2.0697	0.00257556
2.10106	0.00577087
2.13242	0.00903286
2.16378	0.0122534
2.19514	0.0153007
2.2265	0.0180208
2.25785	0.0202402
2.28921	0.021771
2.32057	0.0224201
2.35193	0.0220002
2.38329	0.0203457
2.41465	0.0173323
2.44601	0.012899
2.47737	0.0070738
2.50873	7.45287e-13
