0	0
0.0313591	-3.09675e-18
0.0627182	6.72205e-18
0.0940773	3.87602e-18
0.125436	0
0.156795	-4.17418e-18
0.188155	5.3668e-18
0.219514	-7.80626e-18
0.250873	1.04083e-17
0.282232	-1.87567e-17
0.313591	8.0231e-18
0.34495	5.20417e-18
0.376309	-9.97466e-18
0.407668	8.67362e-18
0.439027	-5.63785e-18
0.470386	-6.07153e-18
0.501746	3.46945e-18
0.533105	-1.82146e-17
0.564464	-1.73472e-18
0.595823	-5.20417e-18
0.627182	1.21431e-17
0.658541	-3.57122e-11
0.6899	-1.63658e-10
0.721259	-3.46165e-10
0.752618	-5.9238e-10
0.783977	-9.58781e-10
0.815336	-1.51391e-09
0.846696	-2.39125e-09
0.878055	-3.75622e-09
0.909414	-5.88779e-09
0.940773	-9.17611e-09
0.972132	-1.42116e-08
1.00349	-2.18644e-08
1.03485	-3.33884e-08
1.06621	-5.06187e-08
1.09757	-7.61668e-08
1.12893	-1.13753e-07
1.16029	-1.68623e-07
1.19165	-2.48087e-07
1.223	-3.6228e-07
1.25436	-5.25096e-07
1.28572	-7.55419e-07
1.31708	-1.07871e-06
1.34844	-1.52893e-06
1.3798	-2.15105e-06
1.41116	-3.00397e-06
1.44252	-4.16421e-06
1.47388	-5.73017e-06
1.50524	-7.82726e-06
1.5366	-1.06137e-05
1.56795	-1.42873e-05
1.59931	-1.90927e-05
1.63067	-2.53297e-05
1.66203	-3.33616e-05
1.69339	-4.36245e-05
1.72475	-5.66361e-05
1.75611	-7.30043e-05
1.78747	-9.34349e-05
1.81883	-0.000118738
1.85019	-0.000149833
1.88155	-0.000187748
1.9129	-0.000233623
1.94426	-0.000288698
1.97562	-0.00035431
2.00698	-0.000300291
2.03834	0.000105832
2.0697	0.000365624
2.10106	0.000506172
2.13242	0.000553909
2.16378	0.000533486
2.19514	0.000466884
2.2265	0.000372799
2.25785	0.000266255
2.28921	0.000158435
2.32057	5.66595e-05
2.35193	-3.55827e-05
2.38329	-0.000118647
2.41465	-0.00019697
2.44601	-0.00027976
2.47737	-0.000382491
2.50873	-0.000529761
