0	0
0.0313591	-0.00016345
0.0627182	-0.000330512
0.0940773	-0.000504693
0.125436	-0.000689289
0.156795	-0.000887284
0.188155	-0.00110125
0.219514	-0.00133326
0.250873	-0.00158478
0.282232	-0.00185661
0.313591	-0.00214879
0.34495	-0.00246052
0.376309	-0.00279009
0.407668	-0.00313478
0.439027	-0.0034908
0.470386	-0.00385319
0.501746	-0.00421573
0.533105	-0.0045708
0.564464	-0.00490931
0.595823	-0.00522052
0.627182	-0.00549194
0.658541	-0.0057092
0.6899	-0.0058559
0.721259	-0.00591358
0.752618	-0.0058616
0.783977	-0.0056772
0.815336	-0.00533559
0.846696	-0.00481012
0.878055	-0.00407265
0.909414	-0.00309402
0.940773	-0.00184465
0.972132	-0.000295408
1.00349	0.00158144
1.03485	0.00381108
1.06621	0.00641487
1.09757	0.00940897
1.12893	0.0128029
1.16029	0.0165982
1.19165	0.0207869
1.223	0.0253508
1.25436	0.0302602
1.28572	0.0354733
1.31708	0.0409366
1.34844	0.0465847
1.3798	0.0523413
1.41116	0.0581206
1.44252	0.0638295
1.47388	0.0693692
1.50524	0.0746386
1.5366	0.0795371
1.56795	0.0839678
1.59931	0.0878406
1.63067	0.0910753
1.66203	0.0936043
1.69339	0.0953754
1.72475	0.096353
1.75611	0.0965195
1.78747	0.0958759
1.81883	0.0944415
1.85019	0.0922531
1.88155	0.089363
1.9129	0.0858373
1.94426	0.0817532
1.97562	0.0771962
2.00698	0.0727648
2.03834	0.0696979
2.0697	0.066203
2.10106	0.0623329
2.13242	0.058147
2.16378	0.0537089
2.19514	0.0490837
2.2265	0.0443349
2.25785	0.039521
2.28921	0.0346909
2.32057	0.0298798
2.35193	0.0251032
2.38329	0.0203509
2.41465	0.0155797
2.44601	0.0107033
2.47737	0.00558058
2.50873	7.45287e-13
