0	0
0.0313591	-1.87034e-05
0.0627182	-4.08068e-05
0.0940773	-6.96699e-05
0.125436	-0.000108571
0.156795	-0.000160665
0.188155	-0.000228937
0.219514	-0.000316156
0.250873	-0.000424824
0.282232	-0.000557124
0.313591	-0.000714863
0.34495	-0.000899412
0.376309	-0.00111165
0.407668	-0.0013519
0.439027	-0.00161987
0.470386	-0.00191457
0.501746	-0.00223427
0.533105	-0.0025764
0.564464	-0.00293749
0.595823	-0.00331309
0.627182	-0.00369764
0.658541	-0.00408442
0.6899	-0.00446539
0.721259	-0.00483108
0.752618	-0.00517046
0.783977	-0.0054708
0.815336	-0.00571753
0.846696	-0.00589413
0.878055	-0.00598205
0.909414	-0.00596062
0.940773	-0.00580709
0.972132	-0.00549676
1.00349	-0.00500314
1.03485	-0.00429829
1.06621	-0.00335334
1.09757	-0.00213914
1.12893	-0.000627029
1.16029	0.00121011
1.19165	0.00339671
1.223	0.00595328
1.25436	0.00889494
1.28572	0.0122301
1.31708	0.0159588
1.34844	0.0200719
1.3798	0.0245495
1.41116	0.02936
1.44252	0.0344603
1.47388	0.0397948
1.50524	0.0452964
1.5366	0.0508872
1.56795	0.05648
1.59931	0.0619801
1.63067	0.0672881
1.66203	0.0723021
1.69339	0.0769216
1.72475	0.08105
1.75611	0.0845983
1.78747	0.087488
1.81883	0.089654
1.85019	0.0910468
1.88155	0.0916345
1.9129	0.0914037
1.94426	0.0903596
1.97562	0.0885263
2.00698	0.0865492
2.03834	0.0859631
2.0697	0.0846428
2.10106	0.0825834
2.13242	0.0797943
2.16378	0.0762983
2.19514	0.0721306
2.2265	0.0673358
2.25785	0.0619637
2.28921	0.0560643
2.32057	0.0496802
2.35193	0.0428376
2.38329	0.035536
2.41465	0.0277347
2.44601	0.0193381
2.47737	0.010179
2.50873	7.45287e-13
