0	0
0.0313591	-9.21526e-10
0.0627182	-2.04508e-09
0.0940773	-3.59256e-09
0.125436	-5.85208e-09
0.156795	-9.17611e-09
0.188155	-1.42116e-08
0.219514	-2.18644e-08
0.250873	-3.33884e-08
0.282232	-5.06187e-08
0.313591	-7.61668e-08
0.34495	-1.13753e-07
0.376309	-1.68623e-07
0.407668	-2.48087e-07
0.439027	-3.6228e-07
0.470386	-5.25096e-07
0.501746	-7.55419e-07
0.533105	-1.07871e-06
0.564464	-1.52893e-06
0.595823	-2.15105e-06
0.627182	-3.00397e-06
0.658541	-4.16421e-06
0.6899	-5.73017e-06
0.721259	-7.82726e-06
0.752618	-1.06137e-05
0.783977	-1.42873e-05
0.815336	-1.90927e-05
0.846696	-2.53297e-05
0.878055	-3.33616e-05
0.909414	-4.36245e-05
0.940773	-5.66361e-05
0.972132	-7.30043e-05
1.00349	-9.34349e-05
1.03485	-0.000118738
1.06621	-0.000149833
1.09757	-0.000187748
1.12893	-0.000233623
1.16029	-0.000288698
1.19165	-0.00035431
1.223	-0.000431872
1.25436	-0.000522856
1.28572	-0.00062877
1.31708	-0.000751125
1.34844	-0.000891403
1.3798	-0.00105102
1.41116	-0.0012313
1.44252	-0.0014334
1.47388	-0.00165835
1.50524	-0.00190693
1.5366	-0.00217975
1.56795	-0.00247716
1.59931	-0.00279931
1.63067	-0.00314618
1.66203	-0.0035176
1.69339	-0.00391335
1.72475	-0.00433324
1.75611	-0.0047773
1.78747	-0.00524584
1.81883	-0.00573974
1.85019	-0.00626056
1.88155	-0.00681087
1.9129	-0.0073944
1.94426	-0.00801634
1.97562	-0.00868355
2.00698	-0.00882165
2.03834	-0.00680274
2.0697	-0.00461534
2.10106	-0.00236983
2.13242	-0.00020491
2.16378	0.00171306
2.19514	0.00319177
2.2265	0.00401564
2.25785	0.00394942
2.28921	0.00274248
2.32057	0.000133698
2.35193	-0.00414319
2.38329	-0.0103539
2.41465	-0.0187571
2.44601	-0.0295974
2.47737	-0.043096
2.50873	-0.0594393
