0	0
0.0313591	-3.10453e-10
0.0627182	-5.9238e-10
0.0940773	-9.58781e-10
0.125436	-1.51391e-09
0.156795	-2.39125e-09
0.188155	-3.75622e-09
0.219514	-5.88779e-09
0.250873	-9.17611e-09
0.282232	-1.42116e-08
0.313591	-2.18644e-08
0.34495	-3.33884e-08
0.376309	-5.06187e-08
0.407668	-7.61668e-08
0.439027	-1.13753e-07
0.470386	-1.68623e-07
0.501746	-2.48087e-07
0.533105	-3.6228e-07
0.564464	-5.25096e-07
0.595823	-7.55419e-07
0.627182	-1.07871e-06
0.658541	-1.52893e-06
0.6899	-2.15105e-06
0.721259	-3.00397e-06
0.752618	-4.16421e-06
0.783977	-5.73017e-06
0.815336	-7.82726e-06
0.846696	-1.06137e-05
0.878055	-1.42873e-05
0.909414	-1.90927e-05
0.940773	-2.53297e-05
0.972132	-3.33616e-05
1.00349	-4.36245e-05
1.03485	-5.66361e-05
1.06621	-7.30043e-05
1.09757	-9.34349e-05
1.12893	-0.000118738
1.16029	-0.000149833
1.19165	-0.000187748
1.223	-0.000233623
1.25436	-0.000288698
1.28572	-0.00035431
1.31708	-0.000431872
1.34844	-0.000522856
1.3798	-0.00062877
1.41116	-0.000751125
1.44252	-0.000891403
1.47388	-0.00105102
1.50524	-0.0012313
1.5366	-0.0014334
1.56795	-0.00165835
1.59931	-0.00190693
1.63067	-0.00217975
1.66203	-0.00247716
1.69339	-0.00279931
1.72475	-0.00314618
1.75611	-0.0035176
1.78747	-0.00391335
1.81883	-0.00433324
1.85019	-0.0047773
1.88155	-0.00524584
1.9129	-0.00573974
1.94426	-0.00626056
1.97562	-0.00681087
2.00698	-0.00674947
2.03834	-0.00435876
2.0697	-0.00189678
2.10106	0.000520153
2.13242	0.00275991
2.16378	0.00467736
2.19514	0.00611745
2.2265	0.00691812
2.25785	0.00691275
2.28921	0.00593175
2.32057	0.00380279
2.35193	0.000349519
2.38329	-0.00461151
2.41465	-0.0112754
2.44601	-0.0198549
2.47737	-0.0305864
2.50873	-0.0437345
