0	0
0.0313591	-0.00324278
0.0627182	-0.00653169
0.0940773	-0.00991112
0.125436	-0.0134221
0.156795	-0.0171004
0.188155	-0.0209752
0.219514	-0.0250677
0.250873	-0.0293891
0.282232	-0.0339402
0.313591	-0.03871
0.34495	-0.0436755
0.376309	-0.0488011
0.407668	-0.0540387
0.439027	-0.0593288
0.470386	-0.0646013
0.501746	-0.069777
0.533105	-0.0747701
0.564464	-0.0794902
0.595823	-0.0838454
0.627182	-0.0877454
0.658541	-0.0911043
0.6899	-0.0938442
0.721259	-0.095898
0.752618	-0.097212
0.783977	-0.0977482
0.815336	-0.0974859
0.846696	-0.0964225
0.878055	-0.0945742
0.909414	-0.0919752
0.940773	-0.0886769
0.972132	-0.0847456
1.00349	-0.0802606
1.03485	-0.0753113
1.06621	-0.0699939
1.09757	-0.0644087
1.12893	-0.0586564
1.16029	-0.0528354
1.19165	-0.0470389
1.223	-0.0413525
1.25436	-0.0358524
1.28572	-0.030604
1.31708	-0.0256612
1.34844	-0.0210655
1.3798	-0.0168469
1.41116	-0.0130238
1.44252	-0.0096042
1.47388	-0.00658667
1.50524	-0.00396184
1.5366	-0.00171365
1.56795	0.000179155
1.59931	0.00174167
1.63067	0.00300154
1.66203	0.00398786
1.69339	0.00473014
1.72475	0.00525751
1.75611	0.0055981
1.78747	0.00577856
1.81883	0.00582371
1.85019	0.00575636
1.88155	0.00559722
1.9129	0.00536489
1.94426	0.00507588
1.97562	0.00474479
2.00698	0.00441518
2.03834	0.00416517
2.0697	0.00388843
2.10106	0.00359138
2.13242	0.00328026
2.16378	0.0029611
2.19514	0.00263961
2.2265	0.00232113
2.25785	0.00201049
2.28921	0.00171182
2.32057	0.00142828
2.35193	0.00116178
2.38329	0.000912563
2.41465	0.00067865
2.44601	0.000455164
2.47737	0.000233449
2.50873	-8.95545e-08
