0	0
0.0313591	1.0842e-18
0.0627182	-9.21572e-18
0.0940773	1.0842e-17
0.125436	-1.32273e-17
0.156795	1.47451e-17
0.188155	-1.04083e-17
0.219514	5.20417e-18
0.250873	6.07153e-18
0.282232	-1.04083e-17
0.313591	1.56125e-17
0.34495	-1.73472e-18
0.376309	8.67362e-18
0.407668	0
0.439027	0
0.470386	1.38778e-17
0.501746	-6.93889e-18
0.533105	2.77556e-17
0.564464	-1.38778e-17
0.595823	6.245e-17
0.627182	6.93889e-18
0.658541	2.08167e-17
0.6899	4.16334e-17
0.721259	4.85723e-17
0.752618	-4.16334e-17
0.783977	6.93889e-17
0.815336	-1.38778e-17
0.846696	8.32667e-17
0.878055	-6.93889e-17
0.909414	-3.57121e-11
0.940773	-1.63658e-10
0.972132	-3.46165e-10
1.00349	-5.9238e-10
1.03485	-9.58781e-10
1.06621	-1.51391e-09
1.09757	-2.39125e-09
1.12893	-3.75622e-09
1.16029	-5.88779e-09
1.19165	-9.17611e-09
1.223	-1.42116e-08
1.25436	-2.18644e-08
1.28572	-3.33884e-08
1.31708	-5.06187e-08
1.34844	-7.61668e-08
1.3798	-1.13753e-07
1.41116	-1.68623e-07
1.44252	-2.48087e-07
1.47388	-3.6228e-07
1.50524	-5.25096e-07
1.5366	-7.55419e-07
1.56795	-1.07871e-06
1.59931	-1.52893e-06
1.63067	-2.15105e-06
1.66203	-3.00397e-06
1.69339	-4.16421e-06
1.72475	-5.73017e-06
1.75611	-7.82726e-06
1.78747	-1.06137e-05
1.81883	-1.42873e-05
1.85019	-1.90927e-05
1.88155	-2.53297e-05
1.9129	-3.33616e-05
1.94426	-4.36245e-05
1.97562	-5.66361e-05
2.00698	-4.47148e-05
2.03834	3.40894e-05
2.0697	7.41144e-05
2.10106	8.73696e-05
2.13242	8.34594e-05
2.16378	6.97634e-05
2.19514	5.1686e-05
2.2265	3.29457e-05
2.25785	1.58775e-05
2.28921	1.72787e-06
2.32057	-9.07854e-06
2.35193	-1.67145e-05
2.38329	-2.17831e-05
2.41465	-2.52245e-05
2.44601	-2.832e-05
2.47737	-3.2839e-05
2.50873	-4.14079e-05
