0	0
0.0313591	5.17156e-18
0.0627182	-1.38905e-17
0.0940773	1.81485e-17
0.125436	-6.5933e-18
0.156795	-6.30193e-19
0.188155	-4.01155e-18
0.219514	4.48589e-18
0.250873	-4.22839e-18
0.282232	2.6834e-18
0.313591	-2.6834e-18
0.34495	-2.87314e-18
0.376309	4.87891e-18
0.407668	9.21572e-19
0.439027	-3.57122e-11
0.470386	-1.63658e-10
0.501746	-3.46165e-10
0.533105	-5.9238e-10
0.564464	-9.58781e-10
0.595823	-1.51391e-09
0.627182	-2.39125e-09
0.658541	-3.75622e-09
0.6899	-5.88779e-09
0.721259	-9.17611e-09
0.752618	-1.42116e-08
0.783977	-2.18644e-08
0.815336	-3.33884e-08
0.846696	-5.06187e-08
0.878055	-7.61668e-08
0.909414	-1.13753e-07
0.940773	-1.68623e-07
0.972132	-2.48087e-07
1.00349	-3.6228e-07
1.03485	-5.25096e-07
1.06621	-7.55419e-07
1.09757	-1.07871e-06
1.12893	-1.52893e-06
1.16029	-2.15105e-06
1.19165	-3.00397e-06
1.223	-4.16421e-06
1.25436	-5.73017e-06
1.28572	-7.82726e-06
1.31708	-1.06137e-05
1.34844	-1.42873e-05
1.3798	-1.90927e-05
1.41116	-2.53297e-05
1.44252	-3.33616e-05
1.47388	-4.36245e-05
1.50524	-5.66361e-05
1.5366	-7.30043e-05
1.56795	-9.34349e-05
1.59931	-0.000118738
1.63067	-0.000149833
1.66203	-0.000187748
1.69339	-0.000233623
1.72475	-0.000288698
1.75611	-0.00035431
1.78747	-0.000431872
1.81883	-0.000522856
1.85019	-0.00062877
1.88155	-0.000751125
1.9129	-0.000891403
1.94426	-0.00105102
1.97562	-0.0012313
2.00698	-0.00110018
2.03834	2.02624e-05
2.0697	0.000872823
2.10106	0.00146865
2.13242	0.00182787
2.16378	0.00197759
2.19514	0.00194957
2.2265	0.00177762
2.25785	0.00149503
2.28921	0.00113181
2.32057	0.000711936
2.35193	0.00025047
2.38329	-0.000249646
2.41465	-0.00080148
2.44601	-0.0014392
2.47737	-0.00222524
2.50873	-0.00326082
