0	0
0.0313591	0.0116571
0.0627182	0.023125
0.0940773	0.0342197
0.125436	0.0447671
0.156795	0.0546078
0.188155	0.0636009
0.219514	0.0716275
0.250873	0.0785933
0.282232	0.0844306
0.313591	0.0890987
0.34495	0.0925844
0.376309	0.0949007
0.407668	0.0960856
0.439027	0.0961989
0.470386	0.0953201
0.501746	0.0935441
0.533105	0.090978
0.564464	0.0877369
0.595823	0.0839402
0.627182	0.0797078
0.658541	0.0751568
0.6899	0.0703981
0.721259	0.0655346
0.752618	0.0606587
0.783977	0.0558512
0.815336	0.0511803
0.846696	0.0467013
0.878055	0.0424569
0.909414	0.0384781
0.940773	0.0347842
0.972132	0.031385
1.00349	0.0282815
1.03485	0.0254677
1.06621	0.0229316
1.09757	0.0206572
1.12893	0.0186251
1.16029	0.0168143
1.19165	0.0152029
1.223	0.0137692
1.25436	0.0124918
1.28572	0.0113509
1.31708	0.0103283
1.34844	0.00940755
1.3798	0.00857414
1.41116	0.00781565
1.44252	0.00712154
1.47388	0.00648312
1.50524	0.00589329
1.5366	0.00534646
1.56795	0.00483825
1.59931	0.00436532
1.63067	0.00392517
1.66203	0.00351592
1.69339	0.00313617
1.72475	0.00278483
1.75611	0.00246097
1.78747	0.00216376
1.81883	0.00189235
1.85019	0.00164582
1.88155	0.00142318
1.9129	0.00122326
1.94426	0.00104482
1.97562	0.000886472
2.00698	0.000751967
2.03834	0.000648997
2.0697	0.000556313
2.10106	0.000473632
2.13242	0.00040054
2.16378	0.000336506
2.19514	0.000280886
2.2265	0.000232944
2.25785	0.000191871
2.28921	0.000156797
2.32057	0.000126815
2.35193	0.000100995
2.38329	7.83901e-05
2.41465	5.80391e-05
2.44601	3.89438e-05
2.47737	2.00202e-05
2.50873	7.45261e-13
