0	0
0.0313591	1.23752e-17
0.0627182	-5.4532e-18
0.0940773	1.00373e-18
0.125436	-2.56651e-19
0.156795	7.13202e-19
0.188155	3.01883e-18
0.219514	-6.55265e-18
0.250873	-9.61213e-18
0.282232	8.22638e-18
0.313591	2.77827e-19
0.34495	-3.57122e-11
0.376309	-1.63658e-10
0.407668	-3.46165e-10
0.439027	-5.9238e-10
0.470386	-9.58781e-10
0.501746	-1.51391e-09
0.533105	-2.39125e-09
0.564464	-3.75622e-09
0.595823	-5.88779e-09
0.627182	-9.17611e-09
0.658541	-1.42116e-08
0.6899	-2.18644e-08
0.721259	-3.33884e-08
0.752618	-5.06187e-08
0.783977	-7.61668e-08
0.815336	-1.13753e-07
0.846696	-1.68623e-07
0.878055	-2.48087e-07
0.909414	-3.6228e-07
0.940773	-5.25096e-07
0.972132	-7.55419e-07
1.00349	-1.07871e-06
1.03485	-1.52893e-06
1.06621	-2.15105e-06
1.09757	-3.00397e-06
1.12893	-4.16421e-06
1.16029	-5.73017e-06
1.19165	-7.82726e-06
1.223	-1.06137e-05
1.25436	-1.42873e-05
1.28572	-1.90927e-05
1.31708	-2.53297e-05
1.34844	-3.33616e-05
1.3798	-4.36245e-05
1.41116	-5.66361e-05
1.44252	-7.30043e-05
1.47388	-9.34349e-05
1.50524	-0.000118738
1.5366	-0.000149833
1.56795	-0.000187748
1.59931	-0.000233623
1.63067	-0.000288698
1.66203	-0.00035431
1.69339	-0.000431872
1.72475	-0.000522856
1.75611	-0.00062877
1.78747	-0.000751125
1.81883	-0.000891403
1.85019	-0.00105102
1.88155	-0.0012313
1.9129	-0.0014334
1.94426	-0.00165835
1.97562	-0.00190693
2.00698	-0.00173937
2.03834	-0.000206768
2.0697	0.00104138
2.10106	0.00199195
2.13242	0.00264463
2.16378	0.00301075
2.19514	0.00311128
2.2265	0.00297418
2.25785	0.00263106
2.28921	0.00211321
2.32057	0.00144714
2.35193	0.000649361
2.38329	-0.000279615
2.41465	-0.00136243
2.44601	-0.00265379
2.47737	-0.004252
2.50873	-0.00631432
