0	0
0.0313591	-0.00188481
0.0627182	-0.00377272
0.0940773	-0.00566738
0.125436	-0.00757358
0.156795	-0.00949768
0.188155	-0.0114481
0.219514	-0.0134353
0.250873	-0.0154724
0.282232	-0.0175746
0.313591	-0.0197593
0.34495	-0.0220456
0.376309	-0.0244536
0.407668	-0.0270035
0.439027	-0.0297148
0.470386	-0.0326051
0.501746	-0.0356885
0.533105	-0.0389748
0.564464	-0.0424676
0.595823	-0.0461633
0.627182	-0.0500497
0.658541	-0.0541054
0.6899	-0.0582987
0.721259	-0.0625875
0.752618	-0.0669196
0.783977	-0.071233
0.815336	-0.0754569
0.846696	-0.0795138
0.878055	-0.083321
0.909414	-0.0867933
0.940773	-0.0898458
0.972132	-0.0923965
1.00349	-0.0943699
1.03485	-0.0956995
1.06621	-0.0963308
1.09757	-0.0962236
1.12893	-0.0953539
1.16029	-0.0937153
1.19165	-0.0913192
1.223	-0.0881956
1.25436	-0.0843912
1.28572	-0.0799688
1.31708	-0.0750049
1.34844	-0.069587
1.3798	-0.0638107
1.41116	-0.0577769
1.44252	-0.051588
1.47388	-0.0453451
1.50524	-0.0391452
1.5366	-0.0330781
1.56795	-0.027225
1.59931	-0.0216561
1.63067	-0.01643
1.66203	-0.0115932
1.69339	-0.00717924
1.72475	-0.00321012
1.75611	0.000303659
1.78747	0.00336176
1.81883	0.00597275
1.85019	0.00815269
1.88155	0.00992366
1.9129	0.0113123
1.94426	0.0123484
1.97562	0.0130638
2.00698	0.0135858
2.03834	0.0142054
2.0697	0.0146163
2.10106	0.0148243
2.13242	0.0148351
2.16378	0.0146545
2.19514	0.0142876
2.2265	0.0137384
2.25785	0.0130092
2.28921	0.0121004
2.32057	0.0110095
2.35193	0.00973083
2.38329	0.00825488
2.41465	0.00656729
2.44601	0.00464808
2.47737	0.00247054
2.50873	7.45287e-13
