0	0
0.0313591	-3.46945e-17
0.0627182	5.89806e-17
0.0940773	6.93889e-18
0.125436	-1.38778e-17
0.156795	4.85723e-17
0.188155	-2.08167e-17
0.219514	8.32667e-17
0.250873	-9.71445e-17
0.282232	9.71445e-17
0.313591	-5.55112e-17
0.34495	5.55112e-17
0.376309	-2.77556e-17
0.407668	2.77556e-17
0.439027	0
0.470386	4.16334e-17
0.501746	-1.38778e-17
0.533105	4.16334e-17
0.564464	-1.38778e-17
0.595823	4.16334e-17
0.627182	-2.77556e-17
0.658541	2.77556e-17
0.6899	-1.38778e-17
0.721259	2.77556e-17
0.752618	1.38778e-17
0.783977	2.77556e-17
0.815336	-2.77556e-17
0.846696	3.46945e-17
0.878055	1.38778e-17
0.909414	-6.93889e-18
0.940773	3.46945e-17
0.972132	-3.46945e-17
1.00349	6.93889e-18
1.03485	-1.04083e-17
1.06621	3.46945e-18
1.09757	1.04083e-17
1.12893	-3.46945e-18
1.16029	6.93889e-18
1.19165	3.46945e-18
1.223	-1.73472e-18
1.25436	-1.21431e-17
1.28572	9.54098e-18
1.31708	-1.04083e-17
1.34844	4.33681e-18
1.3798	-3.46945e-18
1.41116	5.20417e-18
1.44252	-4.77049e-18
1.47388	3.90313e-18
1.50524	3.25261e-18
1.5366	-3.57122e-11
1.56795	-1.63658e-10
1.59931	-3.46165e-10
1.63067	-5.9238e-10
1.66203	-9.58781e-10
1.69339	-1.51391e-09
1.72475	-2.39125e-09
1.75611	-3.75622e-09
1.78747	-5.88779e-09
1.81883	-9.17611e-09
1.85019	-1.42116e-08
1.88155	-2.18644e-08
1.9129	-3.33884e-08
1.94426	-5.06187e-08
1.97562	-7.61668e-08
2.00698	-4.71603e-08
2.03834	9.41676e-08
2.0697	1.23342e-07
2.10106	1.02848e-07
2.13242	6.69108e-08
2.16378	3.23462e-08
2.19514	5.83512e-09
2.2265	-1.13314e-08
2.25785	-2.04384e-08
2.28921	-2.35829e-08
2.32057	-2.29353e-08
2.35193	-2.01992e-08
2.38329	-1.66955e-08
2.41465	-1.32842e-08
2.44601	-1.036e-08
2.47737	-8.33559e-09
2.50873	-7.81423e-09
