0	0
0.0313591	1.04083e-17
0.0627182	3.46945e-18
0.0940773	-1.73472e-17
0.125436	-6.93889e-18
0.156795	6.93889e-18
0.188155	0
0.219514	-2.77556e-17
0.250873	6.245e-17
0.282232	-2.08167e-17
0.313591	2.08167e-17
0.34495	-1.38778e-17
0.376309	2.77556e-17
0.407668	-1.38778e-17
0.439027	2.77556e-17
0.470386	2.08167e-17
0.501746	4.16334e-17
0.533105	-2.77556e-17
0.564464	3.46945e-17
0.595823	1.38778e-17
0.627182	0
0.658541	1.38778e-17
0.6899	-2.08167e-17
0.721259	3.46945e-18
0.752618	-1.04083e-17
0.783977	-6.93889e-18
0.815336	-3.46945e-18
0.846696	-1.04083e-17
0.878055	1.73472e-18
0.909414	-6.93889e-18
0.940773	0
0.972132	-1.38778e-17
1.00349	2.60209e-18
1.03485	-1.38778e-17
1.06621	6.93889e-18
1.09757	-6.93889e-18
1.12893	3.90313e-18
1.16029	-2.60209e-18
1.19165	2.1684e-18
1.223	2.81893e-18
1.25436	-1.95156e-18
1.28572	1.30104e-18
1.31708	1.19262e-18
1.34844	-6.50521e-19
1.3798	4.87891e-19
1.41116	1.13841e-18
1.44252	-5.42101e-20
1.47388	5.42101e-20
1.50524	5.01444e-19
1.5366	0
1.56795	-6.77626e-21
1.59931	2.23617e-19
1.63067	-1.35525e-20
1.66203	1.35525e-20
1.69339	8.63974e-20
1.72475	0
1.75611	-8.47033e-22
1.78747	1.43996e-20
1.81883	-3.57122e-11
1.85019	-1.63658e-10
1.88155	-3.46165e-10
1.9129	-5.9238e-10
1.94426	-9.58781e-10
1.97562	-1.51391e-09
2.00698	-8.29577e-10
2.03834	2.08986e-09
2.0697	2.32697e-09
2.10106	1.63406e-09
2.13242	8.03501e-10
2.16378	1.38867e-10
2.19514	-3.10898e-10
2.2265	-4.83496e-10
2.25785	-4.69592e-10
2.28921	-3.87363e-10
2.32057	-2.92855e-10
2.35193	-2.09501e-10
2.38329	-1.44869e-10
2.41465	-9.92343e-11
2.44601	-7.00017e-11
2.47737	-5.58703e-11
2.50873	-5.82833e-11
