0	0
0.0313591	-0.000775901
0.0627182	-0.00153696
0.0940773	-0.00226807
0.125436	-0.00295365
0.156795	-0.00357737
0.188155	-0.00412193
0.219514	-0.00456884
0.250873	-0.00489829
0.282232	-0.00508893
0.313591	-0.00511789
0.34495	-0.00496074
0.376309	-0.00459163
0.407668	-0.00398358
0.439027	-0.0031088
0.470386	-0.00193935
0.501746	-0.000447846
0.533105	0.00139162
0.564464	0.00360239
0.595823	0.00620401
0.627182	0.00921089
0.658541	0.0126309
0.6899	0.0164642
0.721259	0.0207015
0.752618	0.0253234
0.783977	0.0302993
0.815336	0.035587
0.846696	0.0411325
0.878055	0.0468702
0.909414	0.0527242
0.940773	0.058609
0.972132	0.0644322
1.00349	0.0700961
1.03485	0.075501
1.06621	0.0805478
1.09757	0.0851413
1.12893	0.0891936
1.16029	0.0926266
1.19165	0.0953754
1.223	0.0973901
1.25436	0.0986375
1.28572	0.0991028
1.31708	0.0987893
1.34844	0.0977186
1.3798	0.0959293
1.41116	0.0934754
1.44252	0.0904243
1.47388	0.0868537
1.50524	0.0828492
1.5366	0.078501
1.56795	0.0739007
1.59931	0.0691385
1.63067	0.0643006
1.66203	0.0594665
1.69339	0.0547077
1.72475	0.0500859
1.75611	0.0456524
1.78747	0.0414472
1.81883	0.0374997
1.85019	0.0338285
1.88155	0.0304426
1.9129	0.0273424
1.94426	0.0245207
1.97562	0.021964
2.00698	0.0197923
2.03834	0.0182712
2.0697	0.0168719
2.10106	0.0155846
2.13242	0.0143958
2.16378	0.0132893
2.19514	0.0122462
2.2265	0.0112451
2.25785	0.0102632
2.28921	0.00927612
2.32057	0.0082586
2.35193	0.00718455
2.38329	0.00602733
2.41465	0.00475964
2.44601	0.0033532
2.47737	0.00177784
2.50873	7.45287e-13
