0	0
0.0313591	-3.98986e-17
0.0627182	3.46945e-18
0.0940773	-3.81639e-17
0.125436	3.46945e-17
0.156795	-6.245e-17
0.188155	6.93889e-17
0.219514	-2.77556e-17
0.250873	2.77556e-17
0.282232	-2.77556e-17
0.313591	5.55112e-17
0.34495	-2.77556e-17
0.376309	1.38778e-17
0.407668	-2.77556e-17
0.439027	4.16334e-17
0.470386	-4.16334e-17
0.501746	4.16334e-17
0.533105	1.38778e-17
0.564464	1.38778e-17
0.595823	-2.77556e-17
0.627182	1.38778e-17
0.658541	1.38778e-17
0.6899	-2.08167e-17
0.721259	2.08167e-17
0.752618	-3.46945e-17
0.783977	1.38778e-17
0.815336	-3.46945e-18
0.846696	-2.08167e-17
0.878055	2.08167e-17
0.909414	-1.04083e-17
0.940773	-6.93889e-18
0.972132	-1.21431e-17
1.00349	-1.73472e-18
1.03485	-1.21431e-17
1.06621	1.12757e-17
1.09757	-8.67362e-18
1.12893	3.46945e-18
1.16029	-2.60209e-18
1.19165	5.63785e-18
1.223	-4.77049e-18
1.25436	4.33681e-19
1.28572	2.81893e-18
1.31708	4.33681e-19
1.34844	1.40946e-18
1.3798	1.19262e-18
1.41116	3.25261e-19
1.44252	5.42101e-19
1.47388	1.0842e-18
1.50524	3.52366e-19
1.5366	8.13152e-20
1.56795	5.01444e-19
1.59931	2.43945e-19
1.63067	-1.35525e-20
1.66203	2.23617e-19
1.69339	9.14796e-20
1.72475	1.35525e-20
1.75611	-3.57122e-11
1.78747	-1.63658e-10
1.81883	-3.46165e-10
1.85019	-5.9238e-10
1.88155	-9.58781e-10
1.9129	-1.51391e-09
1.94426	-2.39125e-09
1.97562	-3.75622e-09
2.00698	-2.08449e-09
2.03834	5.22272e-09
2.0697	6.02056e-09
2.10106	4.41611e-09
2.13242	2.38731e-09
2.16378	7.09832e-10
2.19514	-3.88907e-10
2.2265	-1.00822e-09
2.25785	-1.2462e-09
2.28921	-1.16811e-09
2.32057	-9.477e-10
2.35193	-7.10658e-10
2.38329	-5.07709e-10
2.41465	-3.53389e-10
2.44601	-2.48284e-10
2.47737	-1.9048e-10
2.50873	-1.84007e-10
