0	0
0.0313591	-2.7262e-06
0.0627182	-5.67622e-06
0.0940773	-9.08479e-06
0.125436	-1.32086e-05
0.156795	-1.83373e-05
0.188155	-2.48046e-05
0.219514	-3.29993e-05
0.250873	-4.33764e-05
0.282232	-5.64675e-05
0.313591	-7.28906e-05
0.34495	-9.33587e-05
0.376309	-0.000118687
0.407668	-0.000149799
0.439027	-0.000187726
0.470386	-0.000233609
0.501746	-0.000288689
0.533105	-0.000354304
0.564464	-0.000431868
0.595823	-0.000522854
0.627182	-0.000628768
0.658541	-0.000751124
0.6899	-0.000891402
0.721259	-0.00105102
0.752618	-0.0012313
0.783977	-0.0014334
0.815336	-0.00165835
0.846696	-0.00190693
0.878055	-0.00217975
0.909414	-0.00247716
0.940773	-0.00279931
0.972132	-0.00314618
1.00349	-0.0035176
1.03485	-0.00391335
1.06621	-0.00433324
1.09757	-0.0047773
1.12893	-0.00524584
1.16029	-0.00573974
1.19165	-0.00626056
1.223	-0.00681087
1.25436	-0.0073944
1.28572	-0.00801634
1.31708	-0.00868355
1.34844	-0.0094048
1.3798	-0.0101909
1.41116	-0.0110549
1.44252	-0.0120121
1.47388	-0.0130799
1.50524	-0.0142778
1.5366	-0.0156269
1.56795	-0.0171499
1.59931	-0.0188697
1.63067	-0.0208094
1.66203	-0.022991
1.69339	-0.0254342
1.72475	-0.0281553
1.75611	-0.0311662
1.78747	-0.0344725
1.81883	-0.0380726
1.85019	-0.0419565
1.88155	-0.0461044
1.9129	-0.0504864
1.94426	-0.0550616
1.97562	-0.0597784
2.00698	-0.0649742
2.03834	-0.0717669
2.0697	-0.0787907
2.10106	-0.0859192
2.13242	-0.0929897
2.16378	-0.0997999
2.19514	-0.106107
2.2265	-0.111627
2.25785	-0.11604
2.28921	-0.118995
2.32057	-0.120122
2.35193	-0.119045
2.38329	-0.115406
2.41465	-0.108884
2.44601	-0.0992328
2.47737	-0.0863105
2.50873	-0.070117
