0	0
0.0313591	-0.000619564
0.0627182	-0.00123925
0.0940773	-0.00185925
0.125436	-0.00247994
0.156795	-0.00310195
0.188155	-0.00372628
0.219514	-0.00435444
0.250873	-0.00498861
0.282232	-0.00563179
0.313591	-0.00628801
0.34495	-0.00696253
0.376309	-0.00766203
0.407668	-0.00839485
0.439027	-0.00917117
0.470386	-0.0100032
0.501746	-0.0109051
0.533105	-0.0118934
0.564464	-0.0129864
0.595823	-0.0142048
0.627182	-0.0155703
0.658541	-0.0171063
0.6899	-0.0188364
0.721259	-0.0207841
0.752618	-0.0229719
0.783977	-0.0254199
0.815336	-0.0281447
0.846696	-0.0311583
0.878055	-0.0344667
0.909414	-0.0380684
0.940773	-0.0419535
0.972132	-0.0461023
1.00349	-0.0504849
1.03485	-0.0550606
1.06621	-0.0597777
1.09757	-0.0645741
1.12893	-0.0693782
1.16029	-0.07411
1.19165	-0.0786833
1.223	-0.0830077
1.25436	-0.0869915
1.28572	-0.0905446
1.31708	-0.0935814
1.34844	-0.0960239
1.3798	-0.0978049
1.41116	-0.0988704
1.44252	-0.0991816
1.47388	-0.0987171
1.50524	-0.0974735
1.5366	-0.0954656
1.56795	-0.0927263
1.59931	-0.0893057
1.63067	-0.0852684
1.66203	-0.0806925
1.69339	-0.0756656
1.72475	-0.0702826
1.75611	-0.0646423
1.78747	-0.0588442
1.81883	-0.0529853
1.85019	-0.0471576
1.88155	-0.0414459
1.9129	-0.0359254
1.94426	-0.0306607
1.97562	-0.0257048
2.00698	-0.0212472
2.03834	-0.0175477
2.0697	-0.0140426
2.10106	-0.0107764
2.13242	-0.00778871
2.16378	-0.00511381
2.19514	-0.00278046
2.2265	-0.000811496
2.25785	0.000776138
2.28921	0.00197132
2.32057	0.00276865
2.35193	0.0031684
2.38329	0.0031768
2.41465	0.00280682
2.44601	0.00207996
2.47737	0.00102951
2.50873	-0.00029365
