0	0
0.0313591	1.04083e-17
0.0627182	-4.16334e-17
0.0940773	4.85723e-17
0.125436	-1.04083e-16
0.156795	1.04083e-16
0.188155	-5.55112e-17
0.219514	1.38778e-17
0.250873	-1.38778e-17
0.282232	8.32667e-17
0.313591	-2.77556e-17
0.34495	4.16334e-17
0.376309	-2.77556e-17
0.407668	5.55112e-17
0.439027	-2.77556e-17
0.470386	4.16334e-17
0.501746	-1.38778e-17
0.533105	4.16334e-17
0.564464	1.38778e-17
0.595823	2.77556e-17
0.627182	-2.77556e-17
0.658541	1.38778e-17
0.6899	2.77556e-17
0.721259	-2.77556e-17
0.752618	2.77556e-17
0.783977	-2.77556e-17
0.815336	0
0.846696	0
0.878055	-1.04083e-17
0.909414	3.46945e-18
0.940773	-1.38778e-17
0.972132	-6.93889e-18
1.00349	-3.46945e-18
1.03485	-6.93889e-18
1.06621	-3.46945e-18
1.09757	2.60209e-18
1.12893	-1.38778e-17
1.16029	6.93889e-18
1.19165	-6.93889e-18
1.223	3.90313e-18
1.25436	-7.37257e-18
1.28572	2.1684e-18
1.31708	2.60209e-18
1.34844	-1.73472e-18
1.3798	1.30104e-18
1.41116	1.19262e-18
1.44252	-6.50521e-19
1.47388	5.42101e-19
1.50524	1.13841e-18
1.5366	-2.71051e-20
1.56795	8.13152e-20
1.59931	5.01444e-19
1.63067	1.35525e-20
1.66203	-1.35525e-20
1.69339	2.23617e-19
1.72475	-3.57122e-11
1.75611	-1.63658e-10
1.78747	-3.46165e-10
1.81883	-5.9238e-10
1.85019	-9.58781e-10
1.88155	-1.51391e-09
1.9129	-2.39125e-09
1.94426	-3.75622e-09
1.97562	-5.88779e-09
2.00698	-3.31367e-09
2.03834	8.11066e-09
2.0697	9.50804e-09
2.10106	7.11719e-09
2.13242	3.96179e-09
2.16378	1.32527e-09
2.19514	-4.6253e-10
2.2265	-1.43531e-09
2.25785	-1.85682e-09
2.28921	-1.86831e-09
2.32057	-1.5955e-09
2.35193	-1.23326e-09
2.38329	-8.98679e-10
2.41465	-6.33896e-10
2.44601	-4.48085e-10
2.47737	-3.41325e-10
2.50873	-3.22237e-10
