0	0
0.0313591	4.33681e-17
0.0627182	-5.55112e-17
0.0940773	8.32667e-17
0.125436	-8.32667e-17
0.156795	6.245e-17
0.188155	-5.55112e-17
0.219514	5.55112e-17
0.250873	0
0.282232	1.38778e-17
0.313591	-1.38778e-17
0.34495	8.32667e-17
0.376309	-4.16334e-17
0.407668	6.93889e-17
0.439027	-2.77556e-17
0.470386	2.77556e-17
0.501746	-1.38778e-17
0.533105	4.16334e-17
0.564464	-1.38778e-17
0.595823	2.77556e-17
0.627182	2.77556e-17
0.658541	1.38778e-17
0.6899	0
0.721259	2.08167e-17
0.752618	2.77556e-17
0.783977	0
0.815336	2.77556e-17
0.846696	-2.77556e-17
0.878055	1.38778e-17
0.909414	-6.93889e-18
0.940773	-1.38778e-17
0.972132	3.46945e-18
1.00349	-1.38778e-17
1.03485	-1.04083e-17
1.06621	5.20417e-18
1.09757	-1.73472e-18
1.12893	-1.21431e-17
1.16029	1.04083e-17
1.19165	-1.04083e-17
1.223	4.33681e-18
1.25436	-1.04083e-17
1.28572	5.20417e-18
1.31708	-4.77049e-18
1.34844	4.33681e-19
1.3798	3.03577e-18
1.41116	0
1.44252	1.30104e-18
1.47388	1.19262e-18
1.50524	3.25261e-19
1.5366	4.87891e-19
1.56795	1.13841e-18
1.59931	3.79471e-19
1.63067	5.42101e-20
1.66203	-3.57122e-11
1.69339	-1.63658e-10
1.72475	-3.46165e-10
1.75611	-5.9238e-10
1.78747	-9.58781e-10
1.81883	-1.51391e-09
1.85019	-2.39125e-09
1.88155	-3.75622e-09
1.9129	-5.88779e-09
1.94426	-9.17611e-09
1.97562	-1.42116e-08
2.00698	-8.26377e-09
2.03834	1.90066e-08
2.0697	2.3098e-08
2.10106	1.79331e-08
2.13242	1.05675e-08
2.16378	4.11449e-09
2.19514	-4.15882e-10
2.2265	-3.05642e-09
2.25785	-4.20805e-09
2.28921	-4.38666e-09
2.32057	-4.04283e-09
2.35193	-3.37173e-09
2.38329	-2.59128e-09
2.41465	-1.89482e-09
2.44601	-1.36881e-09
2.47737	-1.04522e-09
2.50873	-9.63298e-10
