0	0
0.0313591	3.25261e-19
0.0627182	-2.71051e-19
0.0940773	5.96311e-19
0.125436	-2.81893e-18
0.156795	5.52943e-18
0.188155	1.0842e-19
0.219514	-9.97466e-18
0.250873	6.72205e-18
0.282232	-9.97466e-18
0.313591	7.80626e-18
0.34495	0
0.376309	-2.08167e-17
0.407668	1.9082e-17
0.439027	-1.82146e-17
0.470386	4.33681e-18
0.501746	-1.73472e-17
0.533105	1.04083e-17
0.564464	-8.67362e-18
0.595823	-1.38778e-17
0.627182	1.73472e-17
0.658541	-3.46945e-17
0.6899	3.81639e-17
0.721259	-5.55112e-17
0.752618	-3.57121e-11
0.783977	-1.63658e-10
0.815336	-3.46165e-10
0.846696	-5.9238e-10
0.878055	-9.58781e-10
0.909414	-1.51391e-09
0.940773	-2.39125e-09
0.972132	-3.75622e-09
1.00349	-5.88779e-09
1.03485	-9.17611e-09
1.06621	-1.42116e-08
1.09757	-2.18644e-08
1.12893	-3.33884e-08
1.16029	-5.06187e-08
1.19165	-7.61668e-08
1.223	-1.13753e-07
1.25436	-1.68623e-07
1.28572	-2.48087e-07
1.31708	-3.6228e-07
1.34844	-5.25096e-07
1.3798	-7.55419e-07
1.41116	-1.07871e-06
1.44252	-1.52893e-06
1.47388	-2.15105e-06
1.50524	-3.00397e-06
1.5366	-4.16421e-06
1.56795	-5.73017e-06
1.59931	-7.82726e-06
1.63067	-1.06137e-05
1.66203	-1.42873e-05
1.69339	-1.90927e-05
1.72475	-2.53297e-05
1.75611	-3.33616e-05
1.78747	-4.36245e-05
1.81883	-5.66361e-05
1.85019	-7.30043e-05
1.88155	-9.34349e-05
1.9129	-0.000118738
1.94426	-0.000149833
1.97562	-0.000187748
2.00698	-0.000155172
2.03834	7.79412e-05
2.0697	0.000215345
2.10106	0.000279512
2.13242	0.000290575
2.16378	0.00026587
2.19514	0.000219713
2.2265	0.000163362
2.25785	0.000105133
2.28921	5.06334e-05
2.32057	3.04988e-06
2.35193	-3.65582e-05
2.38329	-6.90332e-05
2.41465	-9.70447e-05
2.44601	-0.000125288
2.47737	-0.000161138
2.50873	-0.000216063
