0	0
0.0313591	-3.46945e-18
0.0627182	-2.60209e-18
0.0940773	2.08167e-17
0.125436	-1.38778e-17
0.156795	8.67362e-18
0.188155	1.38778e-17
0.219514	-6.93889e-18
0.250873	4.51028e-17
0.282232	-5.20417e-17
0.313591	6.93889e-17
0.34495	-2.08167e-17
0.376309	1.38778e-17
0.407668	3.46945e-17
0.439027	4.16334e-17
0.470386	-4.85723e-17
0.501746	6.93889e-17
0.533105	-2.77556e-17
0.564464	6.93889e-17
0.595823	-5.55112e-17
0.627182	9.71445e-17
0.658541	-4.16334e-17
0.6899	6.93889e-17
0.721259	0
0.752618	2.77556e-17
0.783977	0
0.815336	5.55112e-17
0.846696	-2.77556e-17
0.878055	5.55112e-17
0.909414	-2.77556e-17
0.940773	1.38778e-17
0.972132	-1.38778e-17
1.00349	1.38778e-17
1.03485	-4.16334e-17
1.06621	2.77556e-17
1.09757	0
1.12893	1.38778e-17
1.16029	-1.38778e-17
1.19165	-3.57122e-11
1.223	-1.63658e-10
1.25436	-3.46165e-10
1.28572	-5.9238e-10
1.31708	-9.58781e-10
1.34844	-1.51391e-09
1.3798	-2.39125e-09
1.41116	-3.75622e-09
1.44252	-5.88779e-09
1.47388	-9.17611e-09
1.50524	-1.42116e-08
1.5366	-2.18644e-08
1.56795	-3.33884e-08
1.59931	-5.06187e-08
1.63067	-7.61668e-08
1.66203	-1.13753e-07
1.69339	-1.68623e-07
1.72475	-2.48087e-07
1.75611	-3.6228e-07
1.78747	-5.25096e-07
1.81883	-7.55419e-07
1.85019	-1.07871e-06
1.88155	-1.52893e-06
1.9129	-2.15105e-06
1.94426	-3.00397e-06
1.97562	-4.16421e-06
2.00698	-2.98634e-06
2.03834	3.79463e-06
2.0697	6.28825e-06
2.10106	6.33286e-06
2.13242	5.1637e-06
2.16378	3.56401e-06
2.19514	1.99073e-06
2.2265	6.75671e-07
2.25785	-2.96243e-07
2.28921	-9.28646e-07
2.32057	-1.27237e-06
2.35193	-1.39813e-06
2.38329	-1.38007e-06
2.41465	-1.2885e-06
2.44601	-1.19027e-06
2.47737	-1.15781e-06
2.50873	-1.28925e-06
