0	0
0.0313591	-0.000228269
0.0627182	-0.000459531
0.0940773	-0.000696712
0.125436	-0.000942599
0.156795	-0.00119978
0.188155	-0.0014706
0.219514	-0.0017571
0.250873	-0.00206101
0.282232	-0.00238372
0.313591	-0.00272631
0.34495	-0.00308954
0.376309	-0.00347397
0.407668	-0.00387998
0.439027	-0.00430792
0.470386	-0.00475821
0.501746	-0.00523156
0.533105	-0.00572912
0.564464	-0.00625274
0.595823	-0.00680514
0.627182	-0.00739024
0.658541	-0.00801333
0.6899	-0.0086814
0.721259	-0.00940327
0.752618	-0.0101898
0.783977	-0.0110542
0.815336	-0.0120116
0.846696	-0.0130795
0.878055	-0.0142775
0.909414	-0.0156268
0.940773	-0.0171498
0.972132	-0.0188696
1.00349	-0.0208094
1.03485	-0.022991
1.06621	-0.0254341
1.09757	-0.0281553
1.12893	-0.0311662
1.16029	-0.0344725
1.19165	-0.0380726
1.223	-0.0419565
1.25436	-0.0461044
1.28572	-0.0504864
1.31708	-0.0550616
1.34844	-0.0597784
1.3798	-0.0645746
1.41116	-0.0693786
1.44252	-0.0741103
1.47388	-0.0786835
1.50524	-0.0830078
1.5366	-0.0869916
1.56795	-0.0905447
1.59931	-0.0935814
1.63067	-0.0960239
1.66203	-0.097805
1.69339	-0.0988704
1.72475	-0.0991816
1.75611	-0.0987172
1.78747	-0.0974735
1.81883	-0.0954656
1.85019	-0.0927263
1.88155	-0.0893057
1.9129	-0.0852684
1.94426	-0.0806925
1.97562	-0.0756656
2.00698	-0.0707766
2.03834	-0.0672161
2.0697	-0.0632376
2.10106	-0.0589064
2.13242	-0.0542973
2.16378	-0.0494928
2.19514	-0.0445804
2.2265	-0.0396491
2.25785	-0.0347855
2.28921	-0.0300688
2.32057	-0.0255657
2.35193	-0.0213237
2.38329	-0.0173639
2.41465	-0.0136716
2.44601	-0.0101853
2.47737	-0.00678232
2.50873	-0.00326082
