0	0
0.0313591	6.84403e-18
0.0627182	-8.48727e-18
0.0940773	4.91957e-18
0.125436	-1.53957e-17
0.156795	1.60868e-17
0.188155	-6.23416e-18
0.219514	6.50521e-18
0.250873	-3.57787e-18
0.282232	6.53232e-18
0.313591	-3.46945e-18
0.34495	1.51788e-18
0.376309	-5.96311e-18
0.407668	-4.11997e-18
0.439027	4.98733e-18
0.470386	-7.80626e-18
0.501746	-3.57122e-11
0.533105	-1.63658e-10
0.564464	-3.46165e-10
0.595823	-5.9238e-10
0.627182	-9.58781e-10
0.658541	-1.51391e-09
0.6899	-2.39125e-09
0.721259	-3.75622e-09
0.752618	-5.88779e-09
0.783977	-9.17611e-09
0.815336	-1.42116e-08
0.846696	-2.18644e-08
0.878055	-3.33884e-08
0.909414	-5.06187e-08
0.940773	-7.61668e-08
0.972132	-1.13753e-07
1.00349	-1.68623e-07
1.03485	-2.48087e-07
1.06621	-3.6228e-07
1.09757	-5.25096e-07
1.12893	-7.55419e-07
1.16029	-1.07871e-06
1.19165	-1.52893e-06
1.223	-2.15105e-06
1.25436	-3.00397e-06
1.28572	-4.16421e-06
1.31708	-5.73017e-06
1.34844	-7.82726e-06
1.3798	-1.06137e-05
1.41116	-1.42873e-05
1.44252	-1.90927e-05
1.47388	-2.53297e-05
1.50524	-3.33616e-05
1.5366	-4.36245e-05
1.56795	-5.66361e-05
1.59931	-7.30043e-05
1.63067	-9.34349e-05
1.66203	-0.000118738
1.69339	-0.000149833
1.72475	-0.000187748
1.75611	-0.000233623
1.78747	-0.000288698
1.81883	-0.00035431
1.85019	-0.000431872
1.88155	-0.000522856
1.9129	-0.00062877
1.94426	-0.000751125
1.97562	-0.000891403
2.00698	-0.000785138
2.03834	8.77599e-05
2.0697	0.000721252
2.10106	0.00113652
2.13242	0.00136052
2.16378	0.00142391
2.19514	0.00135894
2.2265	0.00119734
2.25785	0.000968425
2.28921	0.000697236
2.32057	0.000402894
2.35193	9.69383e-05
2.38329	-0.000218464
2.41465	-0.000552769
2.44601	-0.000930253
2.47737	-0.00139488
2.50873	-0.00201795
