0	0
0.0313591	-8.479e-06
0.0627182	-1.75024e-05
0.0940773	-2.76314e-05
0.125436	-3.94603e-05
0.156795	-5.36322e-05
0.188155	-7.08533e-05
0.219514	-9.19059e-05
0.250873	-0.000117659
0.282232	-0.000149077
0.313591	-0.000187223
0.34495	-0.000233261
0.376309	-0.00028845
0.407668	-0.000354141
0.439027	-0.000431758
0.470386	-0.00052278
0.501746	-0.000628719
0.533105	-0.000751091
0.564464	-0.000891381
0.595823	-0.00105101
0.627182	-0.00123129
0.658541	-0.0014334
0.6899	-0.00165834
0.721259	-0.00190693
0.752618	-0.00217975
0.783977	-0.00247716
0.815336	-0.00279931
0.846696	-0.00314618
0.878055	-0.0035176
0.909414	-0.00391335
0.940773	-0.00433324
0.972132	-0.0047773
1.00349	-0.00524584
1.03485	-0.00573974
1.06621	-0.00626056
1.09757	-0.00681087
1.12893	-0.0073944
1.16029	-0.00801634
1.19165	-0.00868355
1.223	-0.0094048
1.25436	-0.0101909
1.28572	-0.0110549
1.31708	-0.0120121
1.34844	-0.0130799
1.3798	-0.0142778
1.41116	-0.0156269
1.44252	-0.0171499
1.47388	-0.0188697
1.50524	-0.0208094
1.5366	-0.022991
1.56795	-0.0254342
1.59931	-0.0281553
1.63067	-0.0311662
1.66203	-0.0344725
1.69339	-0.0380726
1.72475	-0.0419565
1.75611	-0.0461044
1.78747	-0.0504864
1.81883	-0.0550616
1.85019	-0.0597784
1.88155	-0.0645746
1.9129	-0.0693786
1.94426	-0.0741103
1.97562	-0.0786835
2.00698	-0.0835685
2.03834	-0.090293
2.0697	-0.0969126
2.10106	-0.103267
2.13242	-0.10917
2.16378	-0.114405
2.19514	-0.118728
2.2265	-0.121874
2.25785	-0.12355
2.28921	-0.123451
2.32057	-0.121264
2.35193	-0.116675
2.38329	-0.109386
2.41465	-0.0991328
2.44601	-0.0856989
2.47737	-0.0689436
2.50873	-0.0488267
