0	0
0.0313591	1.17094e-17
0.0627182	-2.25514e-17
0.0940773	1.56125e-17
0.125436	-2.08167e-17
0.156795	2.08167e-17
0.188155	-6.93889e-18
0.219514	-1.56125e-17
0.250873	2.42861e-17
0.282232	-1.73472e-17
0.313591	4.51028e-17
0.34495	-5.55112e-17
0.376309	6.245e-17
0.407668	-2.08167e-17
0.439027	6.93889e-18
0.470386	2.77556e-17
0.501746	4.16334e-17
0.533105	-4.16334e-17
0.564464	8.32667e-17
0.595823	-1.38778e-17
0.627182	8.32667e-17
0.658541	-5.55112e-17
0.6899	8.32667e-17
0.721259	-4.16334e-17
0.752618	4.16334e-17
0.783977	0
0.815336	2.77556e-17
0.846696	0
0.878055	5.55112e-17
0.909414	-4.16334e-17
0.940773	4.16334e-17
0.972132	-2.77556e-17
1.00349	2.77556e-17
1.03485	-2.77556e-17
1.06621	4.16334e-17
1.09757	-2.77556e-17
1.12893	-3.57122e-11
1.16029	-1.63658e-10
1.19165	-3.46165e-10
1.223	-5.9238e-10
1.25436	-9.58781e-10
1.28572	-1.51391e-09
1.31708	-2.39125e-09
1.34844	-3.75622e-09
1.3798	-5.88779e-09
1.41116	-9.17611e-09
1.44252	-1.42116e-08
1.47388	-2.18644e-08
1.50524	-3.33884e-08
1.5366	-5.06187e-08
1.56795	-7.61668e-08
1.59931	-1.13753e-07
1.63067	-1.68623e-07
1.66203	-2.48087e-07
1.69339	-3.6228e-07
1.72475	-5.25096e-07
1.75611	-7.55419e-07
1.78747	-1.07871e-06
1.81883	-1.52893e-06
1.85019	-2.15105e-06
1.88155	-3.00397e-06
1.9129	-4.16421e-06
1.94426	-5.73017e-06
1.97562	-7.82726e-06
2.00698	-5.74407e-06
2.03834	6.61969e-06
2.0697	1.15429e-05
2.10106	1.20289e-05
2.13242	1.01725e-05
2.16378	7.36005e-06
2.19514	4.44544e-06
2.2265	1.89802e-06
2.25785	-7.65063e-08
2.28921	-1.44196e-06
2.32057	-2.26138e-06
2.35193	-2.64778e-06
2.38329	-2.73312e-06
2.41465	-2.65292e-06
2.44601	-2.54595e-06
2.47737	-2.57037e-06
2.50873	-2.94501e-06
