0	0
0.0313591	-0.000752997
0.0627182	-0.00149584
0.0940773	-0.00221815
0.125436	-0.00290915
0.156795	-0.00355741
0.188155	-0.00415066
0.219514	-0.00467554
0.250873	-0.00511742
0.282232	-0.00546018
0.313591	-0.00568604
0.34495	-0.00577544
0.376309	-0.00570698
0.407668	-0.00545744
0.439027	-0.00500191
0.470386	-0.00431409
0.501746	-0.00336666
0.533105	-0.00213194
0.564464	-0.000582585
0.595823	0.0013074
0.627182	0.00356159
0.658541	0.00619986
0.6899	0.00923706
0.721259	0.0126816
0.752618	0.0165339
0.783977	0.0207855
0.815336	0.0254174
0.846696	0.0303995
0.878055	0.0356902
0.909414	0.0412358
0.940773	0.0469712
0.972132	0.0528207
1.00349	0.0586995
1.03485	0.0645152
1.06621	0.0701705
1.09757	0.0755659
1.12893	0.0806024
1.16029	0.085185
1.19165	0.089226
1.223	0.0926475
1.25436	0.0953845
1.28572	0.0973872
1.31708	0.0986225
1.34844	0.0990757
1.3798	0.09875
1.41116	0.097667
1.44252	0.0958654
1.47388	0.093399
1.50524	0.0903352
1.5366	0.0867516
1.56795	0.0827337
1.59931	0.0783715
1.63067	0.0737563
1.66203	0.0689781
1.69339	0.0641226
1.72475	0.0592692
1.75611	0.0544887
1.78747	0.0498424
1.81883	0.0453809
1.85019	0.0411436
1.88155	0.0371592
1.9129	0.0334455
1.94426	0.0300108
1.97562	0.0268547
2.00698	0.0241376
2.03834	0.0221926
2.0697	0.0203819
2.10106	0.0187018
2.13242	0.017144
2.16378	0.0156954
2.19514	0.0143388
2.2265	0.0130534
2.25785	0.011815
2.28921	0.0105967
2.32057	0.00936952
2.35193	0.00810287
2.38329	0.00676466
2.41465	0.00532162
2.44601	0.00373889
2.47737	0.00197904
2.50873	7.45287e-13
