0	0
0.0313591	5.20417e-18
0.0627182	1.38778e-17
0.0940773	-2.08167e-17
0.125436	4.16334e-17
0.156795	4.85723e-17
0.188155	-6.245e-17
0.219514	7.63278e-17
0.250873	-2.77556e-17
0.282232	6.93889e-17
0.313591	-6.93889e-17
0.34495	8.32667e-17
0.376309	-5.55112e-17
0.407668	5.55112e-17
0.439027	0
0.470386	1.38778e-17
0.501746	0
0.533105	6.93889e-17
0.564464	-4.16334e-17
0.595823	5.55112e-17
0.627182	-2.77556e-17
0.658541	2.77556e-17
0.6899	-1.38778e-17
0.721259	1.38778e-17
0.752618	-2.77556e-17
0.783977	2.77556e-17
0.815336	0
0.846696	2.77556e-17
0.878055	0
0.909414	2.08167e-17
0.940773	2.77556e-17
0.972132	-2.08167e-17
1.00349	2.08167e-17
1.03485	-4.16334e-17
1.06621	2.08167e-17
1.09757	-1.04083e-17
1.12893	-1.38778e-17
1.16029	1.38778e-17
1.19165	-6.93889e-18
1.223	-1.38778e-17
1.25436	-1.21431e-17
1.28572	-3.46945e-18
1.31708	-1.04083e-17
1.34844	1.73472e-18
1.3798	-9.54098e-18
1.41116	4.33681e-18
1.44252	-1.12757e-17
1.47388	-3.57122e-11
1.50524	-1.63658e-10
1.5366	-3.46165e-10
1.56795	-5.9238e-10
1.59931	-9.58781e-10
1.63067	-1.51391e-09
1.66203	-2.39125e-09
1.69339	-3.75622e-09
1.72475	-5.88779e-09
1.75611	-9.17611e-09
1.78747	-1.42116e-08
1.81883	-2.18644e-08
1.85019	-3.33884e-08
1.88155	-5.06187e-08
1.9129	-7.61668e-08
1.94426	-1.13753e-07
1.97562	-1.68623e-07
2.00698	-1.07535e-07
2.03834	1.99284e-07
2.0697	2.71388e-07
2.10106	2.34341e-07
2.13242	1.59518e-07
2.16378	8.38004e-08
2.19514	2.31679e-08
2.2265	-1.81242e-08
2.25785	-4.17241e-08
2.28921	-5.16496e-08
2.32057	-5.22971e-08
2.35193	-4.75299e-08
2.38329	-4.03001e-08
2.41465	-3.26719e-08
2.44601	-2.61816e-08
2.47737	-2.18799e-08
2.50873	-2.1224e-08
