0	0
0.0313591	-3.66306e-06
0.0627182	-7.60976e-06
0.0940773	-1.21363e-05
0.125436	-1.75638e-05
0.156795	-2.4251e-05
0.188155	-3.26062e-05
0.219514	-4.30994e-05
0.250873	-5.62739e-05
0.282232	-7.27562e-05
0.313591	-9.32663e-05
0.34495	-0.000118624
0.376309	-0.000149757
0.407668	-0.000187698
0.439027	-0.00023359
0.470386	-0.000288677
0.501746	-0.000354296
0.533105	-0.000431862
0.564464	-0.00052285
0.595823	-0.000628766
0.627182	-0.000751122
0.658541	-0.000891402
0.6899	-0.00105102
0.721259	-0.0012313
0.752618	-0.0014334
0.783977	-0.00165835
0.815336	-0.00190693
0.846696	-0.00217975
0.878055	-0.00247716
0.909414	-0.00279931
0.940773	-0.00314618
0.972132	-0.0035176
1.00349	-0.00391335
1.03485	-0.00433324
1.06621	-0.0047773
1.09757	-0.00524584
1.12893	-0.00573974
1.16029	-0.00626056
1.19165	-0.00681087
1.223	-0.0073944
1.25436	-0.00801634
1.28572	-0.00868355
1.31708	-0.0094048
1.34844	-0.0101909
1.3798	-0.0110549
1.41116	-0.0120121
1.44252	-0.0130799
1.47388	-0.0142778
1.50524	-0.0156269
1.5366	-0.0171499
1.56795	-0.0188697
1.59931	-0.0208094
1.63067	-0.022991
1.66203	-0.0254342
1.69339	-0.0281553
1.72475	-0.0311662
1.75611	-0.0344725
1.78747	-0.0380726
1.81883	-0.0419565
1.85019	-0.0461044
1.88155	-0.0504864
1.9129	-0.0550616
1.94426	-0.0597784
1.97562	-0.0645746
2.00698	-0.069822
2.03834	-0.076754
2.0697	-0.0838499
2.10106	-0.0909716
2.13242	-0.0979448
2.16378	-0.104557
2.19514	-0.110556
2.2265	-0.115652
2.25785	-0.11952
2.28921	-0.121805
2.32057	-0.122137
2.35193	-0.120141
2.38329	-0.11546
2.41465	-0.107776
2.44601	-0.0968454
2.47737	-0.0825245
2.50873	-0.0648122
