0	0
0.0313591	-0.00010095
0.0627182	-0.000204477
0.0940773	-0.000313134
0.125436	-0.000429421
0.156795	-0.000555766
0.188155	-0.000694489
0.219514	-0.000847779
0.250873	-0.00101766
0.282232	-0.00120597
0.313591	-0.00141431
0.34495	-0.00164406
0.376309	-0.00189632
0.407668	-0.00217192
0.439027	-0.00247143
0.470386	-0.00279515
0.501746	-0.00314318
0.533105	-0.00351545
0.564464	-0.00391182
0.595823	-0.00433217
0.627182	-0.00477654
0.658541	-0.00524532
0.6899	-0.00573937
0.721259	-0.00626032
0.752618	-0.0068107
0.783977	-0.00739429
0.815336	-0.00801626
0.846696	-0.0086835
0.878055	-0.00940476
0.909414	-0.0101909
0.940773	-0.0110549
0.972132	-0.0120121
1.00349	-0.0130799
1.03485	-0.0142778
1.06621	-0.0156269
1.09757	-0.0171499
1.12893	-0.0188697
1.16029	-0.0208094
1.19165	-0.022991
1.223	-0.0254342
1.25436	-0.0281553
1.28572	-0.0311662
1.31708	-0.0344725
1.34844	-0.0380726
1.3798	-0.0419565
1.41116	-0.0461044
1.44252	-0.0504864
1.47388	-0.0550616
1.50524	-0.0597784
1.5366	-0.0645746
1.56795	-0.0693786
1.59931	-0.0741103
1.63067	-0.0786835
1.66203	-0.0830078
1.69339	-0.0869916
1.72475	-0.0905447
1.75611	-0.0935814
1.78747	-0.0960239
1.81883	-0.097805
1.85019	-0.0988704
1.88155	-0.0991816
1.9129	-0.0987172
1.94426	-0.0974735
1.97562	-0.0954656
2.00698	-0.0933772
2.03834	-0.0928526
2.0697	-0.0915973
2.10106	-0.0896008
2.13242	-0.0868678
2.16378	-0.0834191
2.19514	-0.07929
2.2265	-0.0745288
2.25785	-0.0691927
2.28921	-0.0633428
2.32057	-0.0570361
2.35193	-0.0503165
2.38329	-0.0432027
2.41465	-0.0356738
2.44601	-0.027653
2.47737	-0.018988
2.50873	-0.0094314
