0	0
0.0313591	-0.000150601
0.0627182	-0.000303597
0.0940773	-0.000461408
0.125436	-0.000626495
0.156795	-0.000801381
0.188155	-0.000988655
0.219514	-0.00119098
0.250873	-0.00141107
0.282232	-0.0016517
0.313591	-0.00191563
0.34495	-0.00220559
0.376309	-0.00252425
0.407668	-0.0028741
0.439027	-0.00325743
0.470386	-0.00367622
0.501746	-0.00413212
0.533105	-0.00462632
0.564464	-0.00515954
0.595823	-0.00573198
0.627182	-0.00634327
0.658541	-0.00699251
0.6899	-0.00767826
0.721259	-0.00839866
0.752618	-0.0091515
0.783977	-0.00993436
0.815336	-0.0107448
0.846696	-0.0115806
0.878055	-0.01244
0.909414	-0.0133219
0.940773	-0.0142262
0.972132	-0.0151544
1.00349	-0.0161094
1.03485	-0.0170961
1.06621	-0.0181216
1.09757	-0.0191953
1.12893	-0.0203293
1.16029	-0.021538
1.19165	-0.0228383
1.223	-0.0242496
1.25436	-0.0257927
1.28572	-0.0274899
1.31708	-0.0293642
1.34844	-0.031438
1.3798	-0.0337325
1.41116	-0.0362665
1.44252	-0.0390547
1.47388	-0.0421068
1.50524	-0.0454258
1.5366	-0.0490072
1.56795	-0.052837
1.59931	-0.0568918
1.63067	-0.0611371
1.66203	-0.0655278
1.69339	-0.0700077
1.72475	-0.0745105
1.75611	-0.0789606
1.78747	-0.0832746
1.81883	-0.0873636
1.85019	-0.0911349
1.88155	-0.0944954
1.9129	-0.0973538
1.94426	-0.0996239
1.97562	-0.101227
2.00698	-0.102814
2.03834	-0.106243
2.0697	-0.108973
2.10106	-0.110871
2.13242	-0.111799
2.16378	-0.111621
2.19514	-0.110202
2.2265	-0.107413
2.25785	-0.103126
2.28921	-0.097222
2.32057	-0.0895812
2.35193	-0.0800853
2.38329	-0.0686114
2.41465	-0.0550263
2.44601	-0.0391811
2.47737	-0.0209046
2.50873	7.45287e-13
