0	0
0.0313591	-3.19515e-05
0.0627182	-6.39601e-05
0.0940773	-9.60957e-05
0.125436	-0.000128455
0.156795	-0.000161177
0.188155	-0.000194455
0.219514	-0.000228556
0.250873	-0.000263838
0.282232	-0.00030077
0.313591	-0.000339953
0.34495	-0.00038214
0.376309	-0.000428265
0.407668	-0.000479459
0.439027	-0.000537079
0.470386	-0.000602728
0.501746	-0.000678273
0.533105	-0.000765862
0.564464	-0.000867931
0.595823	-0.000987211
0.627182	-0.00112672
0.658541	-0.00128973
0.6899	-0.00147979
0.721259	-0.00170062
0.752618	-0.0019561
0.783977	-0.00225021
0.815336	-0.00258692
0.846696	-0.00297014
0.878055	-0.00340357
0.909414	-0.00389068
0.940773	-0.00443452
0.972132	-0.00503769
1.00349	-0.0057022
1.03485	-0.00642943
1.06621	-0.00722004
1.09757	-0.00807398
1.12893	-0.00899044
1.16029	-0.0099679
1.19165	-0.0110042
1.223	-0.0120967
1.25436	-0.0132423
1.28572	-0.0144375
1.31708	-0.0156792
1.34844	-0.016964
1.3798	-0.0182892
1.41116	-0.0196525
1.44252	-0.0210525
1.47388	-0.0224885
1.50524	-0.0239611
1.5366	-0.0254714
1.56795	-0.0270219
1.59931	-0.0286151
1.63067	-0.0302543
1.66203	-0.0319422
1.69339	-0.0336807
1.72475	-0.0354701
1.75611	-0.0373084
1.78747	-0.03919
1.81883	-0.041105
1.85019	-0.0430383
1.88155	-0.0449687
1.9129	-0.0468685
1.94426	-0.0487025
1.97562	-0.0504284
2.00698	-0.0523626
2.03834	-0.0554781
2.0697	-0.0584974
2.10106	-0.0613225
2.13242	-0.0638326
2.16378	-0.0658826
2.19514	-0.0673027
2.2265	-0.0678991
2.25785	-0.0674565
2.28921	-0.0657426
2.32057	-0.0625161
2.35193	-0.0575366
2.38329	-0.0505786
2.41465	-0.0414485
2.44601	-0.0300045
2.47737	-0.0161788
2.50873	7.45287e-13
