0	0
0.0313591	0.00564882
0.0627182	0.0113235
0.0940773	0.0170472
0.125436	0.0228375
0.156795	0.0287042
0.188155	0.034647
0.219514	0.0406544
0.250873	0.0467027
0.282232	0.0527552
0.313591	0.0587635
0.34495	0.0646677
0.376309	0.0703985
0.407668	0.0758797
0.439027	0.0810304
0.470386	0.0857683
0.501746	0.0900132
0.533105	0.09369
0.564464	0.0967319
0.595823	0.0990836
0.627182	0.100703
0.658541	0.101565
0.6899	0.101658
0.721259	0.100993
0.752618	0.0995924
0.783977	0.0974991
0.815336	0.0947688
0.846696	0.0914699
0.878055	0.0876809
0.909414	0.0834875
0.940773	0.0789795
0.972132	0.0742477
1.00349	0.0693813
1.03485	0.0644652
1.06621	0.0595777
1.09757	0.0547888
1.12893	0.0501587
1.16029	0.0457372
1.19165	0.0415632
1.223	0.037665
1.25436	0.0340605
1.28572	0.0307581
1.31708	0.0277579
1.34844	0.0250527
1.3798	0.0226296
1.41116	0.0204711
1.44252	0.0185563
1.47388	0.0168625
1.50524	0.0153658
1.5366	0.0140426
1.56795	0.0128697
1.59931	0.0118256
1.63067	0.0108904
1.66203	0.0100462
1.69339	0.00927767
1.72475	0.00857146
1.75611	0.00791663
1.78747	0.00730428
1.81883	0.00672747
1.85019	0.00618094
1.88155	0.0056609
1.9129	0.00516478
1.94426	0.00469098
1.97562	0.00423862
2.00698	0.00383413
2.03834	0.00353278
2.0697	0.00323486
2.10106	0.00294177
2.13242	0.0026551
2.16378	0.00237652
2.19514	0.00210766
2.2265	0.00184998
2.25785	0.00160471
2.28921	0.00137262
2.32057	0.0011539
2.35193	0.000948003
2.38329	0.000753333
2.41465	0.000567007
2.44601	0.000384427
2.47737	0.000198727
2.50873	7.45287e-13
