0	0
0.0313591	2.08167e-17
0.0627182	2.08167e-17
0.0940773	-1.11022e-16
0.125436	1.04083e-16
0.156795	-7.63278e-17
0.188155	6.93889e-17
0.219514	-1.38778e-17
0.250873	2.77556e-17
0.282232	0
0.313591	5.55112e-17
0.34495	-4.16334e-17
0.376309	6.93889e-17
0.407668	-4.16334e-17
0.439027	4.16334e-17
0.470386	-1.38778e-17
0.501746	2.77556e-17
0.533105	-1.38778e-17
0.564464	2.77556e-17
0.595823	2.77556e-17
0.627182	0
0.658541	-1.38778e-17
0.6899	2.77556e-17
0.721259	1.38778e-17
0.752618	-1.38778e-17
0.783977	3.46945e-17
0.815336	-2.77556e-17
0.846696	1.38778e-17
0.878055	-3.46945e-18
0.909414	-2.42861e-17
0.940773	2.08167e-17
0.972132	-1.38778e-17
1.00349	-6.93889e-18
1.03485	-1.38778e-17
1.06621	-3.46945e-18
1.09757	-1.04083e-17
1.12893	1.73472e-18
1.16029	-1.04083e-17
1.19165	4.33681e-18
1.223	-1.04083e-17
1.25436	4.33681e-19
1.28572	-5.20417e-18
1.31708	4.33681e-19
1.34844	0
1.3798	2.1684e-19
1.41116	1.30104e-18
1.44252	-1.0842e-19
1.47388	3.25261e-19
1.50524	5.42101e-19
1.5366	3.79471e-19
1.56795	3.52366e-19
1.59931	8.13152e-20
1.63067	2.03288e-19
1.66203	2.1684e-19
1.69339	-3.57122e-11
1.72475	-1.63658e-10
1.75611	-3.46165e-10
1.78747	-5.9238e-10
1.81883	-9.58781e-10
1.85019	-1.51391e-09
1.88155	-2.39125e-09
1.9129	-3.75622e-09
1.94426	-5.88779e-09
1.97562	-9.17611e-09
2.00698	-5.24691e-09
2.03834	1.24689e-08
2.0697	1.48866e-08
2.10106	1.13451e-08
2.13242	6.50756e-09
2.16378	2.35991e-09
2.19514	-4.90015e-10
2.2265	-2.10618e-09
2.25785	-2.77274e-09
2.28921	-2.87379e-09
2.32057	-2.58071e-09
2.35193	-2.07101e-09
2.38329	-1.54582e-09
2.41465	-1.10845e-09
2.44601	-7.90846e-10
2.47737	-6.01736e-10
2.50873	-5.59459e-10
