0	0
0.0313591	-0.000550005
0.0627182	-0.00109817
0.0940773	-0.00164249
0.125436	-0.00218067
0.156795	-0.00270995
0.188155	-0.00322693
0.219514	-0.00372742
0.250873	-0.00420628
0.282232	-0.00465719
0.313591	-0.00507252
0.34495	-0.0054431
0.376309	-0.00575808
0.407668	-0.0060047
0.439027	-0.00616817
0.470386	-0.00623154
0.501746	-0.00617563
0.533105	-0.005979
0.564464	-0.0056181
0.595823	-0.0050674
0.627182	-0.00429973
0.658541	-0.00328679
0.6899	-0.00199977
0.721259	-0.000410164
0.752618	0.00150924
0.783977	0.00378319
0.815336	0.00643274
0.846696	0.0094738
0.878055	0.0129158
0.909414	0.0167602
0.940773	0.0209992
0.972132	0.0256147
1.00349	0.0305773
1.03485	0.0358457
1.06621	0.0413671
1.09757	0.0470766
1.12893	0.052899
1.16029	0.0587496
1.19165	0.0645364
1.223	0.0701622
1.25436	0.0755276
1.28572	0.0805339
1.31708	0.085086
1.34844	0.0890961
1.3798	0.0924863
1.41116	0.0951915
1.44252	0.0971615
1.47388	0.0983632
1.50524	0.0987812
1.5366	0.0984184
1.56795	0.0972957
1.59931	0.095451
1.63067	0.0929374
1.66203	0.0898211
1.69339	0.0861788
1.72475	0.0820944
1.75611	0.0776565
1.78747	0.0729549
1.81883	0.068078
1.85019	0.0631096
1.88155	0.0581273
1.9129	0.0532004
1.94426	0.0483884
1.97562	0.0437403
2.00698	0.0395706
2.03834	0.0364783
2.0697	0.0334538
2.10106	0.0305229
2.13242	0.0277055
2.16378	0.0250146
2.19514	0.0224558
2.2265	0.0200275
2.25785	0.01772
2.28921	0.0155166
2.32057	0.0133928
2.35193	0.0113173
2.38329	0.00925126
2.41465	0.00714841
2.44601	0.00495329
2.47737	0.00259861
2.50873	7.45287e-13
