0	0
0.0313591	-0.000445489
0.0627182	-0.000891337
0.0940773	-0.00133776
0.125436	-0.00178468
0.156795	-0.00223159
0.188155	-0.00267738
0.219514	-0.00312023
0.250873	-0.00355744
0.282232	-0.00398529
0.313591	-0.00439886
0.34495	-0.00479192
0.376309	-0.00515674
0.407668	-0.00548391
0.439027	-0.00576223
0.470386	-0.00597854
0.501746	-0.00611755
0.533105	-0.00616181
0.564464	-0.0060916
0.595823	-0.00588498
0.627182	-0.00551786
0.658541	-0.00496423
0.6899	-0.00419647
0.721259	-0.00318586
0.752618	-0.00190321
0.783977	-0.000319677
0.815336	0.00159225
0.846696	0.00385758
0.878055	0.00649758
0.909414	0.00952837
0.940773	0.0129595
0.972132	0.0167926
1.00349	0.0210201
1.03485	0.0256237
1.06621	0.0305743
1.09757	0.0358307
1.12893	0.0413399
1.16029	0.0470372
1.19165	0.0528473
1.223	0.0586856
1.25436	0.0644599
1.28572	0.0700731
1.31708	0.0754255
1.34844	0.0804184
1.3798	0.0849565
1.41116	0.0889517
1.44252	0.0923259
1.47388	0.0950135
1.50524	0.0969642
1.5366	0.0981442
1.56795	0.0985376
1.59931	0.0981468
1.63067	0.0969921
1.66203	0.0951105
1.69339	0.0925544
1.72475	0.0893893
1.75611	0.085691
1.78747	0.0815428
1.81883	0.0770324
1.85019	0.072249
1.88155	0.0672805
1.9129	0.0622105
1.94426	0.0571162
1.97562	0.0520671
2.00698	0.0474543
2.03834	0.0440225
2.0697	0.040576
2.10106	0.0371547
2.13242	0.0337937
2.16378	0.030522
2.19514	0.0273616
2.2265	0.0243264
2.25785	0.0214213
2.28921	0.018642
2.32057	0.015974
2.35193	0.0133927
2.38329	0.0108616
2.41465	0.00833187
2.44601	0.00573897
2.47737	0.00299877
2.50873	7.45287e-13
