0	0
0.0313591	-1.34441e-17
0.0627182	1.30104e-17
0.0940773	-2.60209e-17
0.125436	2.60209e-17
0.156795	-1.73472e-17
0.188155	-6.93889e-18
0.219514	2.42861e-17
0.250873	-3.46945e-17
0.282232	3.46945e-17
0.313591	-5.20417e-17
0.34495	4.85723e-17
0.376309	-2.77556e-17
0.407668	6.93889e-18
0.439027	2.08167e-17
0.470386	3.46945e-17
0.501746	-5.55112e-17
0.533105	5.55112e-17
0.564464	-1.38778e-17
0.595823	6.93889e-17
0.627182	-6.93889e-17
0.658541	8.32667e-17
0.6899	-5.55112e-17
0.721259	5.55112e-17
0.752618	0
0.783977	-1.38778e-17
0.815336	1.38778e-17
0.846696	5.55112e-17
0.878055	-2.77556e-17
0.909414	4.16334e-17
0.940773	-1.38778e-17
0.972132	2.77556e-17
1.00349	-1.38778e-17
1.03485	1.38778e-17
1.06621	-1.38778e-17
1.09757	4.16334e-17
1.12893	1.38778e-17
1.16029	-3.57122e-11
1.19165	-1.63658e-10
1.223	-3.46165e-10
1.25436	-5.9238e-10
1.28572	-9.58781e-10
1.31708	-1.51391e-09
1.34844	-2.39125e-09
1.3798	-3.75622e-09
1.41116	-5.88779e-09
1.44252	-9.17611e-09
1.47388	-1.42116e-08
1.50524	-2.18644e-08
1.5366	-3.33884e-08
1.56795	-5.06187e-08
1.59931	-7.61668e-08
1.63067	-1.13753e-07
1.66203	-1.68623e-07
1.69339	-2.48087e-07
1.72475	-3.6228e-07
1.75611	-5.25096e-07
1.78747	-7.55419e-07
1.81883	-1.07871e-06
1.85019	-1.52893e-06
1.88155	-2.15105e-06
1.9129	-3.00397e-06
1.94426	-4.16421e-06
1.97562	-5.73017e-06
2.00698	-4.15749e-06
2.03834	5.03524e-06
2.0697	8.55532e-06
2.10106	8.76426e-06
2.13242	7.27862e-06
2.16378	5.14571e-06
2.19514	2.99354e-06
2.2265	1.15417e-06
2.25785	-2.38313e-07
2.28921	-1.1731e-06
2.32057	-1.70849e-06
2.35193	-1.93477e-06
2.38329	-1.95154e-06
2.41465	-1.85694e-06
2.44601	-1.74782e-06
2.47737	-1.73185e-06
2.50873	-1.95623e-06
