0	0
0.0313591	-0.00128915
0.0627182	-0.00259393
0.0940773	-0.00393035
0.125436	-0.00531519
0.156795	-0.00676625
0.188155	-0.00830258
0.219514	-0.00994451
0.250873	-0.0117136
0.282232	-0.0136323
0.313591	-0.0157235
0.34495	-0.0180101
0.376309	-0.0205138
0.407668	-0.0232544
0.439027	-0.0262484
0.470386	-0.0295078
0.501746	-0.0330391
0.533105	-0.0368413
0.564464	-0.0409055
0.595823	-0.045213
0.627182	-0.0497353
0.658541	-0.0544329
0.6899	-0.0592556
0.721259	-0.0641428
0.752618	-0.0690243
0.783977	-0.0738216
0.815336	-0.0784498
0.846696	-0.0828201
0.878055	-0.0868418
0.909414	-0.0904259
0.940773	-0.093488
0.972132	-0.0959509
1.00349	-0.0977483
1.03485	-0.0988268
1.06621	-0.0991483
1.09757	-0.0986918
1.12893	-0.0974544
1.16029	-0.0954513
1.19165	-0.0927157
1.223	-0.0892978
1.25436	-0.0852627
1.28572	-0.0806883
1.31708	-0.0756626
1.34844	-0.0702805
1.3798	-0.0646408
1.41116	-0.0588431
1.44252	-0.0529845
1.47388	-0.0471571
1.50524	-0.0414455
1.5366	-0.0359251
1.56795	-0.0306605
1.59931	-0.0257047
1.63067	-0.0210988
1.66203	-0.0168722
1.69339	-0.0130429
1.72475	-0.00961847
1.75611	-0.00659727
1.78747	-0.00396966
1.81883	-0.00171937
1.85019	0.000174995
1.88155	0.00173866
1.9129	0.00299939
1.94426	0.00398633
1.97562	0.00472906
2.00698	0.00529371
2.03834	0.00581939
2.0697	0.00620141
2.10106	0.00644813
2.13242	0.00656798
2.16378	0.00656923
2.19514	0.00645961
2.2265	0.00624608
2.25785	0.00593448
2.28921	0.00552929
2.32057	0.00503329
2.35193	0.00444721
2.38329	0.00376939
2.41465	0.00299528
2.44601	0.00211696
2.47737	0.00112255
2.50873	-4.39882e-06
