0	0
0.0313591	-0.00113384
0.0627182	-0.0022766
0.0940773	-0.00343771
0.125436	-0.0046275
0.156795	-0.00585767
0.188155	-0.00714158
0.219514	-0.00849449
0.250873	-0.0099337
0.282232	-0.0114784
0.313591	-0.0131498
0.34495	-0.0149701
0.376309	-0.0169628
0.407668	-0.0191511
0.439027	-0.0215576
0.470386	-0.0242029
0.501746	-0.0271043
0.533105	-0.0302748
0.564464	-0.0337213
0.595823	-0.0374438
0.627182	-0.0414336
0.658541	-0.0456726
0.6899	-0.0501321
0.721259	-0.0547729
0.752618	-0.0595448
0.783977	-0.0643869
0.815336	-0.0692287
0.846696	-0.0739915
0.878055	-0.07859
0.909414	-0.0829348
0.940773	-0.086935
0.972132	-0.0905011
1.00349	-0.0935481
1.03485	-0.0959986
1.06621	-0.0977859
1.09757	-0.0988561
1.12893	-0.099171
1.16029	-0.0987093
1.19165	-0.0974677
1.223	-0.0954614
1.25436	-0.0927233
1.28572	-0.0893035
1.31708	-0.0852669
1.34844	-0.0806914
1.3798	-0.0756648
1.41116	-0.0702821
1.44252	-0.064642
1.47388	-0.0588439
1.50524	-0.0529851
1.5366	-0.0471575
1.56795	-0.0414458
1.59931	-0.0359253
1.63067	-0.0306606
1.66203	-0.0257048
1.69339	-0.0210989
1.72475	-0.0168722
1.75611	-0.0130429
1.78747	-0.00961848
1.81883	-0.00659728
1.85019	-0.00396966
1.88155	-0.00171938
1.9129	0.000174991
1.94426	0.00173866
1.97562	0.00299939
2.00698	0.00401436
2.03834	0.00491582
2.0697	0.00563769
2.10106	0.00618642
2.13242	0.00656917
2.16378	0.00679336
2.19514	0.00686624
2.2265	0.00679449
2.25785	0.00658383
2.28921	0.00623863
2.32057	0.00576157
2.35193	0.00515333
2.38329	0.00441228
2.41465	0.00353416
2.44601	0.00251183
2.47737	0.00133505
2.50873	-9.58484e-06
