0	0
0.0313591	-5.48349e-18
0.0627182	9.12776e-18
0.0940773	-4.20083e-18
0.125436	-3.57122e-11
0.156795	-1.63658e-10
0.188155	-3.46165e-10
0.219514	-5.9238e-10
0.250873	-9.58781e-10
0.282232	-1.51391e-09
0.313591	-2.39125e-09
0.34495	-3.75622e-09
0.376309	-5.88779e-09
0.407668	-9.17611e-09
0.439027	-1.42116e-08
0.470386	-2.18644e-08
0.501746	-3.33884e-08
0.533105	-5.06187e-08
0.564464	-7.61668e-08
0.595823	-1.13753e-07
0.627182	-1.68623e-07
0.658541	-2.48087e-07
0.6899	-3.6228e-07
0.721259	-5.25096e-07
0.752618	-7.55419e-07
0.783977	-1.07871e-06
0.815336	-1.52893e-06
0.846696	-2.15105e-06
0.878055	-3.00397e-06
0.909414	-4.16421e-06
0.940773	-5.73017e-06
0.972132	-7.82726e-06
1.00349	-1.06137e-05
1.03485	-1.42873e-05
1.06621	-1.90927e-05
1.09757	-2.53297e-05
1.12893	-3.33616e-05
1.16029	-4.36245e-05
1.19165	-5.66361e-05
1.223	-7.30043e-05
1.25436	-9.34349e-05
1.28572	-0.000118738
1.31708	-0.000149833
1.34844	-0.000187748
1.3798	-0.000233623
1.41116	-0.000288698
1.44252	-0.00035431
1.47388	-0.000431872
1.50524	-0.000522856
1.5366	-0.00062877
1.56795	-0.000751125
1.59931	-0.000891403
1.63067	-0.00105102
1.66203	-0.0012313
1.69339	-0.0014334
1.72475	-0.00165835
1.75611	-0.00190693
1.78747	-0.00217975
1.81883	-0.00247716
1.85019	-0.00279931
1.88155	-0.00314618
1.9129	-0.0035176
1.94426	-0.00391335
1.97562	-0.00433324
2.00698	-0.00414085
2.03834	-0.0017784
2.0697	0.000444251
2.10106	0.00243796
2.13242	0.00411893
2.16378	0.00541146
2.19514	0.00624986
2.2265	0.00657891
2.25785	0.00635283
2.28921	0.0055322
2.32057	0.00407871
2.35193	0.00194754
2.38329	-0.000922898
2.41465	-0.00462381
2.44601	-0.00929152
2.47737	-0.0151255
2.50873	-0.0224083
