0	0
0.0313591	4.55365e-18
0.0627182	-8.67362e-19
0.0940773	1.30104e-18
0.125436	2.60209e-18
0.156795	-6.93889e-18
0.188155	1.73472e-18
0.219514	-1.04083e-17
0.250873	8.67362e-18
0.282232	0
0.313591	-3.46945e-18
0.34495	2.42861e-17
0.376309	-1.73472e-17
0.407668	4.51028e-17
0.439027	-4.85723e-17
0.470386	6.93889e-17
0.501746	-2.08167e-17
0.533105	0
0.564464	4.16334e-17
0.595823	4.16334e-17
0.627182	-2.77556e-17
0.658541	5.55112e-17
0.6899	0
0.721259	8.32667e-17
0.752618	-5.55112e-17
0.783977	6.93889e-17
0.815336	-4.16334e-17
0.846696	5.55112e-17
0.878055	-1.38778e-17
0.909414	1.38778e-17
0.940773	-1.38778e-17
0.972132	8.32667e-17
1.00349	-4.16334e-17
1.03485	-3.57122e-11
1.06621	-1.63658e-10
1.09757	-3.46165e-10
1.12893	-5.9238e-10
1.16029	-9.58781e-10
1.19165	-1.51391e-09
1.223	-2.39125e-09
1.25436	-3.75622e-09
1.28572	-5.88779e-09
1.31708	-9.17611e-09
1.34844	-1.42116e-08
1.3798	-2.18644e-08
1.41116	-3.33884e-08
1.44252	-5.06187e-08
1.47388	-7.61668e-08
1.50524	-1.13753e-07
1.5366	-1.68623e-07
1.56795	-2.48087e-07
1.59931	-3.6228e-07
1.63067	-5.25096e-07
1.66203	-7.55419e-07
1.69339	-1.07871e-06
1.72475	-1.52893e-06
1.75611	-2.15105e-06
1.78747	-3.00397e-06
1.81883	-4.16421e-06
1.85019	-5.73017e-06
1.88155	-7.82726e-06
1.9129	-1.06137e-05
1.94426	-1.42873e-05
1.97562	-1.90927e-05
2.00698	-1.44771e-05
2.03834	1.42033e-05
2.0697	2.69549e-05
2.10106	2.95857e-05
2.13242	2.63843e-05
2.16378	2.0376e-05
2.19514	1.35718e-05
2.2265	7.19907e-06
2.25785	1.90581e-06
2.28921	-2.067e-06
2.32057	-4.74644e-06
2.35193	-6.32251e-06
2.38329	-7.07632e-06
2.41465	-7.34085e-06
2.44601	-7.49809e-06
2.47737	-8.02127e-06
2.50873	-9.58484e-06
