0	0
0.0313591	-4.88356e-06
0.0627182	-1.01231e-05
0.0940773	-1.60888e-05
0.125436	-2.31786e-05
0.156795	-3.18327e-05
0.188155	-4.25458e-05
0.219514	-5.58807e-05
0.250873	-7.24792e-05
0.282232	-9.30726e-05
0.313591	-0.00011849
0.34495	-0.000149664
0.376309	-0.000187634
0.407668	-0.000233547
0.439027	-0.000288648
0.470386	-0.000354277
0.501746	-0.00043185
0.533105	-0.000522842
0.564464	-0.000628761
0.595823	-0.000751119
0.627182	-0.000891399
0.658541	-0.00105102
0.6899	-0.0012313
0.721259	-0.0014334
0.752618	-0.00165835
0.783977	-0.00190693
0.815336	-0.00217975
0.846696	-0.00247716
0.878055	-0.00279931
0.909414	-0.00314618
0.940773	-0.0035176
0.972132	-0.00391335
1.00349	-0.00433324
1.03485	-0.0047773
1.06621	-0.00524584
1.09757	-0.00573974
1.12893	-0.00626056
1.16029	-0.00681087
1.19165	-0.0073944
1.223	-0.00801634
1.25436	-0.00868355
1.28572	-0.0094048
1.31708	-0.0101909
1.34844	-0.0110549
1.3798	-0.0120121
1.41116	-0.0130799
1.44252	-0.0142778
1.47388	-0.0156269
1.50524	-0.0171499
1.5366	-0.0188697
1.56795	-0.0208094
1.59931	-0.022991
1.63067	-0.0254342
1.66203	-0.0281553
1.69339	-0.0311662
1.72475	-0.0344725
1.75611	-0.0380726
1.78747	-0.0419565
1.81883	-0.0461044
1.85019	-0.0504864
1.88155	-0.0550616
1.9129	-0.0597784
1.94426	-0.0645746
1.97562	-0.0693786
2.00698	-0.0745954
2.03834	-0.0815662
2.0697	-0.0886208
2.10106	-0.0956111
2.13242	-0.102355
2.16378	-0.108633
2.19514	-0.114192
2.2265	-0.118741
2.25785	-0.121959
2.28921	-0.123499
2.32057	-0.122999
2.35193	-0.120098
2.38329	-0.114448
2.41465	-0.105745
2.44601	-0.0937478
2.47737	-0.0783158
2.50873	-0.0594393
