0	0
0.0313591	-0.000203445
0.0627182	-0.000410278
0.0940773	-0.00062377
0.125436	-0.00084696
0.156795	-0.00108255
0.188155	-0.00133277
0.219514	-0.00159933
0.250873	-0.00188326
0.282232	-0.00218486
0.313591	-0.00250361
0.34495	-0.00283804
0.376309	-0.00318572
0.407668	-0.00354309
0.439027	-0.00390542
0.470386	-0.0042667
0.501746	-0.0046195
0.533105	-0.0049549
0.564464	-0.00526231
0.595823	-0.00552936
0.627182	-0.0057418
0.658541	-0.00588333
0.6899	-0.00593555
0.721259	-0.00587791
0.752618	-0.00568769
0.783977	-0.00534015
0.815336	-0.00480868
0.846696	-0.00406517
0.878055	-0.00308045
0.909414	-0.00182498
0.940773	-0.000269616
0.972132	0.00161339
1.00349	0.00384925
1.03485	0.00645935
1.06621	0.0094599
1.09757	0.0128605
1.12893	0.0166627
1.16029	0.0208589
1.19165	0.0254307
1.223	0.0303487
1.25436	0.0355714
1.28572	0.0410454
1.31708	0.0467056
1.34844	0.052476
1.3798	0.0582712
1.41116	0.0639983
1.44252	0.0695591
1.47388	0.0748527
1.50524	0.079779
1.5366	0.0842415
1.56795	0.0881503
1.59931	0.0914257
1.63067	0.0940005
1.66203	0.0958224
1.69339	0.0968559
1.72475	0.0970836
1.75611	0.0965062
1.78747	0.0951428
1.81883	0.0930294
1.85019	0.090218
1.88155	0.0867738
1.9129	0.0827732
1.94426	0.0783004
1.97562	0.0734451
2.00698	0.0687789
2.03834	0.0654603
2.0697	0.0617915
2.10106	0.0578286
2.13242	0.0536316
2.16378	0.0492627
2.19514	0.0447831
2.2265	0.0402509
2.25785	0.0357169
2.28921	0.0312222
2.32057	0.0267935
2.35193	0.0224389
2.38329	0.0181431
2.41465	0.0138605
2.44601	0.0095077
2.47737	0.00495259
2.50873	7.45287e-13
