0	0
0.0313591	-1.63658e-10
0.0627182	-3.46165e-10
0.0940773	-5.9238e-10
0.125436	-9.58781e-10
0.156795	-1.51391e-09
0.188155	-2.39125e-09
0.219514	-3.75622e-09
0.250873	-5.88779e-09
0.282232	-9.17611e-09
0.313591	-1.42116e-08
0.34495	-2.18644e-08
0.376309	-3.33884e-08
0.407668	-5.06187e-08
0.439027	-7.61668e-08
0.470386	-1.13753e-07
0.501746	-1.68623e-07
0.533105	-2.48087e-07
0.564464	-3.6228e-07
0.595823	-5.25096e-07
0.627182	-7.55419e-07
0.658541	-1.07871e-06
0.6899	-1.52893e-06
0.721259	-2.15105e-06
0.752618	-3.00397e-06
0.783977	-4.16421e-06
0.815336	-5.73017e-06
0.846696	-7.82726e-06
0.878055	-1.06137e-05
0.909414	-1.42873e-05
0.940773	-1.90927e-05
0.972132	-2.53297e-05
1.00349	-3.33616e-05
1.03485	-4.36245e-05
1.06621	-5.66361e-05
1.09757	-7.30043e-05
1.12893	-9.34349e-05
1.16029	-0.000118738
1.19165	-0.000149833
1.223	-0.000187748
1.25436	-0.000233623
1.28572	-0.000288698
1.31708	-0.00035431
1.34844	-0.000431872
1.3798	-0.000522856
1.41116	-0.00062877
1.44252	-0.000751125
1.47388	-0.000891403
1.50524	-0.00105102
1.5366	-0.0012313
1.56795	-0.0014334
1.59931	-0.00165835
1.63067	-0.00190693
1.66203	-0.00217975
1.69339	-0.00247716
1.72475	-0.00279931
1.75611	-0.00314618
1.78747	-0.0035176
1.81883	-0.00391335
1.85019	-0.00433324
1.88155	-0.0047773
1.9129	-0.00524584
1.94426	-0.00573974
1.97562	-0.00626056
2.00698	-0.00615634
2.03834	-0.00371212
2.0697	-0.00123813
2.10106	0.00115113
2.13242	0.00332998
2.16378	0.00516481
2.19514	0.00651719
2.2265	0.00724655
2.25785	0.00721208
2.28921	0.00627319
2.32057	0.00428833
2.35193	0.00111184
2.38329	-0.00341146
2.41465	-0.0094537
2.44601	-0.0172131
2.47737	-0.0269241
2.50873	-0.0388664
