0	0
0.0313591	-0.0093049
0.0627182	-0.0184332
0.0940773	-0.0272132
0.125436	-0.035483
0.156795	-0.043095
0.188155	-0.0499195
0.219514	-0.0558485
0.250873	-0.0607978
0.282232	-0.0647092
0.313591	-0.067551
0.34495	-0.0693182
0.376309	-0.0700314
0.407668	-0.0697353
0.439027	-0.0684962
0.470386	-0.0663987
0.501746	-0.0635426
0.533105	-0.0600386
0.564464	-0.0560048
0.595823	-0.0515625
0.627182	-0.0468321
0.658541	-0.0419304
0.6899	-0.0369667
0.721259	-0.0320411
0.752618	-0.0272418
0.783977	-0.0226443
0.815336	-0.0183104
0.846696	-0.014288
0.878055	-0.0106117
0.909414	-0.00730318
0.940773	-0.00437264
0.972132	-0.00181999
1.00349	0.00036358
1.03485	0.00219397
1.06621	0.00369259
1.09757	0.00488484
1.12893	0.0057987
1.16029	0.00646349
1.19165	0.00690881
1.223	0.00716369
1.25436	0.00725593
1.28572	0.0072116
1.31708	0.00705476
1.34844	0.00680722
1.3798	0.00648851
1.41116	0.00611593
1.44252	0.0057046
1.47388	0.00526762
1.50524	0.0048162
1.5366	0.0043599
1.56795	0.00390672
1.59931	0.00346331
1.63067	0.00303512
1.66203	0.00262652
1.69339	0.00224092
1.72475	0.00188087
1.75611	0.00154819
1.78747	0.00124399
1.81883	0.000968803
1.85019	0.000722633
1.88155	0.000505019
1.9129	0.000315107
1.94426	0.00015171
1.97562	1.33705e-05
2.00698	-0.000102292
2.03834	-0.000202573
2.0697	-0.000287655
2.10106	-0.000357544
2.13242	-0.000412375
2.16378	-0.000452387
2.19514	-0.000477903
2.2265	-0.000489299
2.25785	-0.000486972
2.28921	-0.000471303
2.32057	-0.000442618
2.35193	-0.000401156
2.38329	-0.000347024
2.41465	-0.00028017
2.44601	-0.000200356
2.47737	-0.00010716
2.50873	-1.754e-11
