0	0
0.0313591	-0.000143173
0.0627182	-0.000289233
0.0940773	-0.000441022
0.125436	-0.000601292
0.156795	-0.000772665
0.188155	-0.000957587
0.219514	-0.00115829
0.250873	-0.00137677
0.282232	-0.00161472
0.313591	-0.00187357
0.34495	-0.00215442
0.376309	-0.00245806
0.407668	-0.00278502
0.439027	-0.00313557
0.470386	-0.00350977
0.501746	-0.00390762
0.533105	-0.00432908
0.564464	-0.00477429
0.595823	-0.00524369
0.627182	-0.00573821
0.658541	-0.00625949
0.6899	-0.00681012
0.721259	-0.00739387
0.752618	-0.00801598
0.783977	-0.0086833
0.815336	-0.00940463
0.846696	-0.0101908
0.878055	-0.0110548
0.909414	-0.012012
0.940773	-0.0130798
0.972132	-0.0142777
1.00349	-0.0156269
1.03485	-0.0171499
1.06621	-0.0188697
1.09757	-0.0208094
1.12893	-0.022991
1.16029	-0.0254342
1.19165	-0.0281553
1.223	-0.0311662
1.25436	-0.0344725
1.28572	-0.0380726
1.31708	-0.0419565
1.34844	-0.0461044
1.3798	-0.0504864
1.41116	-0.0550616
1.44252	-0.0597784
1.47388	-0.0645746
1.50524	-0.0693786
1.5366	-0.0741103
1.56795	-0.0786835
1.59931	-0.0830078
1.63067	-0.0869916
1.66203	-0.0905447
1.69339	-0.0935814
1.72475	-0.0960239
1.75611	-0.097805
1.78747	-0.0988704
1.81883	-0.0991816
1.85019	-0.0987172
1.88155	-0.0974735
1.9129	-0.0954656
1.94426	-0.0927263
1.97562	-0.0893057
2.00698	-0.0858674
2.03834	-0.0839011
2.0697	-0.0812948
2.10106	-0.0780754
2.13242	-0.0742848
2.16378	-0.0699791
2.19514	-0.0652261
2.2265	-0.060103
2.25785	-0.0546916
2.28921	-0.0490726
2.32057	-0.0433186
2.35193	-0.0374853
2.38329	-0.0316001
2.41465	-0.0256495
2.44601	-0.0195637
2.47737	-0.0131986
2.50873	-0.00631432
