0	0
0.0313591	-0.00254706
0.0627182	-0.00513779
0.0940773	-0.00781479
0.125436	-0.0106185
0.156795	-0.0135862
0.188155	-0.0167506
0.219514	-0.020139
0.250873	-0.0237718
0.282232	-0.0276616
0.313591	-0.031812
0.34495	-0.0362168
0.376309	-0.0408586
0.407668	-0.0457091
0.439027	-0.0507284
0.470386	-0.0558651
0.501746	-0.061057
0.533105	-0.0662324
0.564464	-0.071311
0.595823	-0.0762063
0.627182	-0.0808281
0.658541	-0.0850847
0.6899	-0.0888863
0.721259	-0.092148
0.752618	-0.0947926
0.783977	-0.0967539
0.815336	-0.097979
0.846696	-0.0984305
0.878055	-0.0980884
0.909414	-0.0969506
0.940773	-0.0950337
0.972132	-0.092372
1.00349	-0.089017
1.03485	-0.0850348
1.06621	-0.0805047
1.09757	-0.0755157
1.12893	-0.0701639
1.16029	-0.0645489
1.19165	-0.0587712
1.223	-0.0529286
1.25436	-0.047114
1.28572	-0.0414125
1.31708	-0.0359
1.34844	-0.0306416
1.3798	-0.0256905
1.41116	-0.0210883
1.44252	-0.0168644
1.47388	-0.0130372
1.50524	-0.00961432
1.5366	-0.00659428
1.56795	-0.00396751
1.59931	-0.00171785
1.63067	0.000176069
1.66203	0.00173942
1.69339	0.00299992
1.72475	0.00398669
1.75611	0.00472931
1.78747	0.00525692
1.81883	0.00559769
1.85019	0.00577828
1.88155	0.00582351
1.9129	0.00575623
1.94426	0.00559713
1.97562	0.00536482
2.00698	0.00511153
2.03834	0.00493363
2.0697	0.00471091
2.10106	0.00445064
2.13242	0.00415987
2.16378	0.00384535
2.19514	0.00351348
2.2265	0.0031702
2.25785	0.00282083
2.28921	0.00246989
2.32057	0.00212078
2.35193	0.00177546
2.38329	0.00143397
2.41465	0.00109377
2.44601	0.000749029
2.47737	0.000389595
2.50873	-2.24822e-07
