0	0
0.0313591	0.00414466
0.0627182	0.00833595
0.0940773	0.0126179
0.125436	0.0170293
0.156795	0.0216013
0.188155	0.0263556
0.219514	0.0313024
0.250873	0.0364389
0.282232	0.0417488
0.313591	0.0472021
0.34495	0.0527548
0.376309	0.0583501
0.407668	0.06392
0.439027	0.0693871
0.470386	0.0746669
0.501746	0.0796711
0.533105	0.0843105
0.564464	0.0884981
0.595823	0.092153
0.627182	0.095203
0.658541	0.0975877
0.6899	0.0992609
0.721259	0.100192
0.752618	0.100369
0.783977	0.0997956
0.815336	0.0984942
0.846696	0.0965036
0.878055	0.0938774
0.909414	0.0906821
0.940773	0.0869944
0.972132	0.0828984
1.00349	0.0784828
1.03485	0.0738374
1.06621	0.0690508
1.09757	0.0642074
1.12893	0.0593851
1.16029	0.054654
1.19165	0.0500744
1.223	0.0456964
1.25436	0.0415591
1.28572	0.0376912
1.31708	0.0341111
1.34844	0.0308278
1.3798	0.0278419
1.41116	0.0251468
1.44252	0.0227299
1.47388	0.0205743
1.50524	0.0186596
1.5366	0.0169634
1.56795	0.0154624
1.59931	0.0141331
1.63067	0.0129527
1.66203	0.0119
1.69339	0.0109552
1.72475	0.0101008
1.75611	0.0093214
1.78747	0.00860393
1.81883	0.0079375
1.85019	0.00731334
1.88155	0.00672455
1.9129	0.00616594
1.94426	0.00563375
1.97562	0.00512543
2.00698	0.00467198
2.03834	0.00434126
2.0697	0.00401169
2.10106	0.00368411
2.13242	0.00335976
2.16378	0.0030401
2.19514	0.00272676
2.2265	0.00242131
2.25785	0.00212517
2.28921	0.00183935
2.32057	0.00156428
2.35193	0.00129947
2.38329	0.00104322
2.41465	0.000792192
2.44601	0.000540884
2.47737	0.000280898
2.50873	7.45287e-13
