0	0
0.0313591	-0.00422354
0.0627182	-0.00832572
0.0940773	-0.01219
0.125436	-0.0157093
0.156795	-0.01879
0.188155	-0.0213553
0.219514	-0.0233478
0.250873	-0.024731
0.282232	-0.02549
0.313591	-0.0256308
0.34495	-0.0251791
0.376309	-0.0241782
0.407668	-0.0226858
0.439027	-0.0207716
0.470386	-0.0185128
0.501746	-0.0159915
0.533105	-0.0132906
0.564464	-0.0104912
0.595823	-0.00766965
0.627182	-0.00489534
0.658541	-0.00222917
0.6899	0.000277624
0.721259	0.00258402
0.752618	0.00465927
0.783977	0.00648259
0.815336	0.00804243
0.846696	0.00933555
0.878055	0.0103659
0.909414	0.0111435
0.940773	0.0116829
0.972132	0.0120027
1.00349	0.0121235
1.03485	0.0120676
1.06621	0.0118581
1.09757	0.0115179
1.12893	0.0110693
1.16029	0.0105335
1.19165	0.00993036
1.223	0.00927816
1.25436	0.00859343
1.28572	0.00789094
1.31708	0.00718364
1.34844	0.00648274
1.3798	0.00579777
1.41116	0.00513662
1.44252	0.00450572
1.47388	0.00391009
1.50524	0.00335348
1.5366	0.00283846
1.56795	0.00236659
1.59931	0.00193848
1.63067	0.00155395
1.66203	0.00121213
1.69339	0.000911561
1.72475	0.000650324
1.75611	0.000426121
1.78747	0.00023638
1.81883	7.83428e-05
1.85019	-5.08553e-05
1.88155	-0.000154117
1.9129	-0.00023432
1.94426	-0.000294266
1.97562	-0.000336639
2.00698	-0.000366529
2.03834	-0.000393619
2.0697	-0.00041078
2.10106	-0.000418906
2.13242	-0.000418885
2.16378	-0.000411576
2.19514	-0.000397792
2.2265	-0.000378274
2.25785	-0.000353671
2.28921	-0.000324517
2.32057	-0.000291204
2.35193	-0.000253955
2.38329	-0.000212793
2.41465	-0.000167499
2.44601	-0.000117568
2.47737	-6.21531e-05
2.50873	2.95655e-13
