0	0
0.0313591	0.000225887
0.0627182	0.000499444
0.0940773	0.000868053
0.125436	0.00137848
0.156795	0.00207644
0.188155	0.0030061
0.219514	0.00420934
0.250873	0.00572497
0.282232	0.00758768
0.313591	0.00982697
0.34495	0.0124659
0.376309	0.0155196
0.407668	0.0189944
0.439027	0.0228863
0.470386	0.02718
0.501746	0.031848
0.533105	0.0368505
0.564464	0.0421352
0.595823	0.0476373
0.627182	0.0532813
0.658541	0.0589816
0.6899	0.0646451
0.721259	0.0701732
0.752618	0.0754649
0.783977	0.0804196
0.815336	0.0849407
0.846696	0.0889384
0.878055	0.0923331
0.909414	0.095058
0.940773	0.0970615
0.972132	0.0983091
1.00349	0.0987842
1.03485	0.098489
1.06621	0.0974436
1.09757	0.0956856
1.12893	0.093268
1.16029	0.0902573
1.19165	0.0867305
1.223	0.0827726
1.25436	0.0784733
1.28572	0.0739238
1.31708	0.069214
1.34844	0.06443
1.3798	0.0596513
1.41116	0.0549496
1.44252	0.0503867
1.47388	0.0460143
1.50524	0.0418731
1.5366	0.037993
1.56795	0.0343936
1.59931	0.0310851
1.63067	0.028069
1.66203	0.0253395
1.69339	0.022885
1.72475	0.020689
1.75611	0.0187318
1.78747	0.0169913
1.81883	0.0154445
1.85019	0.0140682
1.88155	0.0128399
1.9129	0.011738
1.94426	0.010743
1.97562	0.00983696
2.00698	0.00906763
2.03834	0.00856014
2.0697	0.00807251
2.10106	0.00759741
2.13242	0.00712817
2.16378	0.0066588
2.19514	0.00618399
2.2265	0.00569901
2.25785	0.00519956
2.28921	0.00468149
2.32057	0.00414048
2.35193	0.00357155
2.38329	0.00296847
2.41465	0.00232302
2.44601	0.00162411
2.47737	0.000856614
2.50873	7.45287e-13
