0	0
0.0313591	-0.000767165
0.0627182	-0.00153393
0.0940773	-0.00230014
0.125436	-0.0030661
0.156795	-0.0038328
0.188155	-0.00460222
0.219514	-0.00537747
0.250873	-0.0061631
0.282232	-0.00696532
0.313591	-0.00779215
0.34495	-0.00865367
0.376309	-0.00956214
0.407668	-0.0105321
0.439027	-0.0115802
0.470386	-0.0127256
0.501746	-0.0139891
0.533105	-0.0153933
0.564464	-0.0169621
0.595823	-0.0187199
0.627182	-0.0206907
0.658541	-0.0228976
0.6899	-0.0253611
0.721259	-0.0280987
0.752618	-0.0311225
0.783977	-0.0344391
0.815336	-0.0380473
0.846696	-0.0419374
0.878055	-0.0460901
0.909414	-0.0504758
0.940773	-0.0550538
0.972132	-0.0597727
1.00349	-0.0645705
1.03485	-0.0693756
1.06621	-0.0741081
1.09757	-0.0786819
1.12893	-0.0830067
1.16029	-0.0869909
1.19165	-0.0905442
1.223	-0.0935811
1.25436	-0.0960237
1.28572	-0.0978048
1.31708	-0.0988703
1.34844	-0.0991816
1.3798	-0.0987171
1.41116	-0.0974734
1.44252	-0.0954655
1.47388	-0.0927263
1.50524	-0.0893057
1.5366	-0.0852684
1.56795	-0.0806925
1.59931	-0.0756656
1.63067	-0.0702826
1.66203	-0.0646423
1.69339	-0.0588442
1.72475	-0.0529853
1.75611	-0.0471576
1.78747	-0.0414459
1.81883	-0.0359254
1.85019	-0.0306607
1.88155	-0.0257048
1.9129	-0.0210989
1.94426	-0.0168723
1.97562	-0.0130429
2.00698	-0.00968611
2.03834	-0.00686325
2.0697	-0.00428994
2.10106	-0.00198781
2.13242	2.58358e-05
2.16378	0.00173785
2.19514	0.00313895
2.2265	0.00422326
2.25785	0.00498782
2.28921	0.00543201
2.32057	0.00555709
2.35193	0.00536577
2.38329	0.00486212
2.41465	0.00405177
2.44601	0.00294281
2.47737	0.00154754
2.50873	-0.000114244
