0	0
0.0313591	-0.00224375
0.0627182	-0.00451158
0.0940773	-0.0068275
0.125436	-0.00921535
0.156795	-0.0116986
0.188155	-0.0143002
0.219514	-0.0170418
0.250873	-0.0199438
0.282232	-0.0230239
0.313591	-0.0262969
0.34495	-0.0297733
0.376309	-0.0334586
0.407668	-0.0373519
0.439027	-0.0414449
0.470386	-0.0457211
0.501746	-0.050155
0.533105	-0.0547114
0.564464	-0.0593452
0.595823	-0.0640018
0.627182	-0.0686174
0.658541	-0.0731205
0.6899	-0.0774327
0.721259	-0.0814717
0.752618	-0.0851527
0.783977	-0.0883917
0.815336	-0.0911082
0.846696	-0.0932281
0.878055	-0.0946865
0.909414	-0.0954307
0.940773	-0.0954222
0.972132	-0.0946389
1.00349	-0.0930759
1.03485	-0.0907464
1.06621	-0.0876815
1.09757	-0.0839296
1.12893	-0.0795545
1.16029	-0.0746336
1.19165	-0.0692554
1.223	-0.0635163
1.25436	-0.0575176
1.28572	-0.0513624
1.31708	-0.0451521
1.34844	-0.038984
1.3798	-0.0329482
1.41116	-0.0271259
1.44252	-0.0215876
1.47388	-0.0163918
1.50524	-0.0115848
1.5366	-0.00720038
1.56795	-0.00326018
1.59931	0.000225429
1.63067	0.00325635
1.66203	0.00584144
1.69339	0.00799714
1.72475	0.00974595
1.75611	0.011115
1.78747	0.0121347
1.81883	0.0128375
1.85019	0.0132568
1.88155	0.0134258
1.9129	0.0133772
1.94426	0.0131424
1.97562	0.0127508
2.00698	0.0123161
2.03834	0.0120675
2.0697	0.0117121
2.10106	0.0112602
2.13242	0.0107223
2.16378	0.0101087
2.19514	0.0094293
2.2265	0.00869342
2.25785	0.00790928
2.28921	0.00708363
2.32057	0.00622111
2.35193	0.00532341
2.38329	0.00438821
2.41465	0.00340782
2.44601	0.0023675
2.47737	0.0012434
2.50873	7.45287e-13
