0	0
0.0313591	6.18736e-18
0.0627182	1.88719e-18
0.0940773	-2.81215e-19
0.125436	-2.36492e-18
0.156795	6.58822e-18
0.188155	-4.36391e-18
0.219514	-4.0251e-18
0.250873	-2.98156e-18
0.282232	-4.52654e-18
0.313591	5.12286e-18
0.34495	2.31748e-18
0.376309	-3.57122e-11
0.407668	-1.63658e-10
0.439027	-3.46165e-10
0.470386	-5.9238e-10
0.501746	-9.58781e-10
0.533105	-1.51391e-09
0.564464	-2.39125e-09
0.595823	-3.75622e-09
0.627182	-5.88779e-09
0.658541	-9.17611e-09
0.6899	-1.42116e-08
0.721259	-2.18644e-08
0.752618	-3.33884e-08
0.783977	-5.06187e-08
0.815336	-7.61668e-08
0.846696	-1.13753e-07
0.878055	-1.68623e-07
0.909414	-2.48087e-07
0.940773	-3.6228e-07
0.972132	-5.25096e-07
1.00349	-7.55419e-07
1.03485	-1.07871e-06
1.06621	-1.52893e-06
1.09757	-2.15105e-06
1.12893	-3.00397e-06
1.16029	-4.16421e-06
1.19165	-5.73017e-06
1.223	-7.82726e-06
1.25436	-1.06137e-05
1.28572	-1.42873e-05
1.31708	-1.90927e-05
1.34844	-2.53297e-05
1.3798	-3.33616e-05
1.41116	-4.36245e-05
1.44252	-5.66361e-05
1.47388	-7.30043e-05
1.50524	-9.34349e-05
1.5366	-0.000118738
1.56795	-0.000149833
1.59931	-0.000187748
1.63067	-0.000233623
1.66203	-0.000288698
1.69339	-0.00035431
1.72475	-0.000431872
1.75611	-0.000522856
1.78747	-0.00062877
1.81883	-0.000751125
1.85019	-0.000891403
1.88155	-0.00105102
1.9129	-0.0012313
1.94426	-0.0014334
1.97562	-0.00165835
2.00698	-0.00150242
2.03834	-0.000110357
2.0697	0.000998398
2.10106	0.00181996
2.13242	0.00236222
2.16378	0.00264333
2.19514	0.00268944
2.2265	0.00253201
2.25785	0.0022046
2.28921	0.00173933
2.32057	0.00116289
2.35193	0.000492192
2.38329	-0.000270665
2.41465	-0.00114436
2.44601	-0.00217592
2.47737	-0.00345066
2.50873	-0.00510595
