0	0
0.0313591	-1.21431e-17
0.0627182	3.29597e-17
0.0940773	-1.04083e-17
0.125436	-2.08167e-17
0.156795	1.38778e-17
0.188155	0
0.219514	-1.38778e-17
0.250873	-2.08167e-17
0.282232	3.46945e-17
0.313591	-3.46945e-17
0.34495	2.08167e-17
0.376309	-4.16334e-17
0.407668	4.16334e-17
0.439027	1.38778e-17
0.470386	1.38778e-17
0.501746	-2.08167e-17
0.533105	2.77556e-17
0.564464	-1.38778e-17
0.595823	0
0.627182	6.93889e-18
0.658541	-1.38778e-17
0.6899	1.04083e-17
0.721259	-3.46945e-18
0.752618	-1.38778e-17
0.783977	1.04083e-17
0.815336	-3.46945e-18
0.846696	-1.56125e-17
0.878055	3.46945e-18
0.909414	1.73472e-18
0.940773	-1.38778e-17
0.972132	8.67362e-19
1.00349	-9.54098e-18
1.03485	3.46945e-18
1.06621	-3.03577e-18
1.09757	5.63785e-18
1.12893	-4.77049e-18
1.16029	3.90313e-18
1.19165	2.81893e-18
1.223	4.33681e-19
1.25436	1.30104e-18
1.28572	1.19262e-18
1.31708	4.33681e-19
1.34844	5.42101e-19
1.3798	1.13841e-18
1.41116	3.52366e-19
1.44252	5.42101e-20
1.47388	5.14996e-19
1.50524	2.30393e-19
1.5366	0
1.56795	2.23617e-19
1.59931	9.14796e-20
1.63067	1.69407e-20
1.66203	8.63974e-20
1.69339	3.89635e-20
1.72475	-1.69407e-21
1.75611	1.60936e-20
1.78747	2.96462e-21
1.81883	2.5411e-21
1.85019	-3.57122e-11
1.88155	-1.63658e-10
1.9129	-3.46165e-10
1.94426	-5.9238e-10
1.97562	-9.58781e-10
2.00698	-5.2688e-10
2.03834	1.28298e-09
2.0697	1.40901e-09
2.10106	9.51491e-10
2.13242	4.25011e-10
2.16378	-1.36519e-11
2.19514	-2.38747e-10
2.2265	-2.84811e-10
2.25785	-2.55541e-10
2.28921	-2.02602e-10
2.32057	-1.49441e-10
2.35193	-1.04988e-10
2.38329	-7.14652e-11
2.41465	-4.85815e-11
2.44601	-3.48918e-11
2.47737	-2.91194e-11
2.50873	-3.22099e-11
