0	0
0.0313591	2.5411e-20
0.0627182	2.22907e-18
0.0940773	-1.51305e-17
0.125436	1.24148e-17
0.156795	-1.44317e-17
0.188155	1.32459e-17
0.219514	-4.45624e-18
0.250873	-3.57122e-11
0.282232	-1.63658e-10
0.313591	-3.46165e-10
0.34495	-5.9238e-10
0.376309	-9.58781e-10
0.407668	-1.51391e-09
0.439027	-2.39125e-09
0.470386	-3.75622e-09
0.501746	-5.88779e-09
0.533105	-9.17611e-09
0.564464	-1.42116e-08
0.595823	-2.18644e-08
0.627182	-3.33884e-08
0.658541	-5.06187e-08
0.6899	-7.61668e-08
0.721259	-1.13753e-07
0.752618	-1.68623e-07
0.783977	-2.48087e-07
0.815336	-3.6228e-07
0.846696	-5.25096e-07
0.878055	-7.55419e-07
0.909414	-1.07871e-06
0.940773	-1.52893e-06
0.972132	-2.15105e-06
1.00349	-3.00397e-06
1.03485	-4.16421e-06
1.06621	-5.73017e-06
1.09757	-7.82726e-06
1.12893	-1.06137e-05
1.16029	-1.42873e-05
1.19165	-1.90927e-05
1.223	-2.53297e-05
1.25436	-3.33616e-05
1.28572	-4.36245e-05
1.31708	-5.66361e-05
1.34844	-7.30043e-05
1.3798	-9.34349e-05
1.41116	-0.000118738
1.44252	-0.000149833
1.47388	-0.000187748
1.50524	-0.000233623
1.5366	-0.000288698
1.56795	-0.00035431
1.59931	-0.000431872
1.63067	-0.000522856
1.66203	-0.00062877
1.69339	-0.000751125
1.72475	-0.000891403
1.75611	-0.00105102
1.78747	-0.0012313
1.81883	-0.0014334
1.85019	-0.00165835
1.88155	-0.00190693
1.9129	-0.00217975
1.94426	-0.00247716
1.97562	-0.00279931
2.00698	-0.00260475
2.03834	-0.000659931
2.0697	0.00102913
2.10106	0.00241688
2.13242	0.00347099
2.16378	0.0041728
2.19514	0.00451668
2.2265	0.00450822
2.25785	0.00416106
2.28921	0.0034925
2.32057	0.0025177
2.35193	0.00124239
2.38329	-0.000345959
2.41465	-0.00228893
2.44601	-0.00467014
2.47737	-0.00763121
2.50873	-0.0113914
