0	0
0.0313591	-1.47504e-06
0.0627182	-3.0855e-06
0.0940773	-4.97475e-06
0.125436	-7.30217e-06
0.156795	-1.02514e-05
0.188155	-1.40392e-05
0.219514	-1.89241e-05
0.250873	-2.52159e-05
0.282232	-3.32854e-05
0.313591	-4.35739e-05
0.34495	-5.66028e-05
0.376309	-7.29824e-05
0.407668	-9.34207e-05
0.439027	-0.000118729
0.470386	-0.000149827
0.501746	-0.000187744
0.533105	-0.000233621
0.564464	-0.000288697
0.595823	-0.000354309
0.627182	-0.000431871
0.658541	-0.000522856
0.6899	-0.00062877
0.721259	-0.000751125
0.752618	-0.000891403
0.783977	-0.00105102
0.815336	-0.0012313
0.846696	-0.0014334
0.878055	-0.00165835
0.909414	-0.00190693
0.940773	-0.00217975
0.972132	-0.00247716
1.00349	-0.00279931
1.03485	-0.00314618
1.06621	-0.0035176
1.09757	-0.00391335
1.12893	-0.00433324
1.16029	-0.0047773
1.19165	-0.00524584
1.223	-0.00573974
1.25436	-0.00626056
1.28572	-0.00681087
1.31708	-0.0073944
1.34844	-0.00801634
1.3798	-0.00868355
1.41116	-0.0094048
1.44252	-0.0101909
1.47388	-0.0110549
1.50524	-0.0120121
1.5366	-0.0130799
1.56795	-0.0142778
1.59931	-0.0156269
1.63067	-0.0171499
1.66203	-0.0188697
1.69339	-0.0208094
1.72475	-0.022991
1.75611	-0.0254342
1.78747	-0.0281553
1.81883	-0.0311662
1.85019	-0.0344725
1.88155	-0.0380726
1.9129	-0.0419565
1.94426	-0.0461044
1.97562	-0.0504864
2.00698	-0.0553687
2.03834	-0.0616164
2.0697	-0.068184
2.10106	-0.0749728
2.13242	-0.0818503
2.16378	-0.0886465
2.19514	-0.0951525
2.2265	-0.101121
2.25785	-0.106267
2.28921	-0.110276
2.32057	-0.112813
2.35193	-0.113534
2.38329	-0.112109
2.41465	-0.108241
2.44601	-0.101696
2.47737	-0.0923369
2.50873	-0.0801506
