0	0
0.0313591	-3.67987e-05
0.0627182	-7.51135e-05
0.0940773	-0.000116471
0.125436	-0.000162419
0.156795	-0.00021453
0.188155	-0.000274411
0.219514	-0.000343696
0.250873	-0.000424044
0.282232	-0.000517126
0.313591	-0.000624606
0.34495	-0.000748121
0.376309	-0.000889252
0.407668	-0.00104949
0.439027	-0.00123022
0.470386	-0.00143265
0.501746	-0.00165782
0.533105	-0.00190657
0.564464	-0.0021795
0.595823	-0.00247699
0.627182	-0.0027992
0.658541	-0.0031461
0.6899	-0.00351755
0.721259	-0.00391331
0.752618	-0.00433322
0.783977	-0.00477728
0.815336	-0.00524583
0.846696	-0.00573973
0.878055	-0.00626056
0.909414	-0.00681087
0.940773	-0.0073944
0.972132	-0.00801634
1.00349	-0.00868355
1.03485	-0.0094048
1.06621	-0.0101909
1.09757	-0.0110549
1.12893	-0.0120121
1.16029	-0.0130799
1.19165	-0.0142778
1.223	-0.0156269
1.25436	-0.0171499
1.28572	-0.0188697
1.31708	-0.0208094
1.34844	-0.022991
1.3798	-0.0254342
1.41116	-0.0281553
1.44252	-0.0311662
1.47388	-0.0344725
1.50524	-0.0380726
1.5366	-0.0419565
1.56795	-0.0461044
1.59931	-0.0504864
1.63067	-0.0550616
1.66203	-0.0597784
1.69339	-0.0645746
1.72475	-0.0693786
1.75611	-0.0741103
1.78747	-0.0786835
1.81883	-0.0830078
1.85019	-0.0869916
1.88155	-0.0905447
1.9129	-0.0935814
1.94426	-0.0960239
1.97562	-0.097805
2.00698	-0.0995606
2.03834	-0.103093
2.0697	-0.105975
2.10106	-0.108092
2.13242	-0.109335
2.16378	-0.109597
2.19514	-0.108779
2.2265	-0.106789
2.25785	-0.103543
2.28921	-0.0989633
2.32057	-0.0929765
2.35193	-0.0855079
2.38329	-0.0764762
2.41465	-0.0657857
2.44601	-0.0533175
2.47737	-0.0389213
2.50873	-0.0224083
