0	0
0.0313591	0.00474713
0.0627182	0.00941149
0.0940773	0.0139132
0.125436	0.0181779
0.156795	0.0221394
0.188155	0.0257413
0.219514	0.0289391
0.250873	0.0317005
0.282232	0.0340063
0.313591	0.0358502
0.34495	0.0372376
0.376309	0.0381849
0.407668	0.0387179
0.439027	0.0388699
0.470386	0.0386795
0.501746	0.0381894
0.533105	0.0374435
0.564464	0.0364859
0.595823	0.0353592
0.627182	0.0341029
0.658541	0.0327531
0.6899	0.0313412
0.721259	0.029894
0.752618	0.0284335
0.783977	0.0269773
0.815336	0.0255385
0.846696	0.0241265
0.878055	0.0227475
0.909414	0.0214051
0.940773	0.0201012
0.972132	0.0188361
1.00349	0.0176092
1.03485	0.0164197
1.06621	0.0152667
1.09757	0.0141496
1.12893	0.0130679
1.16029	0.0120219
1.19165	0.0110124
1.223	0.0100406
1.25436	0.00910794
1.28572	0.00821643
1.31708	0.00736802
1.34844	0.00656474
1.3798	0.00580843
1.41116	0.0051007
1.44252	0.00444278
1.47388	0.00383545
1.50524	0.003279
1.5366	0.00277317
1.56795	0.00231717
1.59931	0.00190969
1.63067	0.00154894
1.66203	0.00123272
1.69339	0.000958442
1.72475	0.000723267
1.75611	0.000524132
1.78747	0.00035785
1.81883	0.000221176
1.85019	0.000110878
1.88155	2.37941e-05
1.9129	-4.31151e-05
1.94426	-9.27279e-05
1.97562	-0.00012773
2.00698	-0.000151653
2.03834	-0.000170016
2.0697	-0.000180812
2.10106	-0.000185069
2.13242	-0.000183791
2.16378	-0.000177943
2.19514	-0.000168434
2.2265	-0.000156104
2.25785	-0.000141709
2.28921	-0.000125903
2.32057	-0.000109223
2.35193	-9.2068e-05
2.38329	-7.46762e-05
2.41465	-5.70951e-05
2.44601	-3.9145e-05
2.47737	-2.03736e-05
2.50873	7.36957e-13
