0	0
0.0313591	-1.07234e-06
0.0627182	-2.24855e-06
0.0940773	-3.63911e-06
0.125436	-5.36789e-06
0.156795	-7.57918e-06
0.188155	-1.04451e-05
0.219514	-1.41736e-05
0.250873	-1.90166e-05
0.282232	-2.52791e-05
0.313591	-3.33282e-05
0.34495	-4.36027e-05
0.376309	-5.66219e-05
0.407668	-7.29951e-05
0.439027	-9.3429e-05
0.470386	-0.000118734
0.501746	-0.00014983
0.533105	-0.000187747
0.564464	-0.000233622
0.595823	-0.000288698
0.627182	-0.00035431
0.658541	-0.000431871
0.6899	-0.000522856
0.721259	-0.00062877
0.752618	-0.000751125
0.783977	-0.000891403
0.815336	-0.00105102
0.846696	-0.0012313
0.878055	-0.0014334
0.909414	-0.00165835
0.940773	-0.00190693
0.972132	-0.00217975
1.00349	-0.00247716
1.03485	-0.00279931
1.06621	-0.00314618
1.09757	-0.0035176
1.12893	-0.00391335
1.16029	-0.00433324
1.19165	-0.0047773
1.223	-0.00524584
1.25436	-0.00573974
1.28572	-0.00626056
1.31708	-0.00681087
1.34844	-0.0073944
1.3798	-0.00801634
1.41116	-0.00868355
1.44252	-0.0094048
1.47388	-0.0101909
1.50524	-0.0110549
1.5366	-0.0120121
1.56795	-0.0130799
1.59931	-0.0142778
1.63067	-0.0156269
1.66203	-0.0171499
1.69339	-0.0188697
1.72475	-0.0208094
1.75611	-0.022991
1.78747	-0.0254342
1.81883	-0.0281553
1.85019	-0.0311662
1.88155	-0.0344725
1.9129	-0.0380726
1.94426	-0.0419565
1.97562	-0.0461044
2.00698	-0.0507454
2.03834	-0.0566089
2.0697	-0.0628124
2.10106	-0.069272
2.13242	-0.0758729
2.16378	-0.0824662
2.19514	-0.0888674
2.2265	-0.0948561
2.25785	-0.100179
2.28921	-0.104552
2.32057	-0.107676
2.35193	-0.109238
2.38329	-0.108939
2.41465	-0.106508
2.44601	-0.101728
2.47737	-0.0944625
2.50873	-0.0846882
