0	0
0.0313591	-0.00183724
0.0627182	-0.00367476
0.0940773	-0.00551347
0.125436	-0.00735541
0.156795	-0.0092043
0.188155	-0.011066
0.219514	-0.0129487
0.250873	-0.0148634
0.282232	-0.0168237
0.313591	-0.0188456
0.34495	-0.0209476
0.376309	-0.0231498
0.407668	-0.0254735
0.439027	-0.02794
0.470386	-0.0305698
0.501746	-0.0333814
0.533105	-0.0363898
0.564464	-0.0396052
0.595823	-0.0430318
0.627182	-0.0466663
0.658541	-0.0504967
0.6899	-0.0545016
0.721259	-0.0586492
0.752618	-0.0628973
0.783977	-0.0671933
0.815336	-0.0714748
0.846696	-0.075671
0.878055	-0.0797037
0.909414	-0.0834899
0.940773	-0.0869439
0.972132	-0.0899805
1.00349	-0.0925174
1.03485	-0.0944787
1.06621	-0.0957976
1.09757	-0.0964193
1.12893	-0.0963035
1.16029	-0.0954259
1.19165	-0.0937798
1.223	-0.0913768
1.25436	-0.0882465
1.28572	-0.0844357
1.31708	-0.080007
1.34844	-0.0750369
1.3798	-0.0696128
1.41116	-0.0638304
1.44252	-0.0577905
1.47388	-0.0515955
1.50524	-0.0453466
1.5366	-0.0391406
1.56795	-0.0330676
1.59931	-0.0272087
1.63067	-0.0216341
1.66203	-0.0164026
1.69339	-0.0115606
1.72475	-0.00714182
1.75611	-0.00316834
1.78747	0.000349249
1.81883	0.00341046
1.85019	0.00602372
1.88155	0.00820492
1.9129	0.00997595
1.94426	0.0113632
1.97562	0.0123964
2.00698	0.013199
2.03834	0.0140643
2.0697	0.0146994
2.10106	0.0151077
2.13242	0.0152932
2.16378	0.01526
2.19514	0.0150113
2.2265	0.0145498
2.25785	0.0138762
2.28921	0.0129893
2.32057	0.0118852
2.35193	0.0105567
2.38329	0.00899295
2.41465	0.00717876
2.44601	0.00509374
2.47737	0.00271174
2.50873	7.45287e-13
