0	0
0.0313591	-0.000912599
0.0627182	-0.00182639
0.0940773	-0.00274296
0.125436	-0.00366469
0.156795	-0.00459509
0.188155	-0.00553918
0.219514	-0.0065038
0.250873	-0.00749786
0.282232	-0.00853256
0.313591	-0.00962152
0.34495	-0.0107808
0.376309	-0.0120289
0.407668	-0.0133864
0.439027	-0.0148758
0.470386	-0.0165211
0.501746	-0.0183469
0.533105	-0.0203776
0.564464	-0.0226367
0.595823	-0.0251455
0.627182	-0.0279217
0.658541	-0.0309784
0.6899	-0.0343226
0.721259	-0.0379539
0.752618	-0.0418631
0.783977	-0.0460314
0.815336	-0.0504298
0.846696	-0.055018
0.878055	-0.0597451
0.909414	-0.0645493
0.940773	-0.0693595
0.972132	-0.074096
1.00349	-0.0786728
1.03485	-0.083
1.06621	-0.0869859
1.09757	-0.0905405
1.12893	-0.0935784
1.16029	-0.0960218
1.19165	-0.0978034
1.223	-0.0988693
1.25436	-0.0991809
1.28572	-0.0987166
1.31708	-0.0974731
1.34844	-0.0954653
1.3798	-0.0927262
1.41116	-0.0893055
1.44252	-0.0852684
1.47388	-0.0806924
1.50524	-0.0756655
1.5366	-0.0702826
1.56795	-0.0646423
1.59931	-0.0588442
1.63067	-0.0529853
1.66203	-0.0471576
1.69339	-0.0414459
1.72475	-0.0359254
1.75611	-0.0306607
1.78747	-0.0257048
1.81883	-0.0210989
1.85019	-0.0168723
1.88155	-0.0130429
1.9129	-0.00961849
1.94426	-0.00659729
1.97562	-0.00396967
2.00698	-0.00173147
2.03834	0.000179369
2.0697	0.00184942
2.10106	0.00327393
2.13242	0.00445089
2.16378	0.00538052
2.19514	0.00606471
2.2265	0.00650642
2.25785	0.00670908
2.28921	0.00667608
2.32057	0.0064102
2.35193	0.00591332
2.38329	0.00518614
2.41465	0.00422824
2.44601	0.00303833
2.47737	0.00161508
2.50873	-4.14079e-05
