0	0
0.0313591	-9.24561e-08
0.0627182	-1.97468e-07
0.0940773	-3.28891e-07
0.125436	-5.03232e-07
0.156795	-7.41207e-07
0.188155	-1.06953e-06
0.219514	-1.52305e-06
0.250873	-2.14729e-06
0.282232	-3.00158e-06
0.313591	-4.16269e-06
0.34495	-5.72921e-06
0.376309	-7.82667e-06
0.407668	-1.06134e-05
0.439027	-1.42872e-05
0.470386	-1.90927e-05
0.501746	-2.53297e-05
0.533105	-3.33616e-05
0.564464	-4.36245e-05
0.595823	-5.66361e-05
0.627182	-7.30043e-05
0.658541	-9.34349e-05
0.6899	-0.000118738
0.721259	-0.000149833
0.752618	-0.000187748
0.783977	-0.000233623
0.815336	-0.000288698
0.846696	-0.00035431
0.878055	-0.000431872
0.909414	-0.000522856
0.940773	-0.00062877
0.972132	-0.000751125
1.00349	-0.000891403
1.03485	-0.00105102
1.06621	-0.0012313
1.09757	-0.0014334
1.12893	-0.00165835
1.16029	-0.00190693
1.19165	-0.00217975
1.223	-0.00247716
1.25436	-0.00279931
1.28572	-0.00314618
1.31708	-0.0035176
1.34844	-0.00391335
1.3798	-0.00433324
1.41116	-0.0047773
1.44252	-0.00524584
1.47388	-0.00573974
1.50524	-0.00626056
1.5366	-0.00681087
1.56795	-0.0073944
1.59931	-0.00801634
1.63067	-0.00868355
1.66203	-0.0094048
1.69339	-0.0101909
1.72475	-0.0110549
1.75611	-0.0120121
1.78747	-0.0130799
1.81883	-0.0142778
1.85019	-0.0156269
1.88155	-0.0171499
1.9129	-0.0188697
1.94426	-0.0208094
1.97562	-0.022991
2.00698	-0.0253397
2.03834	-0.0275342
2.0697	-0.029846
2.10106	-0.0322849
2.13242	-0.0348705
2.16378	-0.0376344
2.19514	-0.0406225
2.2265	-0.043896
2.25785	-0.0475321
2.28921	-0.0516214
2.32057	-0.0562636
2.35193	-0.0615604
2.38329	-0.0676046
2.41465	-0.0744654
2.44601	-0.0821713
2.47737	-0.0906889
2.50873	-0.0999017
