0	0
0.0313591	-0.00202496
0.0627182	-0.00408685
0.0940773	-0.00622214
0.125436	-0.00846633
0.156795	-0.0108534
0.188155	-0.013415
0.219514	-0.0161801
0.250873	-0.0191736
0.282232	-0.0224156
0.313591	-0.0259203
0.34495	-0.0296952
0.376309	-0.0337394
0.407668	-0.0380431
0.439027	-0.0425868
0.470386	-0.0473402
0.501746	-0.0522623
0.533105	-0.0573013
0.564464	-0.0623949
0.595823	-0.0674716
0.627182	-0.0724519
0.658541	-0.0772501
0.6899	-0.0817765
0.721259	-0.0859406
0.752618	-0.0896533
0.783977	-0.0928303
0.815336	-0.0953952
0.846696	-0.0972821
0.878055	-0.0984385
0.909414	-0.0988273
0.940773	-0.0984285
0.972132	-0.0972399
1.00349	-0.0952778
1.03485	-0.0925765
1.06621	-0.0891869
1.09757	-0.085175
1.12893	-0.0806195
1.16029	-0.0756089
1.19165	-0.070239
1.223	-0.064609
1.25436	-0.0588189
1.28572	-0.0529662
1.31708	-0.0471434
1.34844	-0.0414353
1.3798	-0.0359175
1.41116	-0.0306549
1.44252	-0.0257006
1.47388	-0.0210959
1.50524	-0.0168701
1.5366	-0.0130414
1.56795	-0.00961741
1.59931	-0.00659653
1.63067	-0.00396914
1.66203	-0.00171902
1.69339	0.000175239
1.72475	0.00173883
1.75611	0.00299951
1.78747	0.00398641
1.81883	0.00472911
1.85019	0.00525679
1.88155	0.0055976
1.9129	0.00577821
1.94426	0.00582347
1.97562	0.0057562
2.00698	0.00563647
2.03834	0.00557817
2.0697	0.00545258
2.10106	0.00526775
2.13242	0.0050315
2.16378	0.00475125
2.19514	0.00443398
2.2265	0.00408607
2.25785	0.00371316
2.28921	0.0033199
2.32057	0.00290969
2.35193	0.00248429
2.38329	0.00204329
2.41465	0.00158351
2.44601	0.00109816
2.47737	0.000575881
2.50873	-5.46917e-07
