0	0
0.0313591	-0.00199262
0.0627182	-0.00399559
0.0940773	-0.00601971
0.125436	-0.00807658
0.156795	-0.010179
0.188155	-0.012341
0.219514	-0.0145781
0.250873	-0.0169073
0.282232	-0.0193465
0.313591	-0.021914
0.34495	-0.0246282
0.376309	-0.0275066
0.407668	-0.0305643
0.439027	-0.0338136
0.470386	-0.037262
0.501746	-0.0409114
0.533105	-0.0447566
0.564464	-0.0487844
0.595823	-0.0529721
0.627182	-0.0572876
0.658541	-0.0616884
0.6899	-0.0661222
0.721259	-0.0705271
0.752618	-0.0748328
0.783977	-0.0789622
0.815336	-0.0828333
0.846696	-0.0863616
0.878055	-0.0894628
0.909414	-0.092056
0.940773	-0.0940663
0.972132	-0.095428
1.00349	-0.0960873
1.03485	-0.0960046
1.06621	-0.0951566
1.09757	-0.0935373
1.12893	-0.0911588
1.16029	-0.0880511
1.19165	-0.0842616
1.223	-0.0798533
1.25436	-0.0749028
1.28572	-0.0694979
1.31708	-0.0637343
1.34844	-0.057713
1.3798	-0.0515364
1.41116	-0.0453058
1.44252	-0.039118
1.47388	-0.0330631
1.50524	-0.027222
1.5366	-0.0216651
1.56795	-0.0164509
1.59931	-0.0116256
1.63067	-0.00722297
1.66203	-0.00326469
1.69339	0.000238816
1.72475	0.00328737
1.75611	0.00588974
1.78747	0.0080622
1.81883	0.0098271
1.85019	0.0112114
1.88155	0.0122452
1.9129	0.0129606
1.94426	0.0133907
1.97562	0.0135685
2.00698	0.0136212
2.03834	0.0138229
2.0697	0.0138589
2.10106	0.0137377
2.13242	0.0134679
2.16378	0.0130576
2.19514	0.0125144
2.2265	0.0118449
2.25785	0.0110542
2.28921	0.0101454
2.32057	0.00911928
2.35193	0.00797322
2.38329	0.0067006
2.41465	0.0052896
2.44601	0.00372185
2.47737	0.00197085
2.50873	7.45287e-13
