0	0
0.0313591	-2.86229e-17
0.0627182	3.29597e-17
0.0940773	-3.29597e-17
0.125436	4.16334e-17
0.156795	-5.55112e-17
0.188155	4.85723e-17
0.219514	-1.38778e-17
0.250873	-6.93889e-18
0.282232	4.16334e-17
0.313591	3.46945e-17
0.34495	-4.16334e-17
0.376309	6.93889e-17
0.407668	-1.38778e-17
0.439027	5.55112e-17
0.470386	-8.32667e-17
0.501746	8.32667e-17
0.533105	-8.32667e-17
0.564464	5.55112e-17
0.595823	-2.77556e-17
0.627182	2.77556e-17
0.658541	-1.38778e-17
0.6899	5.55112e-17
0.721259	-2.77556e-17
0.752618	5.55112e-17
0.783977	-2.77556e-17
0.815336	2.77556e-17
0.846696	0
0.878055	4.16334e-17
0.909414	-1.38778e-17
0.940773	1.38778e-17
0.972132	2.77556e-17
1.00349	2.77556e-17
1.03485	-2.77556e-17
1.06621	2.77556e-17
1.09757	2.77556e-17
1.12893	-2.08167e-17
1.16029	4.16334e-17
1.19165	-2.08167e-17
1.223	-1.38778e-17
1.25436	-1.73472e-17
1.28572	-1.38778e-17
1.31708	-3.57122e-11
1.34844	-1.63658e-10
1.3798	-3.46165e-10
1.41116	-5.9238e-10
1.44252	-9.58781e-10
1.47388	-1.51391e-09
1.50524	-2.39125e-09
1.5366	-3.75622e-09
1.56795	-5.88779e-09
1.59931	-9.17611e-09
1.63067	-1.42116e-08
1.66203	-2.18644e-08
1.69339	-3.33884e-08
1.72475	-5.06187e-08
1.75611	-7.61668e-08
1.78747	-1.13753e-07
1.81883	-1.68623e-07
1.85019	-2.48087e-07
1.88155	-3.6228e-07
1.9129	-5.25096e-07
1.94426	-7.55419e-07
1.97562	-1.07871e-06
2.00698	-7.36424e-07
2.03834	1.11808e-06
2.0697	1.68908e-06
2.10106	1.58916e-06
2.13242	1.20053e-06
2.16378	7.45085e-07
2.19514	3.37871e-07
2.2265	2.63932e-08
2.25785	-1.8135e-07
2.28921	-2.97973e-07
2.32057	-3.44491e-07
2.35193	-3.43217e-07
2.38329	-3.14136e-07
2.41465	-2.73786e-07
2.44601	-2.35933e-07
2.47737	-2.13873e-07
2.50873	-2.24822e-07
