0	0
0.0313591	-1.10424e-05
0.0627182	-2.27479e-05
0.0940773	-3.57973e-05
0.125436	-5.0906e-05
0.156795	-6.88401e-05
0.188155	-9.04309e-05
0.219514	-0.000116587
0.250873	-0.000148304
0.282232	-0.00018667
0.313591	-0.000232868
0.34495	-0.000288173
0.376309	-0.000353948
0.407668	-0.000431623
0.439027	-0.000522687
0.470386	-0.000628656
0.501746	-0.000751049
0.533105	-0.000891352
0.564464	-0.00105099
0.595823	-0.00123128
0.627182	-0.00143339
0.658541	-0.00165834
0.6899	-0.00190693
0.721259	-0.00217974
0.752618	-0.00247715
0.783977	-0.00279931
0.815336	-0.00314618
0.846696	-0.0035176
0.878055	-0.00391335
0.909414	-0.00433324
0.940773	-0.0047773
0.972132	-0.00524584
1.00349	-0.00573974
1.03485	-0.00626056
1.06621	-0.00681087
1.09757	-0.0073944
1.12893	-0.00801634
1.16029	-0.00868355
1.19165	-0.0094048
1.223	-0.0101909
1.25436	-0.0110549
1.28572	-0.0120121
1.31708	-0.0130799
1.34844	-0.0142778
1.3798	-0.0156269
1.41116	-0.0171499
1.44252	-0.0188697
1.47388	-0.0208094
1.50524	-0.022991
1.5366	-0.0254342
1.56795	-0.0281553
1.59931	-0.0311662
1.63067	-0.0344725
1.66203	-0.0380726
1.69339	-0.0419565
1.72475	-0.0461044
1.75611	-0.0504864
1.78747	-0.0550616
1.81883	-0.0597784
1.85019	-0.0645746
1.88155	-0.0693786
1.9129	-0.0741103
1.94426	-0.0786835
1.97562	-0.0830078
2.00698	-0.0875852
2.03834	-0.0940206
2.0697	-0.100249
2.10106	-0.106109
2.13242	-0.111417
2.16378	-0.115966
2.19514	-0.119528
2.2265	-0.121855
2.25785	-0.122682
2.28921	-0.121736
2.32057	-0.118735
2.35193	-0.113403
2.38329	-0.105475
2.41465	-0.0947129
2.44601	-0.0809163
2.47737	-0.0639443
2.50873	-0.0437345
