0	0
0.0313591	-3.51971e-18
0.0627182	9.23478e-19
0.0940773	-8.97876e-18
0.125436	1.13588e-17
0.156795	-1.58058e-17
0.188155	-3.57122e-11
0.219514	-1.63658e-10
0.250873	-3.46165e-10
0.282232	-5.9238e-10
0.313591	-9.58781e-10
0.34495	-1.51391e-09
0.376309	-2.39125e-09
0.407668	-3.75622e-09
0.439027	-5.88779e-09
0.470386	-9.17611e-09
0.501746	-1.42116e-08
0.533105	-2.18644e-08
0.564464	-3.33884e-08
0.595823	-5.06187e-08
0.627182	-7.61668e-08
0.658541	-1.13753e-07
0.6899	-1.68623e-07
0.721259	-2.48087e-07
0.752618	-3.6228e-07
0.783977	-5.25096e-07
0.815336	-7.55419e-07
0.846696	-1.07871e-06
0.878055	-1.52893e-06
0.909414	-2.15105e-06
0.940773	-3.00397e-06
0.972132	-4.16421e-06
1.00349	-5.73017e-06
1.03485	-7.82726e-06
1.06621	-1.06137e-05
1.09757	-1.42873e-05
1.12893	-1.90927e-05
1.16029	-2.53297e-05
1.19165	-3.33616e-05
1.223	-4.36245e-05
1.25436	-5.66361e-05
1.28572	-7.30043e-05
1.31708	-9.34349e-05
1.34844	-0.000118738
1.3798	-0.000149833
1.41116	-0.000187748
1.44252	-0.000233623
1.47388	-0.000288698
1.50524	-0.00035431
1.5366	-0.000431872
1.56795	-0.000522856
1.59931	-0.00062877
1.63067	-0.000751125
1.66203	-0.000891403
1.69339	-0.00105102
1.72475	-0.0012313
1.75611	-0.0014334
1.78747	-0.00165835
1.81883	-0.00190693
1.85019	-0.00217975
1.88155	-0.00247716
1.9129	-0.00279931
1.94426	-0.00314618
1.97562	-0.0035176
2.00698	-0.00331663
2.03834	-0.00113357
2.0697	0.000841433
2.10106	0.00253999
2.13242	0.00390428
2.16378	0.00488876
2.19514	0.00546081
2.2265	0.00559992
2.25785	0.0052954
2.28921	0.00454227
2.32057	0.0033354
2.35193	0.00166148
2.38329	-0.000511066
2.41465	-0.00324455
2.44601	-0.00664704
2.47737	-0.0108902
2.50873	-0.0162303
