0	0
0.0313591	4.79538e-05
0.0627182	9.40243e-05
0.0940773	0.000136315
0.125436	0.000172905
0.156795	0.000201838
0.188155	0.000221122
0.219514	0.000228724
0.250873	0.000222585
0.282232	0.000200624
0.313591	0.00016077
0.34495	0.000100981
0.376309	1.92904e-05
0.407668	-8.61559e-05
0.439027	-0.000217047
0.470386	-0.000374849
0.501746	-0.00056075
0.533105	-0.000775592
0.564464	-0.0010198
0.595823	-0.00129334
0.627182	-0.0015956
0.658541	-0.00192538
0.6899	-0.00228077
0.721259	-0.0026591
0.752618	-0.00305689
0.783977	-0.0034697
0.815336	-0.0038921
0.846696	-0.00431754
0.878055	-0.00473828
0.909414	-0.00514524
0.940773	-0.00552787
0.972132	-0.00587408
1.00349	-0.00617006
1.03485	-0.0064002
1.06621	-0.00654702
1.09757	-0.00659107
1.12893	-0.00651102
1.16029	-0.00628372
1.19165	-0.00588439
1.223	-0.00528694
1.25436	-0.00446445
1.28572	-0.00338975
1.31708	-0.0020362
1.34844	-0.000378663
1.3798	0.00160549
1.41116	0.0039351
1.44252	0.00662397
1.47388	0.00967951
1.50524	0.0131014
1.5366	0.0168805
1.56795	0.0209974
1.59931	0.0254223
1.63067	0.0301138
1.66203	0.0350192
1.69339	0.040075
1.72475	0.0452073
1.75611	0.0503334
1.78747	0.0553637
1.81883	0.0602036
1.85019	0.0647562
1.88155	0.0689254
1.9129	0.0726183
1.94426	0.0757486
1.97562	0.078239
2.00698	0.0805864
2.03834	0.0842766
2.0697	0.0873272
2.10106	0.0896158
2.13242	0.0910207
2.16378	0.0914227
2.19514	0.0907072
2.2265	0.0887659
2.25785	0.0854967
2.28921	0.080804
2.32057	0.0745966
2.35193	0.0667845
2.38329	0.0572749
2.41465	0.0459669
2.44601	0.0327452
2.47737	0.0174752
2.50873	7.45287e-13
