0	0
0.0313591	-1.96668e-05
0.0627182	-3.93568e-05
0.0940773	-5.91035e-05
0.125436	-7.89612e-05
0.156795	-9.90165e-05
0.188155	-0.000119401
0.219514	-0.000140305
0.250873	-0.000161993
0.282232	-0.000184824
0.313591	-0.000209267
0.34495	-0.000235927
0.376309	-0.000265566
0.407668	-0.000299131
0.439027	-0.000337778
0.470386	-0.000382899
0.501746	-0.000436149
0.533105	-0.000499469
0.564464	-0.000575104
0.595823	-0.000665619
0.627182	-0.000773907
0.658541	-0.000903185
0.6899	-0.00105698
0.721259	-0.00123911
0.752618	-0.00145362
0.783977	-0.00170477
0.815336	-0.00199691
0.846696	-0.00233443
0.878055	-0.00272166
0.909414	-0.00316272
0.940773	-0.00366144
0.972132	-0.00422119
1.00349	-0.0048448
1.03485	-0.00553439
1.06621	-0.0062913
1.09757	-0.00711594
1.12893	-0.0080078
1.16029	-0.00896532
1.19165	-0.00998593
1.223	-0.0110661
1.25436	-0.0122012
1.28572	-0.013386
1.31708	-0.0146144
1.34844	-0.0158798
1.3798	-0.017175
1.41116	-0.0184929
1.44252	-0.0198262
1.47388	-0.0211676
1.50524	-0.0225103
1.5366	-0.0238477
1.56795	-0.0251738
1.59931	-0.0264829
1.63067	-0.0277695
1.66203	-0.0290285
1.69339	-0.0302548
1.72475	-0.0314427
1.75611	-0.0325863
1.78747	-0.0336783
1.81883	-0.0347102
1.85019	-0.0356719
1.88155	-0.0365509
1.9129	-0.0373326
1.94426	-0.0379997
1.97562	-0.0385325
2.00698	-0.0391826
2.03834	-0.0406626
2.0697	-0.0420118
2.10106	-0.0431765
2.13242	-0.0440923
2.16378	-0.0446839
2.19514	-0.0448641
2.2265	-0.0445347
2.25785	-0.0435871
2.28921	-0.0419044
2.32057	-0.0393647
2.35193	-0.0358449
2.38329	-0.031227
2.41465	-0.0254046
2.44601	-0.0182912
2.47737	-0.00982947
2.50873	7.45287e-13
