0	0
0.0313591	-5.09575e-18
0.0627182	1.69136e-17
0.0940773	-9.1073e-18
0.125436	5.20417e-18
0.156795	5.20417e-18
0.188155	-6.93889e-18
0.219514	6.93889e-18
0.250873	-5.20417e-18
0.282232	8.67362e-18
0.313591	1.73472e-18
0.34495	-3.46945e-18
0.376309	2.08167e-17
0.407668	-1.04083e-17
0.439027	4.51028e-17
0.470386	-5.55112e-17
0.501746	6.245e-17
0.533105	-1.38778e-17
0.564464	2.08167e-17
0.595823	4.85723e-17
0.627182	3.46945e-17
0.658541	-2.08167e-17
0.6899	8.32667e-17
0.721259	0
0.752618	6.93889e-17
0.783977	-5.55112e-17
0.815336	8.32667e-17
0.846696	-4.16334e-17
0.878055	5.55112e-17
0.909414	-1.38778e-17
0.940773	2.77556e-17
0.972132	-1.38778e-17
1.00349	-3.57121e-11
1.03485	-1.63658e-10
1.06621	-3.46165e-10
1.09757	-5.9238e-10
1.12893	-9.58781e-10
1.16029	-1.51391e-09
1.19165	-2.39125e-09
1.223	-3.75622e-09
1.25436	-5.88779e-09
1.28572	-9.17611e-09
1.31708	-1.42116e-08
1.34844	-2.18644e-08
1.3798	-3.33884e-08
1.41116	-5.06187e-08
1.44252	-7.61668e-08
1.47388	-1.13753e-07
1.50524	-1.68623e-07
1.5366	-2.48087e-07
1.56795	-3.6228e-07
1.59931	-5.25096e-07
1.63067	-7.55419e-07
1.66203	-1.07871e-06
1.69339	-1.52893e-06
1.72475	-2.15105e-06
1.75611	-3.00397e-06
1.78747	-4.16421e-06
1.81883	-5.73017e-06
1.85019	-7.82726e-06
1.88155	-1.06137e-05
1.9129	-1.42873e-05
1.94426	-1.90927e-05
1.97562	-2.53297e-05
2.00698	-1.94077e-05
2.03834	1.79604e-05
2.0697	3.51602e-05
2.10106	3.92752e-05
2.13242	3.56387e-05
2.16378	2.80936e-05
2.19514	1.92579e-05
2.2265	1.07808e-05
2.25785	3.57709e-06
2.28921	-1.96973e-06
2.32057	-5.83843e-06
2.35193	-8.23933e-06
2.38329	-9.52244e-06
2.41465	-1.01269e-05
2.44601	-1.05774e-05
2.47737	-1.1542e-05
2.50873	-1.39825e-05
