0	0
0.0313591	-0.000936533
0.0627182	-0.00187497
0.0940773	-0.00281709
0.125436	-0.00376448
0.156795	-0.00471844
0.188155	-0.00567993
0.219514	-0.00664953
0.250873	-0.00762755
0.282232	-0.00861399
0.313591	-0.00960875
0.34495	-0.0106117
0.376309	-0.0116231
0.407668	-0.0126436
0.439027	-0.0136745
0.470386	-0.0147183
0.501746	-0.0157788
0.533105	-0.0168615
0.564464	-0.0179737
0.595823	-0.0191247
0.627182	-0.0203262
0.658541	-0.0215921
0.6899	-0.0229384
0.721259	-0.0243831
0.752618	-0.025946
0.783977	-0.0276477
0.815336	-0.0295095
0.846696	-0.0315523
0.878055	-0.0337953
0.909414	-0.0362555
0.940773	-0.038946
0.972132	-0.0418747
1.00349	-0.0450435
1.03485	-0.0484464
1.06621	-0.0520689
1.09757	-0.055887
1.12893	-0.0598664
1.16029	-0.0639625
1.19165	-0.0681205
1.223	-0.0722762
1.25436	-0.0763567
1.28572	-0.0802826
1.31708	-0.0839693
1.34844	-0.0873304
1.3798	-0.0902796
1.41116	-0.0927343
1.44252	-0.094618
1.47388	-0.0958641
1.50524	-0.0964179
1.5366	-0.0962392
1.56795	-0.0953045
1.59931	-0.0936079
1.63067	-0.0911618
1.66203	-0.087997
1.69339	-0.0841616
1.72475	-0.0797198
1.75611	-0.0747496
1.78747	-0.0693401
1.81883	-0.063589
1.85019	-0.0575987
1.88155	-0.0514736
1.9129	-0.0453168
1.94426	-0.0392268
1.97562	-0.0332952
2.00698	-0.0277985
2.03834	-0.0231143
2.0697	-0.0185297
2.10106	-0.0141245
2.13242	-0.00997746
2.16378	-0.00616436
2.19514	-0.00275621
2.2265	0.000182263
2.25785	0.00259419
2.28921	0.00443199
2.32057	0.00565876
2.35193	0.00624984
2.38329	0.00619473
2.41465	0.00549986
2.44601	0.00419274
2.47737	0.00232848
2.50873	7.45287e-13
