0	0
0.0313591	-1.34334e-07
0.0627182	-2.86113e-07
0.0940773	-4.74477e-07
0.125436	-7.2203e-07
0.156795	-1.05684e-06
0.188155	-1.51472e-06
0.219514	-2.14187e-06
0.250873	-2.99808e-06
0.282232	-4.16045e-06
0.313591	-5.72778e-06
0.34495	-7.82575e-06
0.376309	-1.06128e-05
0.407668	-1.42867e-05
0.439027	-1.90924e-05
0.470386	-2.53295e-05
0.501746	-3.33616e-05
0.533105	-4.36245e-05
0.564464	-5.66361e-05
0.595823	-7.30043e-05
0.627182	-9.34349e-05
0.658541	-0.000118738
0.6899	-0.000149833
0.721259	-0.000187748
0.752618	-0.000233623
0.783977	-0.000288698
0.815336	-0.00035431
0.846696	-0.000431872
0.878055	-0.000522856
0.909414	-0.00062877
0.940773	-0.000751125
0.972132	-0.000891403
1.00349	-0.00105102
1.03485	-0.0012313
1.06621	-0.0014334
1.09757	-0.00165835
1.12893	-0.00190693
1.16029	-0.00217975
1.19165	-0.00247716
1.223	-0.00279931
1.25436	-0.00314618
1.28572	-0.0035176
1.31708	-0.00391335
1.34844	-0.00433324
1.3798	-0.0047773
1.41116	-0.00524584
1.44252	-0.00573974
1.47388	-0.00626056
1.50524	-0.00681087
1.5366	-0.0073944
1.56795	-0.00801634
1.59931	-0.00868355
1.63067	-0.0094048
1.66203	-0.0101909
1.69339	-0.0110549
1.72475	-0.0120121
1.75611	-0.0130799
1.78747	-0.0142778
1.81883	-0.0156269
1.85019	-0.0171499
1.88155	-0.0188697
1.9129	-0.0208094
1.94426	-0.022991
1.97562	-0.0254342
2.00698	-0.0281123
2.03834	-0.030859
2.0697	-0.0337794
2.10106	-0.0368716
2.13242	-0.040137
2.16378	-0.0435818
2.19514	-0.0472185
2.2265	-0.0510671
2.25785	-0.0551553
2.28921	-0.0595178
2.32057	-0.0641937
2.35193	-0.0692216
2.38329	-0.0746332
2.41465	-0.0804435
2.44601	-0.0866386
2.47737	-0.0931626
2.50873	-0.0999017
