0	0
0.0313591	-7.04731e-18
0.0627182	8.23994e-18
0.0940773	-1.53957e-17
0.125436	1.60462e-17
0.156795	-1.17094e-17
0.188155	-6.07153e-18
0.219514	8.67362e-19
0.250873	-1.21431e-17
0.282232	0
0.313591	-1.38778e-17
0.34495	1.21431e-17
0.376309	-1.38778e-17
0.407668	-1.73472e-17
0.439027	6.93889e-18
0.470386	-3.46945e-17
0.501746	2.42861e-17
0.533105	-5.20417e-17
0.564464	3.46945e-17
0.595823	-1.38778e-17
0.627182	0
0.658541	2.77556e-17
0.6899	1.38778e-17
0.721259	-4.16334e-17
0.752618	5.55112e-17
0.783977	-4.16334e-17
0.815336	5.55112e-17
0.846696	-9.71445e-17
0.878055	6.93889e-17
0.909414	-6.93889e-17
0.940773	-3.57122e-11
0.972132	-1.63658e-10
1.00349	-3.46165e-10
1.03485	-5.9238e-10
1.06621	-9.58781e-10
1.09757	-1.51391e-09
1.12893	-2.39125e-09
1.16029	-3.75622e-09
1.19165	-5.88779e-09
1.223	-9.17611e-09
1.25436	-1.42116e-08
1.28572	-2.18644e-08
1.31708	-3.33884e-08
1.34844	-5.06187e-08
1.3798	-7.61668e-08
1.41116	-1.13753e-07
1.44252	-1.68623e-07
1.47388	-2.48087e-07
1.50524	-3.6228e-07
1.5366	-5.25096e-07
1.56795	-7.55419e-07
1.59931	-1.07871e-06
1.63067	-1.52893e-06
1.66203	-2.15105e-06
1.69339	-3.00397e-06
1.72475	-4.16421e-06
1.75611	-5.73017e-06
1.78747	-7.82726e-06
1.81883	-1.06137e-05
1.85019	-1.42873e-05
1.88155	-1.90927e-05
1.9129	-2.53297e-05
1.94426	-3.33616e-05
1.97562	-4.36245e-05
2.00698	-3.41071e-05
2.03834	2.78347e-05
2.0697	5.83054e-05
2.10106	6.74945e-05
2.13242	6.33853e-05
2.16378	5.19809e-05
2.19514	3.75738e-05
2.2265	2.30347e-05
2.25785	1.00984e-05
2.28921	-3.687e-07
2.32057	-8.13488e-06
2.35193	-1.3411e-05
2.38329	-1.67107e-05
2.41465	-1.8772e-05
2.44601	-2.05556e-05
2.47737	-2.33531e-05
2.50873	-2.90625e-05
