0	0
0.0313591	-5.53612e-07
0.0627182	-1.16665e-06
0.0940773	-1.90296e-06
0.125436	-2.83535e-06
0.156795	-4.05045e-06
0.188155	-5.654e-06
0.219514	-7.77665e-06
0.250873	-1.05803e-05
0.282232	-1.42655e-05
0.313591	-1.90785e-05
0.34495	-2.53205e-05
0.376309	-3.33557e-05
0.407668	-4.36208e-05
0.439027	-5.66338e-05
0.470386	-7.30028e-05
0.501746	-9.34339e-05
0.533105	-0.000118737
0.564464	-0.000149832
0.595823	-0.000187748
0.627182	-0.000233623
0.658541	-0.000288698
0.6899	-0.00035431
0.721259	-0.000431872
0.752618	-0.000522856
0.783977	-0.00062877
0.815336	-0.000751125
0.846696	-0.000891403
0.878055	-0.00105102
0.909414	-0.0012313
0.940773	-0.0014334
0.972132	-0.00165835
1.00349	-0.00190693
1.03485	-0.00217975
1.06621	-0.00247716
1.09757	-0.00279931
1.12893	-0.00314618
1.16029	-0.0035176
1.19165	-0.00391335
1.223	-0.00433324
1.25436	-0.0047773
1.28572	-0.00524584
1.31708	-0.00573974
1.34844	-0.00626056
1.3798	-0.00681087
1.41116	-0.0073944
1.44252	-0.00801634
1.47388	-0.00868355
1.50524	-0.0094048
1.5366	-0.0101909
1.56795	-0.0110549
1.59931	-0.0120121
1.63067	-0.0130799
1.66203	-0.0142778
1.69339	-0.0156269
1.72475	-0.0171499
1.75611	-0.0188697
1.78747	-0.0208094
1.81883	-0.022991
1.85019	-0.0254342
1.88155	-0.0281553
1.9129	-0.0311662
1.94426	-0.0344725
1.97562	-0.0380726
2.00698	-0.0421169
2.03834	-0.0470486
2.0697	-0.0523132
2.10106	-0.0578562
2.13242	-0.0636013
2.16378	-0.0694481
2.19514	-0.0752716
2.2265	-0.0809216
2.25785	-0.086225
2.28921	-0.0909885
2.32057	-0.0950044
2.35193	-0.098058
2.38329	-0.0999377
2.41465	-0.100448
2.44601	-0.0994218
2.47737	-0.0967398
2.50873	-0.0923435
