0	0
0.0313591	0.00172967
0.0627182	0.00351809
0.0940773	0.00542259
0.125436	0.00749758
0.156795	0.00979313
0.188155	0.0123535
0.219514	0.0152156
0.250873	0.0184077
0.282232	0.0219481
0.313591	0.0258436
0.34495	0.0300891
0.376309	0.0346662
0.407668	0.0395434
0.439027	0.0446756
0.470386	0.050005
0.501746	0.055462
0.533105	0.0609664
0.564464	0.0664298
0.595823	0.0717578
0.627182	0.0768529
0.658541	0.0816176
0.6899	0.0859577
0.721259	0.0897854
0.752618	0.0930224
0.783977	0.095603
0.815336	0.0974762
0.846696	0.0986077
0.878055	0.098981
0.909414	0.0985975
0.940773	0.0974772
0.972132	0.0956567
1.00349	0.0931881
1.03485	0.0901371
1.06621	0.0865796
1.09757	0.0825997
1.12893	0.078286
1.16029	0.0737288
1.19165	0.0690172
1.223	0.0642363
1.25436	0.059465
1.28572	0.0547742
1.31708	0.0502253
1.34844	0.0458693
1.3798	0.0417464
1.41116	0.0378861
1.44252	0.0343079
1.47388	0.0310215
1.50524	0.0280282
1.5366	0.0253221
1.56795	0.0228913
1.59931	0.0207193
1.63067	0.0187863
1.66203	0.0170703
1.69339	0.0155481
1.72475	0.0141967
1.75611	0.0129936
1.78747	0.0119175
1.81883	0.0109489
1.85019	0.0100705
1.88155	0.00926686
1.9129	0.00852496
1.94426	0.00783392
1.97562	0.00718488
2.00698	0.00661706
2.03834	0.00622538
2.0697	0.005836
2.10106	0.00544681
2.13242	0.00505642
2.16378	0.00466408
2.19514	0.00426956
2.2265	0.00387298
2.25785	0.00347461
2.28921	0.00307454
2.32057	0.00267239
2.35193	0.00226685
2.38329	0.00185516
2.41465	0.00143245
2.44601	0.000990977
2.47737	0.000519093
2.50873	7.45287e-13
