0	0
0.0313591	-0.000770643
0.0627182	-0.0015289
0.0940773	-0.00226215
0.125436	-0.00295732
0.156795	-0.00360065
0.188155	-0.00417746
0.219514	-0.00467193
0.250873	-0.00506692
0.282232	-0.00534377
0.313591	-0.00548219
0.34495	-0.00546015
0.376309	-0.00525399
0.407668	-0.00483846
0.439027	-0.00418702
0.470386	-0.00327225
0.501746	-0.00206642
0.533105	-0.000542262
0.564464	0.0013261
0.595823	0.00356207
0.627182	0.00618531
0.658541	0.00921041
0.6899	0.0126455
0.721259	0.0164908
0.752618	0.0207375
0.783977	0.0253664
0.815336	0.0303473
0.846696	0.035638
0.878055	0.0411848
0.909414	0.0469225
0.940773	0.0527751
0.972132	0.0586577
1.00349	0.0644778
1.03485	0.0701379
1.06621	0.0755384
1.09757	0.0805804
1.12893	0.0851687
1.16029	0.0892155
1.19165	0.0926429
1.223	0.0953859
1.25436	0.0973946
1.28572	0.0986361
1.31708	0.0990953
1.34844	0.0987758
1.3798	0.097699
1.41116	0.0959035
1.44252	0.0934435
1.47388	0.0903861
1.50524	0.0868092
1.5366	0.0827983
1.56795	0.0784434
1.59931	0.0738362
1.63067	0.0690666
1.66203	0.0642207
1.69339	0.0593779
1.72475	0.0546096
1.75611	0.0499771
1.78747	0.0455315
1.81883	0.0413125
1.85019	0.0373491
1.88155	0.0336596
1.9129	0.0302527
1.94426	0.0271283
1.97562	0.0242788
2.00698	0.0218429
2.03834	0.0201174
2.0697	0.0185218
2.10106	0.0170487
2.13242	0.015687
2.16378	0.0144214
2.19514	0.0132335
2.2265	0.0121018
2.25785	0.0110023
2.28921	0.00990925
2.32057	0.00879518
2.35193	0.00763156
2.38329	0.006389
2.41465	0.00503721
2.44601	0.00354475
2.47737	0.00187813
2.50873	7.45287e-13
