0	0
0.0313591	-6.55196e-05
0.0627182	-0.000134739
0.0940773	-0.00021129
0.125436	-0.000298672
0.156795	-0.000400182
0.188155	-0.000518849
0.219514	-0.000657367
0.250873	-0.000818032
0.282232	-0.00100267
0.313591	-0.00121258
0.34495	-0.00144846
0.376309	-0.00171036
0.407668	-0.00199758
0.439027	-0.00230865
0.470386	-0.00264124
0.501746	-0.00299206
0.533105	-0.00335682
0.564464	-0.0037301
0.595823	-0.00410529
0.627182	-0.00447445
0.658541	-0.00482816
0.6899	-0.00515546
0.721259	-0.00544364
0.752618	-0.00567817
0.783977	-0.00584252
0.815336	-0.00591809
0.846696	-0.00588419
0.878055	-0.00571799
0.909414	-0.00539469
0.940773	-0.00488764
0.972132	-0.00416875
1.00349	-0.00320891
1.03485	-0.00197867
1.06621	-0.00044907
1.09757	0.00140742
1.12893	0.00361571
1.16029	0.00619681
1.19165	0.00916645
1.223	0.0125336
1.25436	0.0162993
1.28572	0.0204549
1.31708	0.0249812
1.34844	0.0298478
1.3798	0.0350119
1.41116	0.0404189
1.44252	0.0460023
1.47388	0.0516847
1.50524	0.0573791
1.5366	0.0629913
1.56795	0.0684214
1.59931	0.0735675
1.63067	0.0783283
1.66203	0.0826063
1.69339	0.0863111
1.72475	0.0893629
1.75611	0.0916947
1.78747	0.093255
1.81883	0.0940098
1.85019	0.0939433
1.88155	0.0930588
1.9129	0.0913783
1.94426	0.0889413
1.97562	0.0858035
2.00698	0.0826107
2.03834	0.0808074
2.0697	0.0783646
2.10106	0.0753089
2.13242	0.0716788
2.16378	0.0675242
2.19514	0.0629034
2.2265	0.0578801
2.25785	0.0525192
2.28921	0.0468808
2.32057	0.0410143
2.35193	0.0349497
2.38329	0.0286883
2.41465	0.0221914
2.44601	0.0153667
2.47737	0.0080527
2.50873	7.45287e-13
