0	0
0.0313591	-9.80856e-05
0.0627182	-0.000197316
0.0940773	-0.000298872
0.125436	-0.000403997
0.156795	-0.000514035
0.188155	-0.000630453
0.219514	-0.000754861
0.250873	-0.000889034
0.282232	-0.00103492
0.313591	-0.00119462
0.34495	-0.00137043
0.376309	-0.00156476
0.407668	-0.00178015
0.439027	-0.00201921
0.470386	-0.00228455
0.501746	-0.00257879
0.533105	-0.0029044
0.564464	-0.00326371
0.595823	-0.00365876
0.627182	-0.00409131
0.658541	-0.00456269
0.6899	-0.00507383
0.721259	-0.00562513
0.752618	-0.00621653
0.783977	-0.00684745
0.815336	-0.00751686
0.846696	-0.00822335
0.878055	-0.00896523
0.909414	-0.0097407
0.940773	-0.010548
0.972132	-0.0113856
1.00349	-0.0122527
1.03485	-0.0131489
1.06621	-0.0140754
1.09757	-0.0150342
1.12893	-0.0160296
1.16029	-0.0170672
1.19165	-0.0181552
1.223	-0.0193039
1.25436	-0.020526
1.28572	-0.0218366
1.31708	-0.0232531
1.34844	-0.0247946
1.3798	-0.026482
1.41116	-0.0283369
1.44252	-0.0303812
1.47388	-0.032636
1.50524	-0.0351206
1.5366	-0.0378511
1.56795	-0.0408394
1.59931	-0.0440915
1.63067	-0.0476065
1.66203	-0.0513749
1.69339	-0.0553775
1.72475	-0.0595846
1.75611	-0.0639554
1.78747	-0.0684369
1.81883	-0.072965
1.85019	-0.0774641
1.88155	-0.0818487
1.9129	-0.0860244
1.94426	-0.0898901
1.97562	-0.0933404
2.00698	-0.0969449
2.03834	-0.102492
2.0697	-0.107598
2.10106	-0.112074
2.13242	-0.115712
2.16378	-0.118281
2.19514	-0.119531
2.2265	-0.119194
2.25785	-0.116992
2.28921	-0.112639
2.32057	-0.105846
2.35193	-0.0963341
2.38329	-0.0838387
2.41465	-0.0681235
2.44601	-0.0489925
2.47737	-0.0263061
2.50873	7.45287e-13
