0	0
0.0313591	-0.0005214
0.0627182	-0.00104375
0.0940773	-0.00156801
0.125436	-0.00209516
0.156795	-0.0026262
0.188155	-0.00316222
0.219514	-0.00370447
0.250873	-0.00425444
0.282232	-0.00481397
0.313591	-0.00538543
0.34495	-0.00597187
0.376309	-0.00657725
0.407668	-0.00720665
0.439027	-0.0078665
0.470386	-0.00856481
0.501746	-0.00931136
0.533105	-0.0101179
0.564464	-0.0109983
0.595823	-0.0119685
0.627182	-0.0130465
0.658541	-0.0142524
0.6899	-0.0156078
0.721259	-0.0171356
0.752618	-0.0188591
0.783977	-0.0208016
0.815336	-0.0229853
0.846696	-0.02543
0.878055	-0.0281523
0.909414	-0.031164
0.940773	-0.0344709
0.972132	-0.0380715
1.00349	-0.0419557
1.03485	-0.0461039
1.06621	-0.0504861
1.09757	-0.0550614
1.12893	-0.0597783
1.16029	-0.0645745
1.19165	-0.0693785
1.223	-0.0741102
1.25436	-0.0786834
1.28572	-0.0830078
1.31708	-0.0869916
1.34844	-0.0905447
1.3798	-0.0935814
1.41116	-0.0960239
1.44252	-0.097805
1.47388	-0.0988704
1.50524	-0.0991816
1.5366	-0.0987172
1.56795	-0.0974735
1.59931	-0.0954656
1.63067	-0.0927263
1.66203	-0.0893057
1.69339	-0.0852684
1.72475	-0.0806925
1.75611	-0.0756656
1.78747	-0.0702826
1.81883	-0.0646423
1.85019	-0.0588442
1.88155	-0.0529853
1.9129	-0.0471576
1.94426	-0.0414459
1.97562	-0.0359254
2.00698	-0.0308762
2.03834	-0.0267318
2.0697	-0.0226989
2.10106	-0.0188371
2.13242	-0.0152027
2.16378	-0.0118467
2.19514	-0.00881486
2.2265	-0.00614579
2.25785	-0.00387074
2.28921	-0.00201282
2.32057	-0.000586482
2.35193	0.000403142
2.38329	0.000961171
2.41465	0.00110461
2.44601	0.000865197
2.47737	0.00029416
2.50873	-0.000529761
