0	0
0.0313591	-0.00852993
0.0627182	-0.016989
0.0940773	-0.025306
0.125436	-0.0334085
0.156795	-0.0412233
0.188155	-0.0486761
0.219514	-0.0556925
0.250873	-0.0621984
0.282232	-0.0681219
0.313591	-0.0733948
0.34495	-0.0779545
0.376309	-0.0817462
0.407668	-0.0847251
0.439027	-0.0868583
0.470386	-0.0881267
0.501746	-0.0885262
0.533105	-0.0880687
0.564464	-0.086782
0.595823	-0.08471
0.627182	-0.0819113
0.658541	-0.0784576
0.6899	-0.0744319
0.721259	-0.0699258
0.752618	-0.0650368
0.783977	-0.059865
0.815336	-0.0545109
0.846696	-0.0490719
0.878055	-0.04364
0.909414	-0.0382997
0.940773	-0.0331261
0.972132	-0.0281835
1.00349	-0.023525
1.03485	-0.019192
1.06621	-0.0152139
1.09757	-0.0116095
1.12893	-0.00838719
1.16029	-0.00554627
1.19165	-0.00307826
1.223	-0.000968253
1.25436	0.000803761
1.28572	0.00226152
1.31708	0.00343126
1.34844	0.00434064
1.3798	0.00501776
1.41116	0.00549037
1.44252	0.00578533
1.47388	0.00592803
1.50524	0.0059422
1.5366	0.00584963
1.56795	0.00567011
1.59931	0.00542145
1.63067	0.00511946
1.66203	0.00477812
1.69339	0.00440966
1.72475	0.00402468
1.75611	0.0036323
1.78747	0.0032403
1.81883	0.0028552
1.85019	0.00248242
1.88155	0.00212635
1.9129	0.00179044
1.94426	0.00147733
1.97562	0.00118888
2.00698	0.00093277
2.03834	0.000717731
2.0697	0.000517721
2.10106	0.000334783
2.13242	0.000170744
2.16378	2.71974e-05
2.19514	-9.45065e-05
2.2265	-0.000193268
2.25785	-0.000268239
2.28921	-0.000318824
2.32057	-0.000344684
2.35193	-0.000345735
2.38329	-0.000322177
2.41465	-0.000274539
2.44601	-0.000203773
2.47737	-0.000111436
2.50873	-5.5946e-10
