0	0
0.0313591	-3.49655e-09
0.0627182	-7.66221e-09
0.0940773	-1.32528e-08
0.125436	-2.1272e-08
0.156795	-3.30423e-08
0.188155	-5.04551e-08
0.219514	-7.61311e-08
0.250873	-1.13753e-07
0.282232	-1.68623e-07
0.313591	-2.48087e-07
0.34495	-3.6228e-07
0.376309	-5.25096e-07
0.407668	-7.55419e-07
0.439027	-1.07871e-06
0.470386	-1.52893e-06
0.501746	-2.15105e-06
0.533105	-3.00397e-06
0.564464	-4.16421e-06
0.595823	-5.73017e-06
0.627182	-7.82726e-06
0.658541	-1.06137e-05
0.6899	-1.42873e-05
0.721259	-1.90927e-05
0.752618	-2.53297e-05
0.783977	-3.33616e-05
0.815336	-4.36245e-05
0.846696	-5.66361e-05
0.878055	-7.30043e-05
0.909414	-9.34349e-05
0.940773	-0.000118738
0.972132	-0.000149833
1.00349	-0.000187748
1.03485	-0.000233623
1.06621	-0.000288698
1.09757	-0.00035431
1.12893	-0.000431872
1.16029	-0.000522856
1.19165	-0.00062877
1.223	-0.000751125
1.25436	-0.000891403
1.28572	-0.00105102
1.31708	-0.0012313
1.34844	-0.0014334
1.3798	-0.00165835
1.41116	-0.00190693
1.44252	-0.00217975
1.47388	-0.00247716
1.50524	-0.00279931
1.5366	-0.00314618
1.56795	-0.0035176
1.59931	-0.00391335
1.63067	-0.00433324
1.66203	-0.0047773
1.69339	-0.00524584
1.72475	-0.00573974
1.75611	-0.00626056
1.78747	-0.00681087
1.81883	-0.0073944
1.85019	-0.00801634
1.88155	-0.00868355
1.9129	-0.0094048
1.94426	-0.0101909
1.97562	-0.0110549
2.00698	-0.011533
2.03834	-0.0102282
2.0697	-0.00872735
2.10106	-0.0071209
2.13242	-0.00553453
2.16378	-0.004131
2.19514	-0.0031108
2.2265	-0.00271093
2.25785	-0.00320151
2.28921	-0.00487996
2.32057	-0.00806247
2.35193	-0.0130726
2.38329	-0.0202266
2.41465	-0.0298159
2.44601	-0.0420854
2.47737	-0.057209
2.50873	-0.0752616
