0	0
0.0313591	4.80332e-18
0.0627182	-3.57122e-11
0.0940773	-1.63658e-10
0.125436	-3.46165e-10
0.156795	-5.9238e-10
0.188155	-9.58781e-10
0.219514	-1.51391e-09
0.250873	-2.39125e-09
0.282232	-3.75622e-09
0.313591	-5.88779e-09
0.34495	-9.17611e-09
0.376309	-1.42116e-08
0.407668	-2.18644e-08
0.439027	-3.33884e-08
0.470386	-5.06187e-08
0.501746	-7.61668e-08
0.533105	-1.13753e-07
0.564464	-1.68623e-07
0.595823	-2.48087e-07
0.627182	-3.6228e-07
0.658541	-5.25096e-07
0.6899	-7.55419e-07
0.721259	-1.07871e-06
0.752618	-1.52893e-06
0.783977	-2.15105e-06
0.815336	-3.00397e-06
0.846696	-4.16421e-06
0.878055	-5.73017e-06
0.909414	-7.82726e-06
0.940773	-1.06137e-05
0.972132	-1.42873e-05
1.00349	-1.90927e-05
1.03485	-2.53297e-05
1.06621	-3.33616e-05
1.09757	-4.36245e-05
1.12893	-5.66361e-05
1.16029	-7.30043e-05
1.19165	-9.34349e-05
1.223	-0.000118738
1.25436	-0.000149833
1.28572	-0.000187748
1.31708	-0.000233623
1.34844	-0.000288698
1.3798	-0.00035431
1.41116	-0.000431872
1.44252	-0.000522856
1.47388	-0.00062877
1.50524	-0.000751125
1.5366	-0.000891403
1.56795	-0.00105102
1.59931	-0.0012313
1.63067	-0.0014334
1.66203	-0.00165835
1.69339	-0.00190693
1.72475	-0.00217975
1.75611	-0.00247716
1.78747	-0.00279931
1.81883	-0.00314618
1.85019	-0.0035176
1.88155	-0.00391335
1.9129	-0.00433324
1.94426	-0.0047773
1.97562	-0.00524584
2.00698	-0.00508318
2.03834	-0.0026258
2.0697	-0.000225705
2.10106	0.00201194
2.13242	0.00397977
2.16378	0.0055716
2.19514	0.00668521
2.2265	0.00722414
2.25785	0.00709805
2.28921	0.00622128
2.32057	0.00450926
2.35193	0.00187237
2.38329	-0.00179274
2.41465	-0.00661451
2.44601	-0.0127601
2.47737	-0.0204511
2.50873	-0.0299795
