0	0
0.0313591	-6.07153e-18
0.0627182	2.08167e-17
0.0940773	-1.73472e-17
0.125436	2.77556e-17
0.156795	-1.38778e-17
0.188155	-6.93889e-18
0.219514	-1.73472e-17
0.250873	1.38778e-17
0.282232	-1.38778e-17
0.313591	-6.93889e-18
0.34495	2.77556e-17
0.376309	6.93889e-18
0.407668	2.77556e-17
0.439027	0
0.470386	1.38778e-17
0.501746	4.16334e-17
0.533105	-2.08167e-17
0.564464	2.08167e-17
0.595823	-1.38778e-17
0.627182	-1.38778e-17
0.658541	-6.93889e-18
0.6899	0
0.721259	0
0.752618	-3.46945e-18
0.783977	-5.20417e-18
0.815336	3.46945e-18
0.846696	-6.93889e-18
0.878055	-1.73472e-18
0.909414	0
0.940773	-1.04083e-17
0.972132	6.07153e-18
1.00349	-8.67362e-18
1.03485	4.33681e-18
1.06621	-3.03577e-18
1.09757	2.1684e-18
1.12893	-2.1684e-19
1.16029	0
1.19165	1.0842e-18
1.223	-2.1684e-19
1.25436	-8.13152e-19
1.28572	4.87891e-19
1.31708	2.71051e-19
1.34844	-2.71051e-20
1.3798	8.13152e-20
1.41116	1.76183e-19
1.44252	1.35525e-20
1.47388	-1.35525e-20
1.50524	1.0842e-19
1.5366	-1.01644e-20
1.56795	6.77626e-21
1.59931	3.55754e-20
1.63067	1.69407e-21
1.66203	-8.47033e-22
1.69339	7.6233e-21
1.72475	-2.96462e-21
1.75611	2.75286e-21
1.78747	1.90582e-21
1.81883	-5.29396e-22
1.85019	-6.35275e-22
1.88155	2.64698e-22
1.9129	-3.57122e-11
1.94426	-1.63658e-10
1.97562	-3.46165e-10
2.00698	-2.15369e-10
2.03834	4.29238e-10
2.0697	4.37634e-10
2.10106	2.21451e-10
2.13242	3.03103e-11
2.16378	-4.69485e-11
2.19514	-6.84518e-11
2.2265	-6.53488e-11
2.25785	-5.3465e-11
2.28921	-4.02256e-11
2.32057	-2.86555e-11
2.35193	-1.96187e-11
2.38329	-1.30215e-11
2.41465	-8.53092e-12
2.44601	-6.30449e-12
2.47737	-6.78478e-12
2.50873	-9.18819e-12
