0	0
0.0313591	-1.91768e-08
0.0627182	-4.14426e-08
0.0940773	-7.0279e-08
0.125436	-1.09996e-07
0.156795	-1.66232e-07
0.188155	-2.46573e-07
0.219514	-3.61321e-07
0.250873	-5.24504e-07
0.282232	-7.55073e-07
0.313591	-1.07854e-06
0.34495	-1.5289e-06
0.376309	-2.15105e-06
0.407668	-3.00397e-06
0.439027	-4.16421e-06
0.470386	-5.73017e-06
0.501746	-7.82726e-06
0.533105	-1.06137e-05
0.564464	-1.42873e-05
0.595823	-1.90927e-05
0.627182	-2.53297e-05
0.658541	-3.33616e-05
0.6899	-4.36245e-05
0.721259	-5.66361e-05
0.752618	-7.30043e-05
0.783977	-9.34349e-05
0.815336	-0.000118738
0.846696	-0.000149833
0.878055	-0.000187748
0.909414	-0.000233623
0.940773	-0.000288698
0.972132	-0.00035431
1.00349	-0.000431872
1.03485	-0.000522856
1.06621	-0.00062877
1.09757	-0.000751125
1.12893	-0.000891403
1.16029	-0.00105102
1.19165	-0.0012313
1.223	-0.0014334
1.25436	-0.00165835
1.28572	-0.00190693
1.31708	-0.00217975
1.34844	-0.00247716
1.3798	-0.00279931
1.41116	-0.00314618
1.44252	-0.0035176
1.47388	-0.00391335
1.50524	-0.00433324
1.5366	-0.0047773
1.56795	-0.00524584
1.59931	-0.00573974
1.63067	-0.00626056
1.66203	-0.00681087
1.69339	-0.0073944
1.72475	-0.00801634
1.75611	-0.00868355
1.78747	-0.0094048
1.81883	-0.0101909
1.85019	-0.0110549
1.88155	-0.0120121
1.9129	-0.0130799
1.94426	-0.0142778
1.97562	-0.0156269
2.00698	-0.0168525
2.03834	-0.0170393
2.0697	-0.0171303
2.10106	-0.0171784
2.13242	-0.0172664
2.16378	-0.017511
2.19514	-0.0180658
2.2265	-0.0191221
2.25785	-0.0209074
2.28921	-0.0236799
2.32057	-0.0277195
2.35193	-0.0333137
2.38329	-0.0407385
2.41465	-0.0502337
2.44601	-0.0619731
2.47737	-0.0760308
2.50873	-0.0923435
