0	0
0.0313591	-0.000564148
0.0627182	-0.0011333
0.0940773	-0.00171233
0.125436	-0.00230579
0.156795	-0.00291783
0.188155	-0.00355204
0.219514	-0.00421141
0.250873	-0.00489816
0.282232	-0.0056138
0.313591	-0.00635907
0.34495	-0.00713396
0.376309	-0.0079378
0.407668	-0.00876936
0.439027	-0.00962701
0.470386	-0.0105089
0.501746	-0.0114131
0.533105	-0.0123382
0.564464	-0.0132829
0.595823	-0.0142473
0.627182	-0.0152323
0.658541	-0.0162404
0.6899	-0.0172759
0.721259	-0.018345
0.752618	-0.0194563
0.783977	-0.0206207
0.815336	-0.0218514
0.846696	-0.023164
0.878055	-0.0245761
0.909414	-0.0261071
0.940773	-0.0277776
0.972132	-0.0296085
1.00349	-0.0316207
1.03485	-0.0338335
1.06621	-0.0362638
1.09757	-0.0389248
1.12893	-0.0418247
1.16029	-0.0449653
1.19165	-0.048341
1.223	-0.0519376
1.25436	-0.0557314
1.28572	-0.0596887
1.31708	-0.0637652
1.34844	-0.0679068
1.3798	-0.07205
1.41116	-0.0761225
1.44252	-0.0800458
1.47388	-0.0837365
1.50524	-0.0871088
1.5366	-0.0900778
1.56795	-0.0925618
1.59931	-0.0944859
1.63067	-0.0957843
1.66203	-0.0964035
1.69339	-0.0963047
1.72475	-0.0954652
1.75611	-0.0938799
1.78747	-0.091562
1.81883	-0.0885425
1.85019	-0.0848696
1.88155	-0.0806071
1.9129	-0.0758321
1.94426	-0.0706326
1.97562	-0.0651041
2.00698	-0.059764
2.03834	-0.0555923
2.0697	-0.0511076
2.10106	-0.0463884
2.13242	-0.0415216
2.16378	-0.036601
2.19514	-0.0317232
2.2265	-0.0269851
2.25785	-0.0224789
2.28921	-0.0182882
2.32057	-0.0144821
2.35193	-0.0111097
2.38329	-0.00819244
2.41465	-0.00571582
2.44601	-0.00361879
2.47737	-0.00178001
2.50873	7.45287e-13
