0	0
0.0313591	2.77556e-17
0.0627182	-2.77556e-17
0.0940773	4.85723e-17
0.125436	6.93889e-18
0.156795	-3.46945e-17
0.188155	6.93889e-17
0.219514	-4.85723e-17
0.250873	6.93889e-17
0.282232	-6.93889e-17
0.313591	9.71445e-17
0.34495	-6.93889e-17
0.376309	5.55112e-17
0.407668	-1.38778e-17
0.439027	0
0.470386	0
0.501746	5.55112e-17
0.533105	-2.77556e-17
0.564464	5.55112e-17
0.595823	-2.77556e-17
0.627182	2.77556e-17
0.658541	-1.38778e-17
0.6899	4.16334e-17
0.721259	-2.77556e-17
0.752618	2.77556e-17
0.783977	2.77556e-17
0.815336	2.77556e-17
0.846696	-1.38778e-17
0.878055	2.77556e-17
0.909414	2.77556e-17
0.940773	-6.93889e-18
0.972132	2.08167e-17
1.00349	-2.77556e-17
1.03485	-6.93889e-18
1.06621	1.04083e-17
1.09757	-3.46945e-18
1.12893	-3.46945e-18
1.16029	3.46945e-18
1.19165	-3.46945e-18
1.223	-3.46945e-18
1.25436	-8.67362e-18
1.28572	-3.46945e-18
1.31708	4.33681e-18
1.34844	-1.47451e-17
1.3798	6.93889e-18
1.41116	-7.80626e-18
1.44252	3.46945e-18
1.47388	-2.1684e-18
1.50524	-3.57122e-11
1.5366	-1.63658e-10
1.56795	-3.46165e-10
1.59931	-5.9238e-10
1.63067	-9.58781e-10
1.66203	-1.51391e-09
1.69339	-2.39125e-09
1.72475	-3.75622e-09
1.75611	-5.88779e-09
1.78747	-9.17611e-09
1.81883	-1.42116e-08
1.85019	-2.18644e-08
1.88155	-3.33884e-08
1.9129	-5.06187e-08
1.94426	-7.61668e-08
1.97562	-1.13753e-07
2.00698	-7.1496e-08
2.03834	1.37571e-07
2.0697	1.83706e-07
2.10106	1.55888e-07
2.13242	1.03775e-07
2.16378	5.23702e-08
2.19514	1.20999e-08
2.2265	-1.46674e-08
2.25785	-2.9409e-08
2.28921	-3.50973e-08
2.32057	-3.47888e-08
2.35193	-3.11338e-08
2.38329	-2.60235e-08
2.41465	-2.08854e-08
2.44601	-1.65477e-08
2.47737	-1.35794e-08
2.50873	-1.29291e-08
