0	0
0.0313591	1.1601e-17
0.0627182	-1.34441e-17
0.0940773	1.56125e-17
0.125436	-9.1073e-18
0.156795	4.33681e-19
0.188155	8.67362e-19
0.219514	-1.04083e-17
0.250873	0
0.282232	-8.67362e-18
0.313591	1.21431e-17
0.34495	-8.67362e-18
0.376309	-1.04083e-17
0.407668	2.42861e-17
0.439027	-3.46945e-17
0.470386	2.77556e-17
0.501746	-4.85723e-17
0.533105	4.16334e-17
0.564464	-6.93889e-18
0.595823	-1.38778e-17
0.627182	5.55112e-17
0.658541	4.85723e-17
0.6899	-4.16334e-17
0.721259	6.93889e-17
0.752618	-1.38778e-17
0.783977	5.55112e-17
0.815336	-6.93889e-17
0.846696	6.93889e-17
0.878055	-8.32667e-17
0.909414	6.93889e-17
0.940773	-1.38778e-17
0.972132	-3.57122e-11
1.00349	-1.63658e-10
1.03485	-3.46165e-10
1.06621	-5.9238e-10
1.09757	-9.58781e-10
1.12893	-1.51391e-09
1.16029	-2.39125e-09
1.19165	-3.75622e-09
1.223	-5.88779e-09
1.25436	-9.17611e-09
1.28572	-1.42116e-08
1.31708	-2.18644e-08
1.34844	-3.33884e-08
1.3798	-5.06187e-08
1.41116	-7.61668e-08
1.44252	-1.13753e-07
1.47388	-1.68623e-07
1.50524	-2.48087e-07
1.5366	-3.6228e-07
1.56795	-5.25096e-07
1.59931	-7.55419e-07
1.63067	-1.07871e-06
1.66203	-1.52893e-06
1.69339	-2.15105e-06
1.72475	-3.00397e-06
1.75611	-4.16421e-06
1.78747	-5.73017e-06
1.81883	-7.82726e-06
1.85019	-1.06137e-05
1.88155	-1.42873e-05
1.9129	-1.90927e-05
1.94426	-2.53297e-05
1.97562	-3.33616e-05
2.00698	-2.5824e-05
2.03834	2.24782e-05
2.0697	4.54726e-05
2.10106	5.17032e-05
2.13242	4.77313e-05
2.16378	3.83863e-05
2.19514	2.7039e-05
2.2265	1.58789e-05
2.25785	6.1755e-06
2.28921	-1.48526e-06
2.32057	-7.00038e-06
2.35193	-1.05898e-05
2.38329	-1.26816e-05
2.41465	-1.38483e-05
2.44601	-1.48036e-05
2.47737	-1.64808e-05
2.50873	-2.0238e-05
