0	0
0.0313591	-1.82949e-05
0.0627182	-3.75434e-05
0.0940773	-5.8717e-05
0.125436	-8.28212e-05
0.156795	-0.000110911
0.188155	-0.000144103
0.219514	-0.000183584
0.250873	-0.000230619
0.282232	-0.000286547
0.313591	-0.000352781
0.34495	-0.000430793
0.376309	-0.000522101
0.407668	-0.000628245
0.439027	-0.000750763
0.470386	-0.000891155
0.501746	-0.00105085
0.533105	-0.00123118
0.564464	-0.00143333
0.595823	-0.0016583
0.627182	-0.0019069
0.658541	-0.00217973
0.6899	-0.00247714
0.721259	-0.0027993
0.752618	-0.00314618
0.783977	-0.0035176
0.815336	-0.00391334
0.846696	-0.00433324
0.878055	-0.0047773
0.909414	-0.00524584
0.940773	-0.00573974
0.972132	-0.00626056
1.00349	-0.00681087
1.03485	-0.0073944
1.06621	-0.00801634
1.09757	-0.00868355
1.12893	-0.0094048
1.16029	-0.0101909
1.19165	-0.0110549
1.223	-0.0120121
1.25436	-0.0130799
1.28572	-0.0142778
1.31708	-0.0156269
1.34844	-0.0171499
1.3798	-0.0188697
1.41116	-0.0208094
1.44252	-0.022991
1.47388	-0.0254342
1.50524	-0.0281553
1.5366	-0.0311662
1.56795	-0.0344725
1.59931	-0.0380726
1.63067	-0.0419565
1.66203	-0.0461044
1.69339	-0.0504864
1.72475	-0.0550616
1.75611	-0.0597784
1.78747	-0.0645746
1.81883	-0.0693786
1.85019	-0.0741103
1.88155	-0.0786835
1.9129	-0.0830078
1.94426	-0.0869916
1.97562	-0.0905447
2.00698	-0.0942284
2.03834	-0.0997669
2.0697	-0.104897
2.10106	-0.109465
2.13242	-0.113307
2.16378	-0.116248
2.19514	-0.1181
2.2265	-0.118671
2.25785	-0.117764
2.28921	-0.11518
2.32057	-0.11072
2.35193	-0.104187
2.38329	-0.0953924
2.41465	-0.0841569
2.44601	-0.0703154
2.47737	-0.053724
2.50873	-0.0342695
