0	0
0.0313591	-4.28722e-10
0.0627182	-9.23069e-10
0.0940773	-1.51391e-09
0.125436	-2.39125e-09
0.156795	-3.75622e-09
0.188155	-5.88779e-09
0.219514	-9.17611e-09
0.250873	-1.42116e-08
0.282232	-2.18644e-08
0.313591	-3.33884e-08
0.34495	-5.06187e-08
0.376309	-7.61668e-08
0.407668	-1.13753e-07
0.439027	-1.68623e-07
0.470386	-2.48087e-07
0.501746	-3.6228e-07
0.533105	-5.25096e-07
0.564464	-7.55419e-07
0.595823	-1.07871e-06
0.627182	-1.52893e-06
0.658541	-2.15105e-06
0.6899	-3.00397e-06
0.721259	-4.16421e-06
0.752618	-5.73017e-06
0.783977	-7.82726e-06
0.815336	-1.06137e-05
0.846696	-1.42873e-05
0.878055	-1.90927e-05
0.909414	-2.53297e-05
0.940773	-3.33616e-05
0.972132	-4.36245e-05
1.00349	-5.66361e-05
1.03485	-7.30043e-05
1.06621	-9.34349e-05
1.09757	-0.000118738
1.12893	-0.000149833
1.16029	-0.000187748
1.19165	-0.000233623
1.223	-0.000288698
1.25436	-0.00035431
1.28572	-0.000431872
1.31708	-0.000522856
1.34844	-0.00062877
1.3798	-0.000751125
1.41116	-0.000891403
1.44252	-0.00105102
1.47388	-0.0012313
1.50524	-0.0014334
1.5366	-0.00165835
1.56795	-0.00190693
1.59931	-0.00217975
1.63067	-0.00247716
1.66203	-0.00279931
1.69339	-0.00314618
1.72475	-0.0035176
1.75611	-0.00391335
1.78747	-0.00433324
1.81883	-0.0047773
1.85019	-0.00524584
1.88155	-0.00573974
1.9129	-0.00626056
1.94426	-0.00681087
1.97562	-0.0073944
2.00698	-0.00738666
2.03834	-0.00508357
2.0697	-0.00267122
2.10106	-0.000265791
2.13242	0.0019962
2.16378	0.00396014
2.19514	0.00545606
2.2265	0.00630171
2.25785	0.00630552
2.28921	0.0052691
2.32057	0.00298911
2.35193	-0.000741989
2.38329	-0.00613625
2.41465	-0.0134116
2.44601	-0.0227937
2.47737	-0.0345174
2.50873	-0.0488267
