0	0
0.0313591	-0.00895721
0.0627182	-0.0178219
0.0940773	-0.026502
0.125436	-0.0349061
0.156795	-0.0429441
0.188155	-0.0505282
0.219514	-0.0575737
0.250873	-0.0640006
0.282232	-0.0697352
0.313591	-0.0747117
0.34495	-0.0788741
0.376309	-0.082178
0.407668	-0.0845926
0.439027	-0.0861018
0.470386	-0.0867051
0.501746	-0.0864186
0.533105	-0.0852746
0.564464	-0.0833215
0.595823	-0.0806221
0.627182	-0.0772521
0.658541	-0.0732981
0.6899	-0.0688547
0.721259	-0.064022
0.752618	-0.0589026
0.783977	-0.0535983
0.815336	-0.048208
0.846696	-0.0428244
0.878055	-0.0375326
0.909414	-0.0324078
0.940773	-0.0275145
0.972132	-0.0229055
1.00349	-0.0186217
1.03485	-0.0146925
1.06621	-0.011136
1.09757	-0.00796014
1.12893	-0.00516388
1.16029	-0.00273837
1.19165	-0.000668356
1.223	0.00106639
1.25436	0.00248979
1.28572	0.00362816
1.31708	0.00450919
1.34844	0.00516093
1.3798	0.00561106
1.41116	0.00588628
1.44252	0.00601182
1.47388	0.00601121
1.50524	0.00590603
1.5366	0.00571585
1.56795	0.00545824
1.59931	0.00514884
1.63067	0.0048014
1.66203	0.00442796
1.69339	0.00403895
1.72475	0.00364335
1.75611	0.00324878
1.78747	0.00286166
1.81883	0.0024873
1.85019	0.00213001
1.88155	0.00179317
1.9129	0.00147935
1.94426	0.00119036
1.97562	0.000927329
2.00698	0.000695658
2.03834	0.00050013
2.0697	0.000320517
2.10106	0.000158451
2.13242	1.53497e-05
2.16378	-0.00010759
2.19514	-0.000209395
2.2265	-0.000289314
2.25785	-0.000346807
2.28921	-0.000381535
2.32057	-0.000393347
2.35193	-0.000382272
2.38329	-0.000348519
2.41465	-0.000292504
2.44601	-0.000214911
2.47737	-0.00011683
2.50873	-3.22239e-10
