0	0
0.0313591	2.19706e-05
0.0627182	4.37317e-05
0.0940773	6.50617e-05
0.125436	8.57155e-05
0.156795	0.000105412
0.188155	0.00012382
0.219514	0.000140548
0.250873	0.000155123
0.282232	0.000166985
0.313591	0.000175461
0.34495	0.000179757
0.376309	0.000178937
0.407668	0.00017191
0.439027	0.000157413
0.470386	0.000133999
0.501746	0.000100023
0.533105	5.36412e-05
0.564464	-7.20217e-06
0.595823	-8.47676e-05
0.627182	-0.000181516
0.658541	-0.000300095
0.6899	-0.000443321
0.721259	-0.000614146
0.752618	-0.000815625
0.783977	-0.00105087
0.815336	-0.00132299
0.846696	-0.00163502
0.878055	-0.00198988
0.909414	-0.00239024
0.940773	-0.00283844
0.972132	-0.0033364
1.00349	-0.00388548
1.03485	-0.00448636
1.06621	-0.00513888
1.09757	-0.00584189
1.12893	-0.0065931
1.16029	-0.00738886
1.19165	-0.00822402
1.223	-0.00909171
1.25436	-0.00998314
1.28572	-0.0108874
1.31708	-0.0117915
1.34844	-0.0126797
1.3798	-0.0135342
1.41116	-0.0143342
1.44252	-0.0150568
1.47388	-0.0156766
1.50524	-0.0161661
1.5366	-0.0164961
1.56795	-0.0166364
1.59931	-0.0165564
1.63067	-0.016226
1.66203	-0.0156168
1.69339	-0.0147035
1.72475	-0.0134648
1.75611	-0.0118856
1.78747	-0.00995824
1.81883	-0.00768377
1.85019	-0.00507378
1.88155	-0.00215144
1.9129	0.0010476
1.94426	0.00447468
1.97562	0.00806816
2.00698	0.0118366
2.03834	0.0160627
2.0697	0.0204758
2.10106	0.0249702
2.13242	0.0294112
2.16378	0.0336329
2.19514	0.0374386
2.2265	0.0406021
2.25785	0.0428722
2.28921	0.0439797
2.32057	0.0436492
2.35193	0.0416137
2.38329	0.0376346
2.41465	0.0315267
2.44601	0.0231864
2.47737	0.0126244
2.50873	7.45287e-13
