0	0
0.0313591	-1.82146e-17
0.0627182	1.77809e-17
0.0940773	-2.08167e-17
0.125436	8.67362e-18
0.156795	-8.67362e-18
0.188155	6.93889e-18
0.219514	-1.38778e-17
0.250873	-1.73472e-17
0.282232	2.42861e-17
0.313591	-3.46945e-17
0.34495	3.46945e-17
0.376309	-5.55112e-17
0.407668	5.55112e-17
0.439027	-2.77556e-17
0.470386	-6.93889e-18
0.501746	2.77556e-17
0.533105	2.77556e-17
0.564464	-4.85723e-17
0.595823	5.55112e-17
0.627182	-1.38778e-17
0.658541	5.55112e-17
0.6899	-8.32667e-17
0.721259	5.55112e-17
0.752618	-5.55112e-17
0.783977	5.55112e-17
0.815336	-1.38778e-17
0.846696	0
0.878055	0
0.909414	5.55112e-17
0.940773	-2.77556e-17
0.972132	4.16334e-17
1.00349	-2.77556e-17
1.03485	4.16334e-17
1.06621	0
1.09757	-3.57122e-11
1.12893	-1.63658e-10
1.16029	-3.46165e-10
1.19165	-5.9238e-10
1.223	-9.58781e-10
1.25436	-1.51391e-09
1.28572	-2.39125e-09
1.31708	-3.75622e-09
1.34844	-5.88779e-09
1.3798	-9.17611e-09
1.41116	-1.42116e-08
1.44252	-2.18644e-08
1.47388	-3.33884e-08
1.50524	-5.06187e-08
1.5366	-7.61668e-08
1.56795	-1.13753e-07
1.59931	-1.68623e-07
1.63067	-2.48087e-07
1.66203	-3.6228e-07
1.69339	-5.25096e-07
1.72475	-7.55419e-07
1.75611	-1.07871e-06
1.78747	-1.52893e-06
1.81883	-2.15105e-06
1.85019	-3.00397e-06
1.88155	-4.16421e-06
1.9129	-5.73017e-06
1.94426	-7.82726e-06
1.97562	-1.06137e-05
2.00698	-7.87619e-06
2.03834	8.62098e-06
2.0697	1.54437e-05
2.10106	1.6373e-05
2.13242	1.40961e-05
2.16378	1.043e-05
2.19514	6.52289e-06
2.2265	3.02982e-06
2.25785	2.58584e-07
2.28921	-1.71292e-06
2.32057	-2.94706e-06
2.35193	-3.58212e-06
2.38329	-3.79047e-06
2.41465	-3.7572e-06
2.44601	-3.67876e-06
2.47737	-3.78536e-06
2.50873	-4.39882e-06
