0	0
0.0313591	-0.00178995
0.0627182	-0.00357799
0.0940773	-0.00536279
0.125436	-0.0071442
0.156795	-0.00892371
0.188155	-0.010705
0.219514	-0.0124941
0.250873	-0.0143
0.282232	-0.0161344
0.313591	-0.0180119
0.34495	-0.0199498
0.376309	-0.0219675
0.407668	-0.0240864
0.439027	-0.0263285
0.470386	-0.0287163
0.501746	-0.031271
0.533105	-0.0340117
0.564464	-0.0369539
0.595823	-0.0401081
0.627182	-0.0434787
0.658541	-0.0470624
0.6899	-0.0508472
0.721259	-0.0548113
0.752618	-0.0589228
0.783977	-0.0631391
0.815336	-0.0674074
0.846696	-0.0716647
0.878055	-0.0758399
0.909414	-0.0798543
0.940773	-0.0836246
0.972132	-0.0870649
1.00349	-0.0900893
1.03485	-0.0926155
1.06621	-0.0945672
1.09757	-0.0958774
1.12893	-0.0964913
1.16029	-0.0963681
1.19165	-0.0954835
1.223	-0.0938308
1.25436	-0.0914213
1.28572	-0.0882847
1.31708	-0.0844676
1.34844	-0.0800328
1.3798	-0.0750565
1.41116	-0.0696263
1.44252	-0.0638379
1.47388	-0.0577919
1.50524	-0.0515909
1.5366	-0.0453361
1.56795	-0.0391243
1.59931	-0.0330456
1.63067	-0.0271812
1.66203	-0.0216015
1.69339	-0.0163652
1.72475	-0.0115188
1.75611	-0.00709623
1.78747	-0.00311963
1.81883	0.000400219
1.85019	0.00346269
1.88155	0.00607601
1.9129	0.00825586
1.94426	0.0100239
1.97562	0.0114063
2.00698	0.0125199
2.03834	0.0136548
2.0697	0.0145387
2.10106	0.0151722
2.13242	0.0155568
2.16378	0.0156942
2.19514	0.015586
2.2265	0.0152328
2.25785	0.0146339
2.28921	0.0137863
2.32057	0.0126847
2.35193	0.0113208
2.38329	0.00968247
2.41465	0.00775397
2.44601	0.00551495
2.47737	0.00294034
2.50873	7.45287e-13
