0	0
0.0313591	-0.00960014
0.0627182	-0.0190486
0.0940773	-0.028197
0.125436	-0.0369034
0.156795	-0.0450351
0.188155	-0.0524721
0.219514	-0.059109
0.250873	-0.0648578
0.282232	-0.0696497
0.313591	-0.0734362
0.34495	-0.0761906
0.376309	-0.0779077
0.407668	-0.0786038
0.439027	-0.0783157
0.470386	-0.0770994
0.501746	-0.0750279
0.533105	-0.0721886
0.564464	-0.0686804
0.595823	-0.0646106
0.627182	-0.0600917
0.658541	-0.0552375
0.6899	-0.0501606
0.721259	-0.0449689
0.752618	-0.0397632
0.783977	-0.034635
0.815336	-0.0296648
0.846696	-0.0249209
0.878055	-0.0204589
0.909414	-0.0163216
0.940773	-0.012539
0.972132	-0.00912957
1.00349	-0.00610089
1.03485	-0.00345111
1.06621	-0.00117035
1.09757	0.00075778
1.12893	0.00235474
1.16029	0.0036456
1.19165	0.00465774
1.223	0.00541974
1.25436	0.00596035
1.28572	0.00630777
1.31708	0.00648898
1.34844	0.00652932
1.3798	0.00645223
1.41116	0.00627905
1.44252	0.00602898
1.47388	0.00571912
1.50524	0.00536453
1.5366	0.00497838
1.56795	0.00457208
1.59931	0.00415542
1.63067	0.00373675
1.66203	0.00332312
1.69339	0.00292038
1.72475	0.00253333
1.75611	0.00216581
1.78747	0.0018208
1.81883	0.00150051
1.85019	0.00120644
1.88155	0.000939466
1.9129	0.000699885
1.94426	0.000487517
1.97562	0.000301744
2.00698	0.000142582
2.03834	6.16829e-06
2.0697	-0.000113947
2.10106	-0.000217211
2.13242	-0.000303248
2.16378	-0.000371838
2.19514	-0.000422907
2.2265	-0.0004565
2.25785	-0.000472752
2.28921	-0.000471858
2.32057	-0.000454036
2.35193	-0.000419492
2.38329	-0.000368394
2.41465	-0.00030085
2.44601	-0.000216907
2.47737	-0.000116591
2.50873	-5.82998e-11
