0	0
0.0313591	5.08897e-18
0.0627182	1.49078e-19
0.0940773	-3.25261e-19
0.125436	-1.19262e-18
0.156795	6.39679e-18
0.188155	-8.40257e-18
0.219514	1.0571e-17
0.250873	-1.92988e-17
0.282232	1.51788e-17
0.313591	-6.50521e-18
0.34495	-5.63785e-18
0.376309	1.73472e-18
0.407668	-9.97466e-18
0.439027	9.97466e-18
0.470386	-1.25767e-17
0.501746	-8.67362e-18
0.533105	-6.07153e-18
0.564464	-6.93889e-18
0.595823	0
0.627182	-3.57122e-11
0.658541	-1.63658e-10
0.6899	-3.46165e-10
0.721259	-5.9238e-10
0.752618	-9.58781e-10
0.783977	-1.51391e-09
0.815336	-2.39125e-09
0.846696	-3.75622e-09
0.878055	-5.88779e-09
0.909414	-9.17611e-09
0.940773	-1.42116e-08
0.972132	-2.18644e-08
1.00349	-3.33884e-08
1.03485	-5.06187e-08
1.06621	-7.61668e-08
1.09757	-1.13753e-07
1.12893	-1.68623e-07
1.16029	-2.48087e-07
1.19165	-3.6228e-07
1.223	-5.25096e-07
1.25436	-7.55419e-07
1.28572	-1.07871e-06
1.31708	-1.52893e-06
1.34844	-2.15105e-06
1.3798	-3.00397e-06
1.41116	-4.16421e-06
1.44252	-5.73017e-06
1.47388	-7.82726e-06
1.50524	-1.06137e-05
1.5366	-1.42873e-05
1.56795	-1.90927e-05
1.59931	-2.53297e-05
1.63067	-3.33616e-05
1.66203	-4.36245e-05
1.69339	-5.66361e-05
1.72475	-7.30043e-05
1.75611	-9.34349e-05
1.78747	-0.000118738
1.81883	-0.000149833
1.85019	-0.000187748
1.88155	-0.000233623
1.9129	-0.000288698
1.94426	-0.00035431
1.97562	-0.000431872
2.00698	-0.000368977
2.03834	0.000111955
2.0697	0.00042777
2.10106	0.00060611
2.13242	0.000674912
2.16378	0.000661026
2.19514	0.000589072
2.2265	0.000480557
2.25785	0.000353242
2.28921	0.000220744
2.32057	9.23079e-05
2.35193	-2.73458e-05
2.38329	-0.000138222
2.41465	-0.000245502
2.44601	-0.000360529
2.47737	-0.000502735
2.50873	-0.000703201
