0	0
0.0313591	-0.00120547
0.0627182	-0.00242299
0.0940773	-0.00366506
0.125436	-0.00494507
0.156795	-0.00627762
0.188155	-0.00767885
0.219514	-0.00916653
0.250873	-0.0107602
0.282232	-0.0124808
0.313591	-0.0143506
0.34495	-0.0163926
0.376309	-0.0186297
0.407668	-0.0210841
0.439027	-0.0237758
0.470386	-0.0267219
0.501746	-0.0299349
0.533105	-0.0334214
0.564464	-0.0371812
0.595823	-0.0412054
0.627182	-0.0454757
0.658541	-0.0499636
0.6899	-0.0546298
0.721259	-0.0594241
0.752618	-0.0642859
0.783977	-0.0691449
0.815336	-0.0739225
0.846696	-0.0785336
0.878055	-0.0828891
0.909414	-0.0868982
0.940773	-0.0904717
0.972132	-0.0935248
1.00349	-0.0959803
1.03485	-0.0977716
1.06621	-0.0988451
1.09757	-0.0991626
1.12893	-0.0987029
1.16029	-0.0974629
1.19165	-0.0954577
1.223	-0.0927206
1.25436	-0.0893015
1.28572	-0.0852654
1.31708	-0.0806903
1.34844	-0.075664
1.3798	-0.0702815
1.41116	-0.0646416
1.44252	-0.0588437
1.47388	-0.0529849
1.50524	-0.0471574
1.5366	-0.0414457
1.56795	-0.0359253
1.59931	-0.0306606
1.63067	-0.0257047
1.66203	-0.0210989
1.69339	-0.0168722
1.72475	-0.0130429
1.75611	-0.00961848
1.78747	-0.00659728
1.81883	-0.00396966
1.85019	-0.00171938
1.88155	0.000174992
1.9129	0.00173866
1.94426	0.00299939
1.97562	0.00398633
2.00698	0.00476231
2.03834	0.00546477
2.0697	0.00600569
2.10106	0.00639271
2.13242	0.00663381
2.16378	0.00673698
2.19514	0.00670982
2.2265	0.00655922
2.25785	0.00629099
2.28921	0.00590955
2.32057	0.00541762
2.35193	0.00481584
2.38329	0.0041025
2.41465	0.00327308
2.44601	0.00231992
2.47737	0.00123178
2.50873	-6.51882e-06
