0	0
0.0313591	-7.98739e-05
0.0627182	-0.000160465
0.0940773	-0.000242522
0.125436	-0.000326855
0.156795	-0.000414365
0.188155	-0.000506071
0.219514	-0.000603134
0.250873	-0.000706881
0.282232	-0.000818821
0.313591	-0.000940652
0.34495	-0.00107427
0.376309	-0.00122177
0.407668	-0.00138543
0.439027	-0.00156768
0.470386	-0.0017711
0.501746	-0.00199833
0.533105	-0.00225209
0.564464	-0.00253506
0.595823	-0.00284983
0.627182	-0.00319886
0.658541	-0.00358437
0.6899	-0.0040083
0.721259	-0.00447221
0.752618	-0.00497727
0.783977	-0.0055242
0.815336	-0.00611327
0.846696	-0.00674428
0.878055	-0.00741661
0.909414	-0.00812932
0.940773	-0.00888121
0.972132	-0.00967097
1.00349	-0.0104974
1.03485	-0.0113595
1.06621	-0.0122568
1.09757	-0.0131898
1.12893	-0.0141596
1.16029	-0.015169
1.19165	-0.0162221
1.223	-0.0173251
1.25436	-0.0184857
1.28572	-0.0197142
1.31708	-0.0210227
1.34844	-0.0224257
1.3798	-0.0239396
1.41116	-0.0255824
1.44252	-0.0273733
1.47388	-0.0293324
1.50524	-0.0314794
1.5366	-0.033833
1.56795	-0.0364099
1.59931	-0.0392233
1.63067	-0.0422816
1.66203	-0.0455874
1.69339	-0.0491354
1.72475	-0.0529118
1.75611	-0.0568925
1.78747	-0.0610425
1.81883	-0.0653146
1.85019	-0.0696497
1.88155	-0.0739764
1.9129	-0.0782118
1.94426	-0.0822621
1.97562	-0.0860248
2.00698	-0.0900192
2.03834	-0.09592
2.0697	-0.10152
2.10106	-0.106629
2.13242	-0.111026
2.16378	-0.11446
2.19514	-0.116651
2.2265	-0.11729
2.25785	-0.11605
2.28921	-0.112586
2.32057	-0.10655
2.35193	-0.0976003
2.38329	-0.0854198
2.41465	-0.0697325
2.44601	-0.0503274
2.47737	-0.0270839
2.50873	7.45287e-13
