0	0
0.0313591	-0.000339894
0.0627182	-0.00068228
0.0940773	-0.00102958
0.125436	-0.00138408
0.156795	-0.00174788
0.188155	-0.00212285
0.219514	-0.00251061
0.250873	-0.00291256
0.282232	-0.00332985
0.313591	-0.00376351
0.34495	-0.00421451
0.376309	-0.00468386
0.407668	-0.00517284
0.439027	-0.0056831
0.470386	-0.00621694
0.501746	-0.00677751
0.533105	-0.00736907
0.564464	-0.00799724
0.595823	-0.00866926
0.627182	-0.00939418
0.658541	-0.0101831
0.6899	-0.0110492
0.721259	-0.0120079
0.752618	-0.0130769
0.783977	-0.0142756
0.815336	-0.0156254
0.846696	-0.0171488
0.878055	-0.018869
0.909414	-0.0208089
0.940773	-0.0229906
0.972132	-0.0254339
1.00349	-0.0281551
1.03485	-0.031166
1.06621	-0.0344724
1.09757	-0.0380726
1.12893	-0.0419565
1.16029	-0.0461044
1.19165	-0.0504864
1.223	-0.0550616
1.25436	-0.0597784
1.28572	-0.0645746
1.31708	-0.0693786
1.34844	-0.0741103
1.3798	-0.0786835
1.41116	-0.0830078
1.44252	-0.0869916
1.47388	-0.0905447
1.50524	-0.0935814
1.5366	-0.0960239
1.56795	-0.097805
1.59931	-0.0988704
1.63067	-0.0991816
1.66203	-0.0987172
1.69339	-0.0974735
1.72475	-0.0954656
1.75611	-0.0927263
1.78747	-0.0893057
1.81883	-0.0852684
1.85019	-0.0806925
1.88155	-0.0756656
1.9129	-0.0702826
1.94426	-0.0646423
1.97562	-0.0588442
2.00698	-0.0533578
2.03834	-0.0490375
2.0697	-0.0445549
2.10106	-0.0399867
2.13242	-0.0354124
2.16378	-0.0309124
2.19514	-0.0265648
2.2265	-0.0224438
2.25785	-0.018616
2.28921	-0.0151382
2.32057	-0.012054
2.35193	-0.00939073
2.38329	-0.0071551
2.41465	-0.00532836
2.44601	-0.00385951
2.47737	-0.00265576
2.50873	-0.00156884
