0	0
0.0313591	3.57448e-18
0.0627182	-2.10742e-18
0.0940773	-4.75694e-18
0.125436	6.77626e-18
0.156795	-4.60786e-18
0.188155	1.19533e-17
0.219514	-1.81062e-17
0.250873	1.66967e-17
0.282232	-5.96311e-18
0.313591	4.87891e-18
0.34495	-7.37257e-18
0.376309	-3.46945e-18
0.407668	7.58942e-18
0.439027	-1.17094e-17
0.470386	9.54098e-18
0.501746	-1.34441e-17
0.533105	6.07153e-18
0.564464	6.07153e-18
0.595823	-3.57122e-11
0.627182	-1.63658e-10
0.658541	-3.46165e-10
0.6899	-5.9238e-10
0.721259	-9.58781e-10
0.752618	-1.51391e-09
0.783977	-2.39125e-09
0.815336	-3.75622e-09
0.846696	-5.88779e-09
0.878055	-9.17611e-09
0.909414	-1.42116e-08
0.940773	-2.18644e-08
0.972132	-3.33884e-08
1.00349	-5.06187e-08
1.03485	-7.61668e-08
1.06621	-1.13753e-07
1.09757	-1.68623e-07
1.12893	-2.48087e-07
1.16029	-3.6228e-07
1.19165	-5.25096e-07
1.223	-7.55419e-07
1.25436	-1.07871e-06
1.28572	-1.52893e-06
1.31708	-2.15105e-06
1.34844	-3.00397e-06
1.3798	-4.16421e-06
1.41116	-5.73017e-06
1.44252	-7.82726e-06
1.47388	-1.06137e-05
1.50524	-1.42873e-05
1.5366	-1.90927e-05
1.56795	-2.53297e-05
1.59931	-3.33616e-05
1.63067	-4.36245e-05
1.66203	-5.66361e-05
1.69339	-7.30043e-05
1.72475	-9.34349e-05
1.75611	-0.000118738
1.78747	-0.000149833
1.81883	-0.000187748
1.85019	-0.000233623
1.88155	-0.000288698
1.9129	-0.00035431
1.94426	-0.000431872
1.97562	-0.000522856
2.00698	-0.000450234
2.03834	0.000114748
2.0697	0.000495414
2.10106	0.000719237
2.13242	0.000815114
2.16378	0.000811762
2.19514	0.000736303
2.2265	0.000613093
2.25785	0.000462796
2.28921	0.000301712
2.32057	0.00014128
2.35193	-1.23266e-05
2.38329	-0.00015866
2.41465	-0.000303748
2.44601	-0.000461453
2.47737	-0.000655953
2.50873	-0.000926109
