0	0
0.0313591	-1.43633e-06
0.0627182	-2.92079e-06
0.0940773	-4.51031e-06
0.125436	-6.27973e-06
0.156795	-8.33167e-06
0.188155	-1.08074e-05
0.219514	-1.38995e-05
0.250873	-1.78654e-05
0.282232	-2.30435e-05
0.313591	-2.98715e-05
0.34495	-3.89059e-05
0.376309	-5.08446e-05
0.407668	-6.65507e-05
0.439027	-8.70777e-05
0.470386	-0.000113696
0.501746	-0.000147918
0.533105	-0.000191524
0.564464	-0.000246584
0.595823	-0.000315474
0.627182	-0.00040089
0.658541	-0.000505852
0.6899	-0.000633697
0.721259	-0.000788063
0.752618	-0.000972855
0.783977	-0.0011922
0.815336	-0.0014504
0.846696	-0.00175181
0.878055	-0.0021008
0.909414	-0.0025016
0.940773	-0.0029582
0.972132	-0.00347421
1.00349	-0.00405268
1.03485	-0.00469602
1.06621	-0.00540579
1.09757	-0.00618256
1.12893	-0.00702582
1.16029	-0.00793379
1.19165	-0.00890336
1.223	-0.00992999
1.25436	-0.0110077
1.28572	-0.0121288
1.31708	-0.0132842
1.34844	-0.0144634
1.3798	-0.0156541
1.41116	-0.0168429
1.44252	-0.0180149
1.47388	-0.0191541
1.50524	-0.0202435
1.5366	-0.0212653
1.56795	-0.022201
1.59931	-0.023032
1.63067	-0.0237397
1.66203	-0.0243058
1.69339	-0.024713
1.72475	-0.0249454
1.75611	-0.024989
1.78747	-0.0248322
1.81883	-0.0244666
1.85019	-0.0238875
1.88155	-0.0230947
1.9129	-0.0220924
1.94426	-0.0208903
1.97562	-0.0195037
2.00698	-0.0180793
2.03834	-0.016912
2.0697	-0.0155466
2.10106	-0.0140005
2.13242	-0.012301
2.16378	-0.0104858
2.19514	-0.00860392
2.2265	-0.00671464
2.25785	-0.00488658
2.28921	-0.00319484
2.32057	-0.0017167
2.35193	-0.000525587
2.38329	0.000317009
2.41465	0.000771596
2.44601	0.000832536
2.47737	0.000541257
2.50873	7.45287e-13
