0	0
0.0313591	-0.00049808
0.0627182	-0.000995494
0.0940773	-0.00149142
0.125436	-0.00198476
0.156795	-0.00247393
0.188155	-0.00295678
0.219514	-0.00343037
0.250873	-0.00389087
0.282232	-0.00433334
0.313591	-0.0047516
0.34495	-0.00513804
0.376309	-0.00548343
0.407668	-0.00577679
0.439027	-0.00600519
0.470386	-0.00615362
0.501746	-0.00620489
0.533105	-0.00613955
0.564464	-0.00593592
0.595823	-0.00557015
0.627182	-0.00501646
0.658541	-0.00424744
0.6899	-0.00323456
0.721259	-0.0019488
0.752618	-0.000361463
0.783977	0.00155483
0.815336	0.00382498
0.846696	0.00647016
0.878055	0.0095064
0.909414	0.0129432
0.940773	0.0167821
0.972132	0.0210155
1.00349	0.0256252
1.03485	0.0305818
1.06621	0.0358443
1.09757	0.0413596
1.12893	0.047063
1.16029	0.0528793
1.19165	0.0587238
1.223	0.0645044
1.25436	0.070124
1.28572	0.0754831
1.31708	0.080483
1.34844	0.0850284
1.3798	0.0890316
1.41116	0.0924144
1.44252	0.0951116
1.47388	0.097073
1.50524	0.0982651
1.5366	0.0986724
1.56795	0.0982974
1.59931	0.0971609
1.63067	0.0953004
1.66203	0.0927685
1.69339	0.0896312
1.72475	0.0859646
1.75611	0.0818525
1.78747	0.0773829
1.81883	0.0726452
1.85019	0.0677275
1.88155	0.0627134
1.9129	0.0576804
1.94426	0.0526975
1.97562	0.0478242
2.00698	0.043413
2.03834	0.0401332
2.0697	0.0368843
2.10106	0.0336993
2.13242	0.0306057
2.16378	0.0276242
2.19514	0.0247685
2.2265	0.0220438
2.25785	0.0194476
2.28921	0.0169685
2.32057	0.0145866
2.35193	0.012273
2.38329	0.00998997
2.41465	0.00768944
2.44601	0.0053115
2.47737	0.00278072
2.50873	7.45287e-13
