0	0
0.0313591	3.7405e-18
0.0627182	1.65341e-18
0.0940773	-3.36103e-18
0.125436	5.69206e-18
0.156795	-3.25261e-19
0.188155	-2.92735e-18
0.219514	-4.87891e-18
0.250873	-5.20417e-18
0.282232	6.50521e-19
0.313591	-4.77049e-18
0.34495	-4.77049e-18
0.376309	2.60209e-18
0.407668	-8.67362e-18
0.439027	3.46945e-18
0.470386	-2.25514e-17
0.501746	4.33681e-18
0.533105	-1.73472e-17
0.564464	6.93889e-18
0.595823	-2.08167e-17
0.627182	-1.73472e-17
0.658541	1.38778e-17
0.6899	-3.81639e-17
0.721259	-3.57122e-11
0.752618	-1.63658e-10
0.783977	-3.46165e-10
0.815336	-5.9238e-10
0.846696	-9.58781e-10
0.878055	-1.51391e-09
0.909414	-2.39125e-09
0.940773	-3.75622e-09
0.972132	-5.88779e-09
1.00349	-9.17611e-09
1.03485	-1.42116e-08
1.06621	-2.18644e-08
1.09757	-3.33884e-08
1.12893	-5.06187e-08
1.16029	-7.61668e-08
1.19165	-1.13753e-07
1.223	-1.68623e-07
1.25436	-2.48087e-07
1.28572	-3.6228e-07
1.31708	-5.25096e-07
1.34844	-7.55419e-07
1.3798	-1.07871e-06
1.41116	-1.52893e-06
1.44252	-2.15105e-06
1.47388	-3.00397e-06
1.50524	-4.16421e-06
1.5366	-5.73017e-06
1.56795	-7.82726e-06
1.59931	-1.06137e-05
1.63067	-1.42873e-05
1.66203	-1.90927e-05
1.69339	-2.53297e-05
1.72475	-3.33616e-05
1.75611	-4.36245e-05
1.78747	-5.66361e-05
1.81883	-7.30043e-05
1.85019	-9.34349e-05
1.88155	-0.000118738
1.9129	-0.000149833
1.94426	-0.000187748
1.97562	-0.000233623
2.00698	-0.000194748
2.03834	8.79972e-05
2.0697	0.00025936
2.10106	0.000343703
2.13242	0.000363431
2.16378	0.000338328
2.19514	0.000285144
2.2265	0.000217396
2.25785	0.000145361
2.28921	7.62144e-05
2.32057	1.42598e-05
2.35193	-3.8826e-05
2.38329	-8.38057e-05
2.41465	-0.000123868
2.44601	-0.00016494
2.47737	-0.000216554
2.50873	-0.00029365
