0	0
0.0313591	7.80626e-18
0.0627182	-3.81639e-17
0.0940773	5.55112e-17
0.125436	-3.81639e-17
0.156795	1.38778e-17
0.188155	2.08167e-17
0.219514	4.16334e-17
0.250873	-5.55112e-17
0.282232	6.93889e-17
0.313591	0
0.34495	4.16334e-17
0.376309	-6.93889e-17
0.407668	6.93889e-17
0.439027	-5.55112e-17
0.470386	5.55112e-17
0.501746	-1.38778e-17
0.533105	1.38778e-17
0.564464	-1.38778e-17
0.595823	5.55112e-17
0.627182	-5.55112e-17
0.658541	4.16334e-17
0.6899	-2.77556e-17
0.721259	2.77556e-17
0.752618	-1.38778e-17
0.783977	4.16334e-17
0.815336	-1.38778e-17
0.846696	4.16334e-17
0.878055	2.77556e-17
0.909414	2.77556e-17
0.940773	0
0.972132	2.08167e-17
1.00349	2.77556e-17
1.03485	-2.08167e-17
1.06621	4.85723e-17
1.09757	-2.77556e-17
1.12893	-6.93889e-18
1.16029	1.38778e-17
1.19165	-3.46945e-18
1.223	-3.46945e-18
1.25436	-2.08167e-17
1.28572	-3.46945e-18
1.31708	-3.46945e-18
1.34844	-6.93889e-18
1.3798	-3.46945e-18
1.41116	-3.57122e-11
1.44252	-1.63658e-10
1.47388	-3.46165e-10
1.50524	-5.9238e-10
1.5366	-9.58781e-10
1.56795	-1.51391e-09
1.59931	-2.39125e-09
1.63067	-3.75622e-09
1.66203	-5.88779e-09
1.69339	-9.17611e-09
1.72475	-1.42116e-08
1.75611	-2.18644e-08
1.78747	-3.33884e-08
1.81883	-5.06187e-08
1.85019	-7.61668e-08
1.88155	-1.13753e-07
1.9129	-1.68623e-07
1.94426	-2.48087e-07
1.97562	-3.6228e-07
2.00698	-2.37644e-07
2.03834	4.07648e-07
2.0697	5.77953e-07
2.10106	5.1658e-07
2.13242	3.6712e-07
2.16378	2.07366e-07
2.19514	7.37666e-08
2.2265	-2.16677e-08
2.25785	-7.99631e-08
2.28921	-1.08099e-07
2.32057	-1.14692e-07
2.35193	-1.07838e-07
2.38329	-9.40813e-08
2.41465	-7.84006e-08
2.44601	-6.44057e-08
2.47737	-5.54784e-08
2.50873	-5.5858e-08
