0	0
0.0313591	1.47451e-17
0.0627182	-3.81639e-17
0.0940773	4.16334e-17
0.125436	-5.20417e-17
0.156795	6.59195e-17
0.188155	-3.46945e-17
0.219514	-6.93889e-18
0.250873	2.77556e-17
0.282232	2.08167e-17
0.313591	-4.16334e-17
0.34495	4.16334e-17
0.376309	-2.77556e-17
0.407668	6.93889e-17
0.439027	-8.32667e-17
0.470386	6.93889e-17
0.501746	-6.93889e-17
0.533105	5.55112e-17
0.564464	-2.77556e-17
0.595823	1.38778e-17
0.627182	-1.38778e-17
0.658541	5.55112e-17
0.6899	-4.16334e-17
0.721259	4.16334e-17
0.752618	-1.38778e-17
0.783977	4.16334e-17
0.815336	-1.38778e-17
0.846696	4.16334e-17
0.878055	0
0.909414	2.77556e-17
0.940773	4.16334e-17
0.972132	0
1.00349	0
1.03485	2.77556e-17
1.06621	3.46945e-17
1.09757	0
1.12893	2.77556e-17
1.16029	-6.93889e-18
1.19165	6.93889e-18
1.223	-6.93889e-18
1.25436	-2.08167e-17
1.28572	1.73472e-17
1.31708	-1.04083e-17
1.34844	-3.57122e-11
1.3798	-1.63658e-10
1.41116	-3.46165e-10
1.44252	-5.9238e-10
1.47388	-9.58781e-10
1.50524	-1.51391e-09
1.5366	-2.39125e-09
1.56795	-3.75622e-09
1.59931	-5.88779e-09
1.63067	-9.17611e-09
1.66203	-1.42116e-08
1.69339	-2.18644e-08
1.72475	-3.33884e-08
1.75611	-5.06187e-08
1.78747	-7.61668e-08
1.81883	-1.13753e-07
1.85019	-1.68623e-07
1.88155	-2.48087e-07
1.9129	-3.6228e-07
1.94426	-5.25096e-07
1.97562	-7.55419e-07
2.00698	-5.09052e-07
2.03834	8.0571e-07
2.0697	1.19115e-06
2.10106	1.10174e-06
2.13242	8.15867e-07
2.16378	4.91517e-07
2.19514	2.07977e-07
2.2265	-4.06055e-09
2.25785	-1.41598e-07
2.28921	-2.15383e-07
2.32057	-2.41355e-07
2.35193	-2.35587e-07
2.38329	-2.12078e-07
2.41465	-1.81948e-07
2.44601	-1.54261e-07
2.47737	-1.37405e-07
2.50873	-1.42453e-07
