0	0
0.0313591	-1.42689e-05
0.0627182	-2.93372e-05
0.0940773	-4.60224e-05
0.125436	-6.5177e-05
0.156795	-8.77047e-05
0.188155	-0.000114574
0.219514	-0.000146829
0.250873	-0.000185597
0.282232	-0.000232094
0.313591	-0.00028762
0.34495	-0.000353555
0.376309	-0.000431346
0.407668	-0.000522494
0.439027	-0.000628522
0.470386	-0.000750956
0.501746	-0.000891289
0.533105	-0.00105095
0.564464	-0.00123125
0.595823	-0.00143337
0.627182	-0.00165833
0.658541	-0.00190692
0.6899	-0.00217974
0.721259	-0.00247715
0.752618	-0.00279931
0.783977	-0.00314618
0.815336	-0.0035176
0.846696	-0.00391334
0.878055	-0.00433324
0.909414	-0.0047773
0.940773	-0.00524584
0.972132	-0.00573974
1.00349	-0.00626056
1.03485	-0.00681087
1.06621	-0.0073944
1.09757	-0.00801634
1.12893	-0.00868355
1.16029	-0.0094048
1.19165	-0.0101909
1.223	-0.0110549
1.25436	-0.0120121
1.28572	-0.0130799
1.31708	-0.0142778
1.34844	-0.0156269
1.3798	-0.0171499
1.41116	-0.0188697
1.44252	-0.0208094
1.47388	-0.022991
1.50524	-0.0254342
1.5366	-0.0281553
1.56795	-0.0311662
1.59931	-0.0344725
1.63067	-0.0380726
1.66203	-0.0419565
1.69339	-0.0461044
1.72475	-0.0504864
1.75611	-0.0550616
1.78747	-0.0597784
1.81883	-0.0645746
1.85019	-0.0693786
1.88155	-0.0741103
1.9129	-0.0786835
1.94426	-0.0830078
1.97562	-0.0869916
2.00698	-0.0911671
2.03834	-0.0972052
2.0697	-0.102934
2.10106	-0.108194
2.13242	-0.11281
2.16378	-0.116587
2.19514	-0.119317
2.2265	-0.120778
2.25785	-0.120736
2.28921	-0.118953
2.32057	-0.115188
2.35193	-0.109204
2.38329	-0.100772
2.41465	-0.0896833
2.44601	-0.075755
2.47737	-0.058845
2.50873	-0.0388664
