0	0
0.0313591	-0.00573201
0.0627182	-0.0114815
0.0940773	-0.0172632
0.125436	-0.0230868
0.156795	-0.0289546
0.188155	-0.0348595
0.219514	-0.0407839
0.250873	-0.0466985
0.282232	-0.0525625
0.313591	-0.0583236
0.34495	-0.0639194
0.376309	-0.0692787
0.407668	-0.0743243
0.439027	-0.0789753
0.470386	-0.0831503
0.501746	-0.0867705
0.533105	-0.0897634
0.564464	-0.0920652
0.595823	-0.0936246
0.627182	-0.0944043
0.658541	-0.0943839
0.6899	-0.0935601
0.721259	-0.091948
0.752618	-0.0895802
0.783977	-0.0865063
0.815336	-0.0827913
0.846696	-0.0785127
0.878055	-0.0737586
0.909414	-0.0686243
0.940773	-0.0632089
0.972132	-0.0576129
1.00349	-0.0519343
1.03485	-0.0462662
1.06621	-0.0406948
1.09757	-0.0352966
1.12893	-0.0301378
1.16029	-0.0252729
1.19165	-0.0207446
1.223	-0.0165836
1.25436	-0.0128093
1.28572	-0.00943074
1.31708	-0.00644745
1.34844	-0.00385093
1.3798	-0.00162594
1.41116	0.000247995
1.44252	0.0017953
1.47388	0.00304302
1.50524	0.00401969
1.5366	0.00475439
1.56795	0.00527584
1.59931	0.00561186
1.63067	0.00578881
1.66203	0.00583129
1.69339	0.00576193
1.72475	0.00560127
1.75611	0.00536781
1.78747	0.00507798
1.81883	0.00474629
1.85019	0.00438541
1.88155	0.00400634
1.9129	0.00361854
1.94426	0.00323005
1.97562	0.00284762
2.00698	0.00249427
2.03834	0.00220703
2.0697	0.00192252
2.10106	0.00164502
2.13242	0.00137859
2.16378	0.00112709
2.19514	0.000894133
2.2265	0.000682973
2.25785	0.000496473
2.28921	0.000337
2.32057	0.000206309
2.35193	0.000105408
2.38329	3.43652e-05
2.41465	-7.93984e-06
2.44601	-2.41709e-05
2.47737	-1.90352e-05
2.50873	-7.81423e-09
