-0.0156795	0.199803
0.0156795	0.199803
0.0470386	0.198238
0.0783977	0.195143
0.109757	0.190591
0.141116	0.184687
0.172475	0.177563
0.203834	0.169376
0.235193	0.160301
0.266552	0.150523
0.297911	0.140234
0.32927	0.129624
0.36063	0.118879
0.391989	0.108169
0.423348	0.0976534
0.454707	0.087469
0.486066	0.0777328
0.517425	0.068539
0.548784	0.059959
0.580143	0.0520421
0.611502	0.0448165
0.642861	0.0382917
0.674221	0.0324605
0.70558	0.0273016
0.736939	0.0227827
0.768298	0.0188628
0.799657	0.0154949
0.831016	0.0126286
0.862375	0.0102119
0.893734	0.00819295
0.925093	0.00652165
0.956452	0.0051506
0.987811	0.00403591
1.01917	0.00313768
1.05053	0.00242024
1.08189	0.00185222
1.11325	0.0014064
1.14461	0.00105952
1.17597	0.000791942
1.20733	0.000587301
1.23868	0.000432126
1.27004	0.00031546
1.3014	0.000228487
1.33276	0.000164196
1.36412	0.00011707
1.39548	8.28158e-05
1.42684	5.81251e-05
1.4582	4.0476e-05
1.48956	2.7965e-05
1.52092	1.91697e-05
1.55228	1.30376e-05
1.58363	8.79763e-06
1.61499	5.89002e-06
1.64635	3.91246e-06
1.67771	2.5785e-06
1.70907	1.68604e-06
1.74043	1.09384e-06
1.77179	7.04075e-07
1.80315	4.49645e-07
1.83451	2.84907e-07
1.86587	1.7911e-07
1.89723	1.11718e-07
1.92858	6.91362e-08
1.95994	4.24495e-08
1.9913	2.58597e-08
2.02266	1.56299e-08
2.05402	9.37292e-09
2.08538	5.57668e-09
2.11674	3.292e-09
2.1481	1.92809e-09
2.17946	1.12041e-09
2.21082	6.45969e-10
2.24218	3.69512e-10
2.27353	2.09715e-10
2.30489	1.1809e-10
2.33625	6.59753e-11
2.36761	3.65706e-11
2.39897	2.01125e-11
2.43033	1.09745e-11
2.46169	5.94134e-12
2.49305	3.19131e-12
2.50873	3.19131e-12
