-0.0156795	0.00309175
0.0156795	0.00309175
0.0470386	0.00313823
0.0783977	0.00323077
0.109757	0.00336856
0.141116	0.00355044
0.172475	0.00377495
0.203834	0.00404046
0.235193	0.00434522
0.266552	0.00468755
0.297911	0.005066
0.32927	0.00547947
0.36063	0.00592748
0.391989	0.0064104
0.423348	0.00692961
0.454707	0.00748783
0.486066	0.00808934
0.517425	0.00874019
0.548784	0.00944842
0.580143	0.0102243
0.611502	0.0110803
0.642861	0.0120312
0.674221	0.0130942
0.70558	0.0142884
0.736939	0.0156348
0.768298	0.0171556
0.799657	0.0188739
0.831016	0.0208125
0.862375	0.0229932
0.893734	0.0254357
0.925093	0.0281564
0.956452	0.0311669
0.987811	0.034473
1.01917	0.038073
1.05053	0.0419567
1.08189	0.0461046
1.11325	0.0504865
1.14461	0.0550617
1.17597	0.0597785
1.20733	0.0645747
1.23868	0.0693786
1.27004	0.0741103
1.3014	0.0786835
1.33276	0.0830078
1.36412	0.0869916
1.39548	0.0905447
1.42684	0.0935814
1.4582	0.0960239
1.48956	0.097805
1.52092	0.0988704
1.55228	0.0991816
1.58363	0.0987172
1.61499	0.0974735
1.64635	0.0954656
1.67771	0.0927264
1.70907	0.0893057
1.74043	0.0852685
1.77179	0.0806926
1.80315	0.0756658
1.83451	0.070283
1.86587	0.0646429
1.89723	0.058845
1.92858	0.0529866
1.95994	0.0471596
1.9913	0.0414488
2.02266	0.035891
2.05402	0.030419
2.08538	0.0250984
2.11674	0.0199893
2.1481	0.0151451
2.17946	0.0106116
2.21082	0.00642599
2.24218	0.00261666
2.27353	-0.000796604
2.30489	-0.00380178
2.33625	-0.0063933
2.36761	-0.00857
2.39897	-0.0103324
2.43033	-0.0116791
2.46169	-0.0126026
2.49305	-0.0130834
2.50873	-0.0130834
