-0.0156795	0.102911
0.0156795	0.102911
0.0470386	0.103174
0.0783977	0.103679
0.109757	0.104386
0.141116	0.105241
0.172475	0.106172
0.203834	0.107097
0.235193	0.107927
0.266552	0.108574
0.297911	0.108946
0.32927	0.108963
0.36063	0.10855
0.391989	0.107649
0.423348	0.106216
0.454707	0.104225
0.486066	0.101668
0.517425	0.0985565
0.548784	0.0949188
0.580143	0.0907996
0.611502	0.0862571
0.642861	0.0813607
0.674221	0.0761877
0.70558	0.0708202
0.736939	0.065342
0.768298	0.0598353
0.799657	0.0543783
0.831016	0.0490427
0.862375	0.0438922
0.893734	0.0389806
0.925093	0.0343516
0.956452	0.030038
0.987811	0.0260624
1.01917	0.0224373
1.05053	0.0191661
1.08189	0.0162442
1.11325	0.0136604
1.14461	0.0113979
1.17597	0.00943579
1.20733	0.00775041
1.23868	0.00631627
1.27004	0.00510724
1.3014	0.00409732
1.33276	0.00326137
1.36412	0.00257565
1.39548	0.00201818
1.42684	0.00156898
1.4582	0.00121021
1.48956	0.000926165
1.52092	0.000703235
1.55228	0.000529782
1.58363	0.000395984
1.61499	0.000293658
1.64635	0.000216068
1.67771	0.000157733
1.70907	0.000114246
1.74043	8.20998e-05
1.77179	5.85371e-05
1.80315	4.14106e-05
1.83451	2.90665e-05
1.86587	2.0244e-05
1.89723	1.39917e-05
1.92858	9.59909e-06
1.95994	6.5407e-06
1.9913	4.43222e-06
2.02266	2.98553e-06
2.05402	1.98245e-06
2.08538	1.29675e-06
2.11674	8.34957e-07
2.1481	5.28764e-07
2.17946	3.29061e-07
2.21082	2.01031e-07
2.24218	1.20448e-07
2.27353	7.06748e-08
2.30489	4.05763e-08
2.33625	2.27192e-08
2.36761	1.2382e-08
2.39897	6.62604e-09
2.43033	3.54278e-09
2.46169	1.97778e-09
2.49305	1.31676e-09
2.50873	1.31676e-09
