-0.0156795	0.0026647
0.0156795	0.0026647
0.0470386	0.00270937
0.0783977	0.00279834
0.109757	0.00293087
0.141116	0.00310593
0.172475	0.00332217
0.203834	0.00357805
0.235193	0.00387191
0.266552	0.00420204
0.297911	0.00456687
0.32927	0.00496505
0.36063	0.00539568
0.391989	0.00585847
0.423348	0.006354
0.454707	0.00688388
0.486066	0.00745104
0.517425	0.00805996
0.548784	0.00871691
0.580143	0.00943013
0.611502	0.01021
0.642861	0.0110692
0.674221	0.0120227
0.70558	0.0130877
0.736939	0.0142835
0.768298	0.0156311
0.799657	0.0171529
0.831016	0.0188719
0.862375	0.020811
0.893734	0.0229921
0.925093	0.0254349
0.956452	0.0281558
0.987811	0.0311665
1.01917	0.0344727
1.05053	0.0380728
1.08189	0.0419566
1.11325	0.0461045
1.14461	0.0504865
1.17597	0.0550617
1.20733	0.0597784
1.23868	0.0645747
1.27004	0.0693786
1.3014	0.0741103
1.33276	0.0786835
1.36412	0.0830078
1.39548	0.0869916
1.42684	0.0905447
1.4582	0.0935814
1.48956	0.0960239
1.52092	0.097805
1.55228	0.0988704
1.58363	0.0991817
1.61499	0.0987172
1.64635	0.0974735
1.67771	0.0954656
1.70907	0.0927264
1.74043	0.0893058
1.77179	0.0852687
1.80315	0.0806928
1.83451	0.0756661
1.86587	0.0702834
1.89723	0.0646436
1.92858	0.0588461
1.95994	0.0529882
1.9913	0.047162
2.02266	0.0414123
2.05402	0.0356754
2.08538	0.0300249
2.11674	0.0245307
2.1481	0.0192578
2.17946	0.0142641
2.21082	0.00959976
2.24218	0.00530655
2.27353	0.0014174
2.30489	-0.00204298
2.33625	-0.00505691
2.36761	-0.00761187
2.39897	-0.00969768
2.43033	-0.0113028
2.46169	-0.0124095
2.49305	-0.0129877
2.50873	-0.0129877
