-0.0156795	0.0593215
0.0156795	0.0593215
0.0470386	0.0599066
0.0783977	0.0610636
0.109757	0.0627659
0.141116	0.0649741
0.172475	0.0676363
0.203834	0.0706886
0.235193	0.0740562
0.266552	0.0776545
0.297911	0.0813907
0.32927	0.0851652
0.36063	0.0888744
0.391989	0.0924126
0.423348	0.0956752
0.454707	0.098561
0.486066	0.100976
0.517425	0.102835
0.548784	0.104066
0.580143	0.10461
0.611502	0.104427
0.642861	0.103494
0.674221	0.101807
0.70558	0.0993789
0.736939	0.0962439
0.768298	0.0924518
0.799657	0.0880678
0.831016	0.0831696
0.862375	0.0778453
0.893734	0.0721895
0.925093	0.0663007
0.956452	0.0602776
0.987811	0.0542166
1.01917	0.0482087
1.05053	0.0423373
1.08189	0.0366765
1.11325	0.0312894
1.14461	0.0262276
1.17597	0.0215308
1.20733	0.0172266
1.23868	0.0133316
1.27004	0.00985211
1.3014	0.00678504
1.33276	0.0041195
1.36412	0.00183812
1.39548	-8.15559e-05
1.42684	-0.00166566
1.4582	-0.00294276
1.48956	-0.00394271
1.52092	-0.0046957
1.55228	-0.00523142
1.58363	-0.00557848
1.61499	-0.00576391
1.64635	-0.00581285
1.67771	-0.00574837
1.70907	-0.00559138
1.74043	-0.00536065
1.77179	-0.00507283
1.80315	-0.00474261
1.83451	-0.0043828
1.86587	-0.00400451
1.89723	-0.00361726
1.92858	-0.00322916
1.95994	-0.00284701
1.9913	-0.00247644
2.02266	-0.00211952
2.05402	-0.00177152
2.08538	-0.00143608
2.11674	-0.00111641
2.1481	-0.000815265
2.17946	-0.000534915
2.21082	-0.000277171
2.24218	-4.33753e-05
2.27353	0.000165569
2.30489	0.000349158
2.33625	0.000507213
2.36761	0.000639779
2.39897	0.000746974
2.43033	0.000828794
2.46169	0.000884844
2.49305	0.000914007
2.50873	0.000914007
