-0.0156795	0.169999
0.0156795	0.169999
0.0470386	0.169228
0.0783977	0.167692
0.109757	0.165403
0.141116	0.16238
0.172475	0.158649
0.203834	0.154243
0.235193	0.149204
0.266552	0.143578
0.297911	0.137422
0.32927	0.130799
0.36063	0.123778
0.391989	0.116435
0.423348	0.108848
0.454707	0.1011
0.486066	0.0932736
0.517425	0.0854518
0.548784	0.0777139
0.580143	0.0701352
0.611502	0.0627846
0.642861	0.0557237
0.674221	0.0490053
0.70558	0.0426727
0.736939	0.0367597
0.768298	0.0312898
0.799657	0.0262771
0.831016	0.0217265
0.862375	0.0176348
0.893734	0.0139917
0.925093	0.0107805
0.956452	0.00797994
0.987811	0.00556475
1.01917	0.00350718
1.05053	0.00177791
1.08189	0.000346913
1.11325	-0.000815712
1.14461	-0.00173915
1.17597	-0.0024514
1.20733	-0.00297889
1.23868	-0.00334631
1.27004	-0.00357645
1.3014	-0.00369018
1.33276	-0.00370646
1.36412	-0.00364243
1.39548	-0.00351346
1.42684	-0.00333331
1.4582	-0.00311418
1.48956	-0.00286689
1.52092	-0.00260092
1.55228	-0.00232452
1.58363	-0.00204482
1.61499	-0.00176787
1.64635	-0.00149874
1.67771	-0.00124156
1.70907	-0.000999604
1.74043	-0.000775346
1.77179	-0.000570534
1.80315	-0.000386255
1.83451	-0.00022301
1.86587	-8.07862e-05
1.89723	4.08678e-05
1.92858	0.000142767
1.95994	0.000226018
1.9913	0.000291948
2.02266	0.000342395
2.05402	0.000379677
2.08538	0.000404728
2.11674	0.000418637
2.1481	0.000422632
2.17946	0.000418048
2.21082	0.000406307
2.24218	0.000388896
2.27353	0.000367343
2.30489	0.000343202
2.33625	0.000318034
2.36761	0.000293394
2.39897	0.000270817
2.43033	0.000251804
2.46169	0.000237804
2.49305	0.000230184
2.50873	0.000230184
