-0.0156795	0.199021
0.0156795	0.199021
0.0470386	0.197473
0.0783977	0.194414
0.109757	0.189915
0.141116	0.184077
0.172475	0.177032
0.203834	0.168932
0.235193	0.15995
0.266552	0.150268
0.297911	0.140074
0.32927	0.129556
0.36063	0.118897
0.391989	0.108266
0.423348	0.0978191
0.454707	0.0876931
0.486066	0.078004
0.517425	0.0688459
0.548784	0.0602905
0.580143	0.0523878
0.611502	0.0451669
0.642861	0.0386385
0.674221	0.0327967
0.70558	0.0276216
0.736939	0.0230822
0.768298	0.0191388
0.799657	0.0157457
0.831016	0.0128534
0.862375	0.0104108
0.893734	0.00836678
0.925093	0.00667177
0.956452	0.00527878
0.987811	0.00414414
1.01917	0.00322807
1.05053	0.00249495
1.08189	0.00191332
1.11325	0.00145587
1.14461	0.00109917
1.17597	0.000823411
1.20733	0.000612034
1.23868	0.00045138
1.27004	0.000330307
1.3014	0.000239828
1.33276	0.000172779
1.36412	0.000123506
1.39548	8.75976e-05
1.42684	6.16459e-05
1.4582	4.3045e-05
1.48956	2.98228e-05
1.52092	2.05013e-05
1.55228	1.39837e-05
1.58363	9.46382e-06
1.61499	6.35505e-06
1.64635	4.23426e-06
1.67771	2.79925e-06
1.70907	1.83617e-06
1.74043	1.19506e-06
1.77179	7.7174e-07
1.80315	4.94491e-07
1.83451	3.14378e-07
1.86587	1.98312e-07
1.89723	1.24123e-07
1.92858	7.70836e-08
1.95994	4.74979e-08
1.9913	2.90754e-08
2.02266	1.77005e-08
2.05402	1.06157e-08
2.08538	6.3156e-09
2.11674	3.72724e-09
2.1481	2.18204e-09
2.17946	1.26718e-09
2.21082	7.29979e-10
2.24218	4.17136e-10
2.27353	2.36449e-10
2.30489	1.32949e-10
2.33625	7.41513e-11
2.36761	4.10238e-11
2.39897	2.2513e-11
2.43033	1.22548e-11
2.46169	6.61686e-12
2.49305	3.90993e-12
2.50873	3.90993e-12
