-0.0156795	0.143489
0.0156795	0.143489
0.0470386	0.143258
0.0783977	0.142786
0.109757	0.142053
0.141116	0.141031
0.172475	0.139686
0.203834	0.13798
0.235193	0.135878
0.266552	0.133343
0.297911	0.130348
0.32927	0.126872
0.36063	0.122908
0.391989	0.118457
0.423348	0.113536
0.454707	0.108175
0.486066	0.102418
0.517425	0.0963194
0.548784	0.0899433
0.580143	0.0833625
0.611502	0.0766544
0.642861	0.0698991
0.674221	0.0631762
0.70558	0.0565624
0.736939	0.0501295
0.768298	0.0439417
0.799657	0.0380551
0.831016	0.0325157
0.862375	0.0273595
0.893734	0.022612
0.925093	0.0182888
0.956452	0.0143958
0.987811	0.0109305
1.01917	0.00788301
1.05053	0.00523698
1.08189	0.00297119
1.11325	0.00106065
1.14461	-0.000522234
1.17597	-0.00180658
1.20733	-0.00282212
1.23868	-0.0035984
1.27004	-0.00416417
1.3014	-0.0045469
1.33276	-0.00477244
1.36412	-0.00486479
1.39548	-0.00484599
1.42684	-0.00473604
1.4582	-0.00455298
1.48956	-0.00431289
1.52092	-0.00403002
1.55228	-0.00371689
1.58363	-0.00338439
1.61499	-0.00304194
1.64635	-0.00269754
1.67771	-0.00235795
1.70907	-0.00202875
1.74043	-0.00171443
1.77179	-0.00141855
1.80315	-0.00114373
1.83451	-0.000891817
1.86587	-0.000663942
1.89723	-0.000460597
1.92858	-0.000281727
1.95994	-0.000126809
1.9913	5.07053e-06
2.02266	0.000115909
2.05402	0.000209214
2.08538	0.000285633
2.11674	0.000346076
2.1481	0.000391692
2.17946	0.000423837
2.21082	0.000444049
2.24218	0.00045401
2.27353	0.000455519
2.30489	0.000450453
2.33625	0.000440732
2.36761	0.000428287
2.39897	0.000415016
2.43033	0.000402744
2.46169	0.000393168
2.49305	0.000387783
2.50873	0.000387783
