-0.0156795	0.111829
0.0156795	0.111829
0.0470386	0.1118
0.0783977	0.111729
0.109757	0.111591
0.141116	0.111353
0.172475	0.110973
0.203834	0.110405
0.235193	0.109599
0.266552	0.108508
0.297911	0.107092
0.32927	0.105314
0.36063	0.103151
0.391989	0.10059
0.423348	0.09763
0.454707	0.0942853
0.486066	0.090582
0.517425	0.0865583
0.548784	0.0822626
0.580143	0.0777511
0.611502	0.0730859
0.642861	0.0683321
0.674221	0.0635551
0.70558	0.0588184
0.736939	0.0541813
0.768298	0.0496968
0.799657	0.0454106
0.831016	0.0413597
0.862375	0.0375722
0.893734	0.034067
0.925093	0.0308544
0.956452	0.0279365
0.987811	0.0253079
1.01917	0.0229575
1.05053	0.0208688
1.08189	0.019022
1.11325	0.0173945
1.14461	0.0159625
1.17597	0.0147018
1.20733	0.0135885
1.23868	0.0126002
1.27004	0.0117161
1.3014	0.0109175
1.33276	0.0101882
1.36412	0.0095142
1.39548	0.00888424
1.42684	0.00828919
1.4582	0.00772216
1.48956	0.00717814
1.52092	0.00665384
1.55228	0.00614733
1.58363	0.00565782
1.61499	0.00518538
1.64635	0.00473067
1.67771	0.00429477
1.70907	0.00387895
1.74043	0.00348452
1.77179	0.00311271
1.80315	0.00276456
1.83451	0.00244086
1.86587	0.00214211
1.89723	0.00186849
1.92858	0.00161988
1.95994	0.00139585
1.9913	0.00119571
2.02266	0.00101729
2.05402	0.000855764
2.08538	0.000710865
2.11674	0.000582126
2.1481	0.000468901
2.17946	0.000370389
2.21082	0.000285659
2.24218	0.000213684
2.27353	0.000153371
2.30489	0.000103599
2.33625	6.32605e-05
2.36761	3.13019e-05
2.39897	6.77123e-06
2.43033	-1.11256e-05
2.46169	-2.29555e-05
2.49305	-2.89678e-05
2.50873	-2.89678e-05
