-0.0156795	0.0212458
0.0156795	0.0212458
0.0470386	0.0214169
0.0783977	0.0217634
0.109757	0.0222941
0.141116	0.0230213
0.172475	0.0239608
0.203834	0.0251303
0.235193	0.0265492
0.266552	0.0282368
0.297911	0.0302115
0.32927	0.0324885
0.36063	0.0350795
0.391989	0.0379901
0.423348	0.0412188
0.454707	0.0447558
0.486066	0.0485816
0.517425	0.0526662
0.548784	0.0569686
0.580143	0.0614368
0.611502	0.066008
0.642861	0.0706099
0.674221	0.0751613
0.70558	0.0795749
0.736939	0.0837589
0.768298	0.0876204
0.799657	0.0910675
0.831016	0.0940133
0.862375	0.0963783
0.893734	0.0980937
0.925093	0.099104
0.956452	0.0993694
0.987811	0.098867
1.01917	0.0975922
1.05053	0.095559
1.08189	0.0927993
1.11325	0.0893623
1.14461	0.0853121
1.17597	0.0807258
1.20733	0.0756909
1.23868	0.0703017
1.27004	0.0646566
1.3014	0.0588548
1.33276	0.0529931
1.36412	0.0471634
1.39548	0.0414501
1.42684	0.0359284
1.4582	0.0306628
1.48956	0.0257063
1.52092	0.0211
1.55228	0.016873
1.58363	0.0130434
1.61499	0.00961885
1.64635	0.00659754
1.67771	0.00396983
1.70907	0.00171949
1.74043	-0.000174915
1.77179	-0.00173861
1.80315	-0.00299936
1.83451	-0.00398631
1.86587	-0.00472904
1.89723	-0.00525674
1.92858	-0.00559757
1.95994	-0.0057782
1.9913	-0.00582346
2.02266	-0.00575572
2.05402	-0.00559044
2.08538	-0.00534185
2.11674	-0.0050239
2.1481	-0.00465029
2.17946	-0.00423445
2.21082	-0.00378958
2.24218	-0.00332874
2.27353	-0.00286492
2.30489	-0.00241112
2.33625	-0.00198051
2.36761	-0.00158644
2.39897	-0.00124256
2.43033	-0.000962866
2.46169	-0.0007617
2.49305	-0.000653708
2.50873	-0.000653708
