-0.0156795	0.00115163
0.0156795	0.00115163
0.0470386	0.001183
0.0783977	0.00124571
0.109757	0.00133972
0.141116	0.00146492
0.172475	0.00162115
0.203834	0.00180818
0.235193	0.00202567
0.266552	0.00227318
0.297911	0.00255016
0.32927	0.00285595
0.36063	0.00318981
0.391989	0.00355096
0.423348	0.00393868
0.454707	0.00435234
0.486066	0.00479159
0.517425	0.00525646
0.548784	0.00574756
0.580143	0.00626629
0.611502	0.00681504
0.642861	0.0073974
0.674221	0.00801849
0.70558	0.00868508
0.736939	0.00940588
0.768298	0.0101917
0.799657	0.0110554
0.831016	0.0120125
0.862375	0.0130801
0.893734	0.0142779
0.925093	0.0156271
0.956452	0.01715
0.987811	0.0188698
1.01917	0.0208095
1.05053	0.022991
1.08189	0.0254342
1.11325	0.0281553
1.14461	0.0311662
1.17597	0.0344725
1.20733	0.0380726
1.23868	0.0419565
1.27004	0.0461044
1.3014	0.0504864
1.33276	0.0550616
1.36412	0.0597784
1.39548	0.0645746
1.42684	0.0693786
1.4582	0.0741103
1.48956	0.0786835
1.52092	0.0830079
1.55228	0.0869917
1.58363	0.0905448
1.61499	0.0935816
1.64635	0.0960243
1.67771	0.0978055
1.70907	0.0988712
1.74043	0.0991829
1.77179	0.0987191
1.80315	0.0974764
1.83451	0.09547
1.86587	0.0927329
1.89723	0.0893152
1.92858	0.0852824
1.95994	0.0807127
1.9913	0.0756946
2.02266	0.0702863
2.05402	0.0644396
2.08538	0.0582382
2.11674	0.0517758
2.1481	0.0451543
2.17946	0.038482
2.21082	0.0318705
2.24218	0.0254331
2.27353	0.0192821
2.30489	0.0135275
2.33625	0.00827599
2.36761	0.00363116
2.39897	-0.000305324
2.43033	-0.00343099
2.46169	-0.00563843
2.49305	-0.00680974
2.50873	-0.00680974
