-0.0156795	0.0120003
0.0156795	0.0120003
0.0470386	0.0120567
0.0783977	0.0121717
0.109757	0.0123496
0.141116	0.0125969
0.172475	0.0129224
0.203834	0.0133371
0.235193	0.0138542
0.266552	0.0144893
0.297911	0.0152596
0.32927	0.0161847
0.36063	0.0172853
0.391989	0.0185833
0.423348	0.020101
0.454707	0.0218605
0.486066	0.0238824
0.517425	0.0261853
0.548784	0.0287841
0.580143	0.031689
0.611502	0.0349043
0.642861	0.0384269
0.674221	0.0422452
0.70558	0.0463381
0.736939	0.0506742
0.768298	0.0552115
0.799657	0.0598972
0.831016	0.0646681
0.862375	0.0694516
0.893734	0.0741669
0.925093	0.0787271
0.956452	0.0830412
0.987811	0.087017
1.01917	0.0905638
1.05053	0.0935957
1.08189	0.0960346
1.11325	0.0978128
1.14461	0.0988761
1.17597	0.0991858
1.20733	0.0987202
1.23868	0.0974756
1.27004	0.0954671
1.3014	0.0927274
1.33276	0.0893064
1.36412	0.085269
1.39548	0.0806928
1.42684	0.0756658
1.4582	0.0702828
1.48956	0.0646425
1.52092	0.0588443
1.55228	0.0529853
1.58363	0.0471577
1.61499	0.0414459
1.64635	0.0359254
1.67771	0.0306607
1.70907	0.0257048
1.74043	0.0210989
1.77179	0.0168723
1.80315	0.0130429
1.83451	0.00961849
1.86587	0.00659729
1.89723	0.00396967
1.92858	0.00171938
1.95994	-0.000174983
1.9913	-0.00173865
2.02266	-0.00300823
2.05402	-0.00403472
2.08538	-0.00483477
2.11674	-0.00542742
2.1481	-0.00583361
2.17946	-0.00607571
2.21082	-0.00617715
2.24218	-0.00616202
2.27353	-0.00605478
2.30489	-0.00588005
2.33625	-0.00566235
2.36761	-0.0054259
2.39897	-0.00519443
2.43033	-0.00499078
2.46169	-0.00483652
2.49305	-0.00475117
2.50873	-0.00475117
