-0.0156795	0.0195957
0.0156795	0.0195957
0.0470386	0.0197385
0.0783977	0.0200284
0.109757	0.0204743
0.141116	0.0210886
0.172475	0.0218875
0.203834	0.0228896
0.235193	0.0241156
0.266552	0.0255867
0.297911	0.0273242
0.32927	0.0293475
0.36063	0.0316729
0.391989	0.0343123
0.423348	0.0372718
0.454707	0.0405498
0.486066	0.0441362
0.517425	0.0480114
0.548784	0.0521448
0.580143	0.056495
0.611502	0.0610097
0.642861	0.0656257
0.674221	0.07027
0.70558	0.0748614
0.736939	0.0793122
0.768298	0.0835307
0.799657	0.0874235
0.831016	0.090899
0.862375	0.0938701
0.893734	0.0962576
0.925093	0.0979927
0.956452	0.0990202
0.987811	0.0993004
1.01917	0.0988106
1.05053	0.0975465
1.08189	0.0955222
1.11325	0.09277
1.14461	0.089339
1.17597	0.0852938
1.20733	0.0807116
1.23868	0.0756798
1.27004	0.0702932
1.3014	0.0646502
1.33276	0.0588499
1.36412	0.0529894
1.39548	0.0471606
1.42684	0.0414481
1.4582	0.0359269
1.48956	0.0306617
1.52092	0.0257055
1.55228	0.0210994
1.58363	0.0168726
1.61499	0.0130432
1.64635	0.00961866
1.67771	0.0065974
1.70907	0.00396974
1.74043	0.00171943
1.77179	-0.000174957
1.80315	-0.00173864
1.83451	-0.00299938
1.86587	-0.00398632
1.89723	-0.00472905
1.92858	-0.00525675
1.95994	-0.00559757
1.9913	-0.0057782
2.02266	-0.00582378
2.05402	-0.005754
2.08538	-0.00558422
2.11674	-0.00532973
2.1481	-0.00500559
2.17946	-0.00462668
2.21082	-0.00420773
2.24218	-0.0037633
2.27353	-0.00330793
2.30489	-0.00285621
2.33625	-0.00242287
2.36761	-0.00202287
2.39897	-0.00167144
2.43033	-0.00138412
2.46169	-0.00117671
2.49305	-0.00106511
2.50873	-0.00106511
