-0.0156795	0.124251
0.0156795	0.124251
0.0470386	0.124202
0.0783977	0.124088
0.109757	0.123885
0.141116	0.123555
0.172475	0.123051
0.203834	0.122323
0.235193	0.121317
0.266552	0.11998
0.297911	0.118265
0.32927	0.116132
0.36063	0.113553
0.391989	0.11051
0.423348	0.107003
0.454707	0.103043
0.486066	0.0986578
0.517425	0.0938876
0.548784	0.0887847
0.580143	0.0834114
0.611502	0.0778369
0.642861	0.072135
0.674221	0.066381
0.70558	0.0606494
0.736939	0.0550107
0.768298	0.0495299
0.799657	0.0442642
0.831016	0.0392624
0.862375	0.0345631
0.893734	0.0301956
0.925093	0.0261788
0.956452	0.0225225
0.987811	0.019228
1.01917	0.0162888
1.05053	0.0136922
1.08189	0.0114204
1.11325	0.00945163
1.14461	0.00776145
1.17597	0.0063239
1.20733	0.00511247
1.23868	0.00410087
1.27004	0.00326377
1.3014	0.00257726
1.33276	0.00201924
1.36412	0.00156968
1.39548	0.00121067
1.42684	0.000926461
1.4582	0.000703426
1.48956	0.000529903
1.52092	0.000396061
1.55228	0.000293706
1.58363	0.000216098
1.61499	0.000157751
1.64635	0.000114256
1.67771	8.21058e-05
1.70907	5.85399e-05
1.74043	4.1411e-05
1.77179	2.90648e-05
1.80315	2.02399e-05
1.83451	1.39846e-05
1.86587	9.58755e-06
1.89723	6.52276e-06
1.92858	4.40481e-06
1.95994	2.95424e-06
1.9913	1.97048e-06
2.02266	1.3065e-06
2.05402	8.53721e-07
2.08538	5.49403e-07
2.11674	3.47932e-07
2.1481	2.16656e-07
2.17946	1.32531e-07
2.21082	7.95584e-08
2.24218	4.6812e-08
2.27353	2.69565e-08
2.30489	1.5126e-08
2.33625	8.2932e-09
2.36761	4.47903e-09
2.39897	2.39596e-09
2.43033	1.28421e-09
2.46169	7.19826e-10
2.49305	4.81357e-10
2.50873	4.81357e-10
