-0.0156795	0.000954728
0.0156795	0.000954728
0.0470386	0.00098308
0.0783977	0.00103982
0.109757	0.00112503
0.141116	0.00123877
0.172475	0.00138113
0.203834	0.00155214
0.235193	0.00175178
0.266552	0.00197994
0.297911	0.00223638
0.32927	0.00252078
0.36063	0.00283267
0.391989	0.00317151
0.423348	0.00353669
0.454707	0.00392763
0.486066	0.00434386
0.517425	0.00478513
0.548784	0.00525157
0.580143	0.0057439
0.611502	0.00626357
0.642861	0.00681302
0.674221	0.00739593
0.70558	0.00801742
0.736939	0.00868431
0.768298	0.00940532
0.799657	0.0101913
0.831016	0.0110552
0.862375	0.0120123
0.893734	0.01308
0.925093	0.0142778
0.956452	0.015627
0.987811	0.0171499
1.01917	0.0188697
1.05053	0.0208095
1.08189	0.022991
1.11325	0.0254342
1.14461	0.0281553
1.17597	0.0311662
1.20733	0.0344725
1.23868	0.0380726
1.27004	0.0419565
1.3014	0.0461044
1.33276	0.0504864
1.36412	0.0550616
1.39548	0.0597784
1.42684	0.0645747
1.4582	0.0693786
1.48956	0.0741103
1.52092	0.0786836
1.55228	0.083008
1.58363	0.0869918
1.61499	0.090545
1.64635	0.093582
1.67771	0.0960248
1.70907	0.0978062
1.74043	0.0988724
1.77179	0.0991846
1.80315	0.0987216
1.83451	0.09748
1.86587	0.0954751
1.89723	0.0927403
1.92858	0.0893259
1.95994	0.0852975
1.9913	0.0807339
2.02266	0.0756889
2.05402	0.0701165
2.08538	0.064094
2.11674	0.0577119
2.1481	0.0510725
2.17946	0.0442881
2.21082	0.0374781
2.24218	0.0307671
2.27353	0.0242828
2.30489	0.0181535
2.33625	0.012507
2.36761	0.00747051
2.39897	0.00317057
2.43033	-0.000264546
2.46169	-0.00270179
2.49305	-0.00399885
2.50873	-0.00399885
