-0.0156795	0.11484
0.0156795	0.11484
0.0470386	0.115061
0.0783977	0.115483
0.109757	0.116067
0.141116	0.116756
0.172475	0.11748
0.203834	0.118158
0.235193	0.1187
0.266552	0.119016
0.297911	0.119015
0.32927	0.118614
0.36063	0.11774
0.391989	0.116332
0.423348	0.114344
0.454707	0.111751
0.486066	0.108545
0.517425	0.104738
0.548784	0.100361
0.580143	0.0954594
0.611502	0.0900973
0.642861	0.0843491
0.674221	0.0782989
0.70558	0.0720367
0.736939	0.0656551
0.768298	0.0592458
0.799657	0.0528974
0.831016	0.0466917
0.862375	0.0407027
0.893734	0.0349939
0.925093	0.0296181
0.956452	0.0246165
0.987811	0.0200184
1.01917	0.0158422
1.05053	0.0120956
1.08189	0.00877704
1.11325	0.0058766
1.14461	0.00337773
1.17597	0.00125841
1.20733	-0.000507365
1.23868	-0.00194837
1.27004	-0.00309493
1.3014	-0.00397793
1.33276	-0.00462798
1.36412	-0.00507472
1.39548	-0.00534633
1.42684	-0.00546915
1.4582	-0.0054675
1.48956	-0.00536349
1.52092	-0.00517706
1.55228	-0.004926
1.58363	-0.00462602
1.61499	-0.0042909
1.64635	-0.00393258
1.67771	-0.00356138
1.70907	-0.00318606
1.74043	-0.00281401
1.77179	-0.00245136
1.80315	-0.00210309
1.83451	-0.00177315
1.86587	-0.00146457
1.89723	-0.00117952
1.92858	-0.000919448
1.95994	-0.000685107
1.9913	-0.000476686
2.02266	-0.000292578
2.05402	-0.000128304
2.08538	1.60246e-05
2.11674	0.00014066
2.1481	0.000246202
2.17946	0.000333576
2.21082	0.000404008
2.24218	0.000458989
2.27353	0.000500235
2.30489	0.000529639
2.33625	0.000549216
2.36761	0.000561037
2.39897	0.000567162
2.43033	0.000569544
2.46169	0.000569926
2.49305	0.000569695
2.50873	0.000569695
