-0.0156795	-0.00998581
0.0156795	-0.00998581
0.0470386	-0.00958391
0.0783977	-0.00877759
0.109757	-0.00756213
0.141116	-0.00593119
0.172475	-0.00387773
0.203834	-0.00139514
0.235193	0.00152145
0.266552	0.00487373
0.297911	0.00865859
0.32927	0.0128667
0.36063	0.0174809
0.391989	0.0224751
0.423348	0.0278133
0.454707	0.0334487
0.486066	0.0393237
0.517425	0.0453702
0.548784	0.0515101
0.580143	0.0576568
0.611502	0.0637172
0.642861	0.0695933
0.674221	0.0751859
0.70558	0.0803965
0.736939	0.085131
0.768298	0.0893029
0.799657	0.0928358
0.831016	0.0956662
0.862375	0.0977463
0.893734	0.0990449
0.925093	0.0995489
0.956452	0.0992637
0.987811	0.0982125
1.01917	0.0964359
1.05053	0.0939895
1.08189	0.0909421
1.11325	0.087373
1.14461	0.0833692
1.17597	0.0790218
1.20733	0.0744237
1.23868	0.069666
1.27004	0.0648357
1.3014	0.0600136
1.33276	0.0552718
1.36412	0.0506729
1.39548	0.046269
1.42684	0.0421012
1.4582	0.0381997
1.48956	0.0345845
1.52092	0.0312659
1.55228	0.0282454
1.58363	0.0255176
1.61499	0.0230706
1.64635	0.0208883
1.67771	0.0189508
1.70907	0.0172362
1.74043	0.0157216
1.77179	0.0143837
1.80315	0.0132003
1.83451	0.01215
1.86587	0.0112135
1.89723	0.0103733
1.92858	0.00961431
1.95994	0.00892356
1.9913	0.00829042
2.02266	0.00770225
2.05402	0.00713908
2.08538	0.00659725
2.11674	0.00607436
2.1481	0.00556929
2.17946	0.00508214
2.21082	0.00461418
2.24218	0.00416775
2.27353	0.00374624
2.30489	0.00335395
2.33625	0.00299601
2.36761	0.00267838
2.39897	0.00240774
2.43033	0.00219154
2.46169	0.00203801
2.49305	0.00195622
2.50873	0.00195622
