-0.0156795	0.0560005
0.0156795	0.0560005
0.0470386	0.0566778
0.0783977	0.0580123
0.109757	0.0599647
0.141116	0.0624775
0.172475	0.065476
0.203834	0.0688707
0.235193	0.0725597
0.266552	0.0764313
0.297911	0.0803675
0.32927	0.084247
0.36063	0.0879491
0.391989	0.0913569
0.423348	0.0943615
0.454707	0.0968645
0.486066	0.0987816
0.517425	0.100045
0.548784	0.100605
0.580143	0.100431
0.611502	0.0995148
0.642861	0.0978651
0.674221	0.0955117
0.70558	0.0925012
0.736939	0.0888959
0.768298	0.0847703
0.799657	0.0802091
0.831016	0.075303
0.862375	0.0701461
0.893734	0.0648324
0.925093	0.0594533
0.956452	0.0540942
0.987811	0.0488332
1.01917	0.0437389
1.05053	0.0388693
1.08189	0.0342714
1.11325	0.0299808
1.14461	0.0260219
1.17597	0.0224088
1.20733	0.0191462
1.23868	0.0162305
1.27004	0.013651
1.3014	0.0113915
1.33276	0.00943145
1.36412	0.0077475
1.39548	0.00631434
1.42684	0.00510597
1.4582	0.00409648
1.48956	0.00326083
1.52092	0.0025753
1.55228	0.00201796
1.58363	0.00156884
1.61499	0.00121012
1.64635	0.000926112
1.67771	0.000703205
1.70907	0.000529767
1.74043	0.00039598
1.77179	0.000293665
1.80315	0.000216085
1.83451	0.000157764
1.86587	0.000114294
1.89723	8.21741e-05
1.92858	5.86488e-05
1.95994	4.15765e-05
1.9913	2.93106e-05
2.02266	2.0539e-05
2.05402	1.41966e-05
2.08538	9.67264e-06
2.11674	6.49159e-06
2.1481	4.28805e-06
2.17946	2.78548e-06
2.21082	1.77775e-06
2.24218	1.11359e-06
2.27353	6.8391e-07
2.30489	4.11312e-07
2.33625	2.41981e-07
2.36761	1.39153e-07
2.39897	7.83347e-08
2.43033	4.35782e-08
2.46169	2.48753e-08
2.49305	1.66541e-08
2.50873	1.66541e-08
