-0.0156795	0.000166439
0.0156795	0.000166439
0.0470386	0.000175374
0.0783977	0.000193457
0.109757	0.00022111
0.141116	0.000258953
0.172475	0.000307791
0.203834	0.000368597
0.235193	0.000442485
0.266552	0.000530683
0.297911	0.0006345
0.32927	0.000755289
0.36063	0.000894407
0.391989	0.00105317
0.423348	0.00123283
0.454707	0.00143448
0.486066	0.0016591
0.517425	0.00190746
0.548784	0.00218011
0.580143	0.00247741
0.611502	0.00279948
0.642861	0.00314629
0.674221	0.00351768
0.70558	0.0039134
0.736939	0.00433328
0.768298	0.00477732
0.799657	0.00524586
0.831016	0.00573975
0.862375	0.00626057
0.893734	0.00681087
0.925093	0.0073944
0.956452	0.00801634
0.987811	0.00868355
1.01917	0.0094048
1.05053	0.0101909
1.08189	0.0110549
1.11325	0.0120121
1.14461	0.0130799
1.17597	0.0142778
1.20733	0.015627
1.23868	0.0171499
1.27004	0.0188698
1.3014	0.0208096
1.33276	0.0229912
1.36412	0.0254345
1.39548	0.0281558
1.42684	0.031167
1.4582	0.0344738
1.48956	0.0380746
1.52092	0.0419594
1.55228	0.0461088
1.58363	0.0504929
1.61499	0.0550712
1.64635	0.0597924
1.67771	0.0645949
1.70907	0.0694076
1.74043	0.0741517
1.77179	0.078742
1.80315	0.0830899
1.83451	0.0871059
1.86587	0.0907024
1.89723	0.0937975
1.92858	0.0963176
1.95994	0.0982009
1.9913	0.0994002
2.02266	0.0998883
2.05402	0.099637
2.08538	0.0986056
2.11674	0.0967739
2.1481	0.0941464
2.17946	0.0907566
2.21082	0.0866704
2.24218	0.0819896
2.27353	0.076853
2.30489	0.0714378
2.33625	0.0659585
2.36761	0.0606634
2.39897	0.0558298
2.43033	0.0517555
2.46169	0.0487474
2.49305	0.047106
2.50873	0.047106
