-0.0156795	0.0826009
0.0156795	0.0826009
0.0470386	0.0830962
0.0783977	0.0840641
0.109757	0.0854603
0.141116	0.0872205
0.172475	0.0892629
0.203834	0.0914918
0.235193	0.0938014
0.266552	0.0960796
0.297911	0.098213
0.32927	0.100091
0.36063	0.10161
0.391989	0.102677
0.423348	0.103215
0.454707	0.103163
0.486066	0.102477
0.517425	0.101137
0.548784	0.0991403
0.580143	0.0965057
0.611502	0.0932696
0.642861	0.0894848
0.674221	0.085218
0.70558	0.0805465
0.736939	0.0755552
0.768298	0.0703331
0.799657	0.0649699
0.831016	0.0595535
0.862375	0.0541667
0.893734	0.0488852
0.925093	0.0437759
0.956452	0.0388954
0.987811	0.0342897
1.01917	0.0299935
1.05053	0.0260306
1.08189	0.0224148
1.11325	0.0191503
1.14461	0.0162332
1.17597	0.0136528
1.20733	0.0113927
1.23868	0.00943224
1.27004	0.00774801
1.3014	0.00631467
1.33276	0.00510618
1.36412	0.00409662
1.39548	0.00326091
1.42684	0.00257535
1.4582	0.00201799
1.48956	0.00156886
1.52092	0.00121013
1.55228	0.000926117
1.58363	0.000703206
1.61499	0.000529764
1.64635	0.000395973
1.67771	0.000293652
1.70907	0.000216065
1.74043	0.000157733
1.77179	0.000114247
1.80315	8.21039e-05
1.83451	5.85443e-05
1.86587	4.14221e-05
1.89723	2.90844e-05
1.92858	2.02714e-05
1.95994	1.40331e-05
1.9913	9.66101e-06
2.02266	6.61128e-06
2.05402	4.46103e-06
2.08538	2.96602e-06
2.11674	1.94169e-06
2.1481	1.25056e-06
2.17946	7.91707e-07
2.21082	4.92213e-07
2.24218	3.00198e-07
2.27353	1.79415e-07
2.30489	1.04937e-07
2.33625	5.99992e-08
2.36761	3.34968e-08
2.39897	1.82297e-08
2.43033	9.79439e-09
2.46169	5.46043e-09
2.49305	3.62606e-09
2.50873	3.62606e-09
