-0.0156795	0.00527647
0.0156795	0.00527647
0.0470386	0.00532593
0.0783977	0.00542453
0.109757	0.00557169
0.141116	0.00576665
0.172475	0.0060086
0.203834	0.00629687
0.235193	0.00663114
0.266552	0.00701169
0.297911	0.00743964
0.32927	0.00791726
0.36063	0.00844821
0.391989	0.00903786
0.423348	0.0096935
0.454707	0.0104245
0.486066	0.0112427
0.517425	0.0121619
0.548784	0.0131986
0.580143	0.0143712
0.611502	0.0156999
0.642861	0.0172065
0.674221	0.0189133
0.70558	0.0208428
0.736939	0.0230163
0.768298	0.0254532
0.799657	0.0281696
0.831016	0.0311768
0.862375	0.0344803
0.893734	0.0380783
0.925093	0.0419607
0.956452	0.0461074
0.987811	0.0504886
1.01917	0.0550632
1.05053	0.0597795
1.08189	0.0645754
1.11325	0.0693791
1.14461	0.0741106
1.17597	0.0786837
1.20733	0.083008
1.23868	0.0869917
1.27004	0.0905448
1.3014	0.0935815
1.33276	0.096024
1.36412	0.097805
1.39548	0.0988704
1.42684	0.0991817
1.4582	0.0987172
1.48956	0.0974735
1.52092	0.0954656
1.55228	0.0927263
1.58363	0.0893057
1.61499	0.0852685
1.64635	0.0806925
1.67771	0.0756656
1.70907	0.0702826
1.74043	0.0646423
1.77179	0.0588442
1.80315	0.0529853
1.83451	0.0471577
1.86587	0.041446
1.89723	0.0359255
1.92858	0.0306609
1.95994	0.0257051
1.9913	0.0210994
2.02266	0.0168434
2.05402	0.012862
2.08538	0.0091823
2.11674	0.00582361
2.1481	0.00279717
2.17946	0.00010647
2.21082	-0.00225231
2.24218	-0.00428953
2.27353	-0.00602103
2.30489	-0.00746693
2.33625	-0.00865013
2.36761	-0.00959465
2.39897	-0.0103237
2.43033	-0.0108578
2.46169	-0.0112117
2.49305	-0.0113918
2.50873	-0.0113918
