-0.0156795	0.000786182
0.0156795	0.000786182
0.0470386	0.000811554
0.0783977	0.000862393
0.109757	0.000938873
0.141116	0.00104124
0.172475	0.00116976
0.203834	0.00132473
0.235193	0.00150641
0.266552	0.00171498
0.297911	0.00195056
0.32927	0.00221311
0.36063	0.00250249
0.391989	0.0028184
0.423348	0.00316047
0.454707	0.00352821
0.486066	0.00392117
0.517425	0.00433898
0.548784	0.00478146
0.580143	0.00524885
0.611502	0.00574189
0.642861	0.00626209
0.674221	0.00681195
0.70558	0.00739516
0.736939	0.00801686
0.768298	0.00868391
0.799657	0.00940505
0.831016	0.0101911
0.862375	0.011055
0.893734	0.0120122
0.925093	0.0130799
0.956452	0.0142778
0.987811	0.015627
1.01917	0.0171499
1.05053	0.0188697
1.08189	0.0208095
1.11325	0.022991
1.14461	0.0254342
1.17597	0.0281553
1.20733	0.0311662
1.23868	0.0344725
1.27004	0.0380726
1.3014	0.0419565
1.33276	0.0461044
1.36412	0.0504864
1.39548	0.0550617
1.42684	0.0597785
1.4582	0.0645747
1.48956	0.0693787
1.52092	0.0741104
1.55228	0.0786837
1.58363	0.0830082
1.61499	0.0869922
1.64635	0.0905455
1.67771	0.0935827
1.70907	0.0960259
1.74043	0.0978079
1.77179	0.0988748
1.80315	0.0991882
1.83451	0.0987267
1.86587	0.0974875
1.89723	0.0954858
1.92858	0.0927554
1.95994	0.0893471
1.9913	0.085327
2.02266	0.0807426
2.05402	0.0755493
2.08538	0.0698153
2.11674	0.0636249
2.1481	0.0570776
2.17946	0.0502864
2.21082	0.0433758
2.24218	0.0364798
2.27353	0.0297392
2.30489	0.0232998
2.33625	0.0173104
2.36761	0.0119221
2.39897	0.00728753
2.43033	0.00356243
2.46169	0.000907178
2.49305	-0.000510079
2.50873	-0.000510079
