-0.0156795	0.0535895
0.0156795	0.0535895
0.0470386	0.0541572
0.0783977	0.0552819
0.109757	0.0569423
0.141116	0.0591064
0.172475	0.0617314
0.203834	0.0647642
0.235193	0.0681415
0.266552	0.0717905
0.297911	0.0756296
0.32927	0.0795695
0.36063	0.0835151
0.391989	0.087367
0.423348	0.0910242
0.454707	0.094386
0.486066	0.0973555
0.517425	0.099842
0.548784	0.101764
0.580143	0.103051
0.611502	0.103648
0.642861	0.103515
0.674221	0.10263
0.70558	0.100991
0.736939	0.0986117
0.768298	0.0955257
0.799657	0.0917828
0.831016	0.0874482
0.862375	0.0825994
0.893734	0.0773239
0.925093	0.071716
0.956452	0.0658736
0.987811	0.0598952
1.01917	0.0538767
1.05053	0.0479088
1.08189	0.0420747
1.11325	0.0364482
1.14461	0.0310925
1.17597	0.0260591
1.20733	0.0213876
1.23868	0.0171059
1.27004	0.0132307
1.3014	0.00976832
1.33276	0.00671603
1.36412	0.0040631
1.39548	0.00179238
1.42684	-0.000118355
1.4582	-0.00169504
1.48956	-0.00296603
1.52092	-0.003961
1.55228	-0.00470996
1.58363	-0.00524246
1.61499	-0.00558696
1.64635	-0.00577037
1.67771	-0.00581773
1.70907	-0.00575203
1.74043	-0.00559411
1.77179	-0.00536266
1.80315	-0.0050743
1.83451	-0.00474368
1.86587	-0.00438358
1.89723	-0.00400506
1.92858	-0.00361765
1.95994	-0.00322944
1.9913	-0.00284721
2.02266	-0.00247397
2.05402	-0.0021054
2.08538	-0.00174583
2.11674	-0.00139915
2.1481	-0.0010688
2.17946	-0.00075776
2.21082	-0.000468543
2.24218	-0.000203202
2.27353	3.66485e-05
2.30489	0.000249795
2.33625	0.000435353
2.36761	0.000592661
2.39897	0.000721134
2.43033	0.000820051
2.46169	0.000888287
2.49305	0.000923953
2.50873	0.000923953
