-0.0156795	0.064249
0.0156795	0.064249
0.0470386	0.0648874
0.0783977	0.0661427
0.109757	0.0679725
0.141116	0.0703149
0.172475	0.0730901
0.203834	0.0762036
0.235193	0.0795484
0.266552	0.083009
0.297911	0.0864649
0.32927	0.0897942
0.36063	0.0928781
0.391989	0.0956043
0.423348	0.0978709
0.454707	0.0995894
0.486066	0.100688
0.517425	0.101112
0.548784	0.100828
0.580143	0.0998221
0.611502	0.0981013
0.642861	0.0956916
0.674221	0.0926372
0.70558	0.0889977
0.736939	0.084846
0.768298	0.0802648
0.799657	0.0753437
0.831016	0.0701755
0.862375	0.0648536
0.893734	0.0594683
0.925093	0.0541048
0.956452	0.0488407
0.987811	0.0437441
1.01917	0.0388729
1.05053	0.0342739
1.08189	0.0299825
1.11325	0.026023
1.14461	0.0224096
1.17597	0.0191467
1.20733	0.0162308
1.23868	0.0136512
1.27004	0.0113916
1.3014	0.00943154
1.33276	0.00774755
1.36412	0.00631437
1.39548	0.00510599
1.42684	0.0040965
1.4582	0.00326084
1.48956	0.00257531
1.52092	0.00201796
1.55228	0.00156884
1.58363	0.00121012
1.61499	0.000926111
1.64635	0.000703203
1.67771	0.000529763
1.70907	0.000395975
1.74043	0.000293656
1.77179	0.000216072
1.80315	0.000157744
1.83451	0.000114265
1.86587	8.21313e-05
1.89723	5.85857e-05
1.92858	4.1484e-05
1.95994	2.91763e-05
1.9913	2.04066e-05
2.02266	1.41871e-05
2.05402	9.72779e-06
2.08538	6.57408e-06
2.11674	4.37563e-06
2.1481	2.86608e-06
2.17946	1.84587e-06
2.21082	1.16782e-06
2.24218	7.25049e-07
2.27353	4.41262e-07
2.30489	2.62934e-07
2.33625	1.53227e-07
2.36761	8.72542e-08
2.39897	4.86324e-08
2.43033	2.67225e-08
2.46169	1.50657e-08
2.49305	1.00229e-08
2.50873	1.00229e-08
