-0.0156795	0.000268571
0.0156795	0.000268571
0.0470386	0.000281183
0.0783977	0.000306627
0.109757	0.000345335
0.141116	0.000397935
0.172475	0.000465233
0.203834	0.000548186
0.235193	0.000647863
0.266552	0.000765412
0.297911	0.000902017
0.32927	0.00105885
0.36063	0.00123703
0.391989	0.00143757
0.423348	0.00166135
0.454707	0.00190908
0.486066	0.00218128
0.517425	0.00247824
0.548784	0.00280007
0.580143	0.00314671
0.611502	0.00351796
0.642861	0.00391359
0.674221	0.00433341
0.70558	0.00477741
0.736939	0.00524592
0.768298	0.00573979
0.799657	0.0062606
0.831016	0.00681089
0.862375	0.00739441
0.893734	0.00801635
0.925093	0.00868356
0.956452	0.0094048
0.987811	0.0101909
1.01917	0.0110549
1.05053	0.0120121
1.08189	0.0130799
1.11325	0.0142778
1.14461	0.0156269
1.17597	0.0171499
1.20733	0.0188697
1.23868	0.0208095
1.27004	0.022991
1.3014	0.0254342
1.33276	0.0281554
1.36412	0.0311663
1.39548	0.0344727
1.42684	0.038073
1.4582	0.041957
1.48956	0.0461053
1.52092	0.0504877
1.55228	0.0550636
1.58363	0.0597814
1.61499	0.064579
1.64635	0.0693851
1.67771	0.0741198
1.70907	0.0786974
1.74043	0.0830281
1.77179	0.0870207
1.80315	0.0905861
1.83451	0.09364
1.86587	0.096106
1.89723	0.0979192
1.92858	0.0990281
1.95994	0.0993977
1.9913	0.0990108
2.02266	0.0978614
2.05402	0.0959127
2.08538	0.0931568
2.11674	0.0896086
2.1481	0.0853088
2.17946	0.0803262
2.21082	0.0747593
2.24218	0.0687377
2.27353	0.0624219
2.30489	0.0560026
2.33625	0.0496987
2.36761	0.0437543
2.39897	0.0384344
2.43033	0.0340189
2.46169	0.0307952
2.49305	0.0290484
2.50873	0.0290484
