-0.0156795	0.0965908
0.0156795	0.0965908
0.0470386	0.0970181
0.0783977	0.097851
0.109757	0.0990471
0.141116	0.100545
0.172475	0.102266
0.203834	0.104118
0.235193	0.105999
0.266552	0.107801
0.297911	0.109414
0.32927	0.110731
0.36063	0.111651
0.391989	0.112083
0.423348	0.11195
0.454707	0.111194
0.486066	0.109772
0.517425	0.107664
0.548784	0.10487
0.580143	0.10141
0.611502	0.097322
0.642861	0.0926628
0.674221	0.0875033
0.70558	0.0819261
0.736939	0.0760223
0.768298	0.0698882
0.799657	0.0636215
0.831016	0.0573185
0.862375	0.051071
0.893734	0.0449635
0.925093	0.0390716
0.956452	0.03346
0.987811	0.0281819
1.01917	0.0232786
1.05053	0.0187792
1.08189	0.0147013
1.11325	0.0110519
1.14461	0.00782858
1.17597	0.00502069
1.20733	0.00261078
1.23868	0.000576134
1.27004	-0.00110989
1.3014	-0.00247654
1.33276	-0.00355446
1.36412	-0.00437475
1.39548	-0.00496805
1.42684	-0.00536395
1.4582	-0.00559045
1.48956	-0.00567363
1.52092	-0.00563746
1.55228	-0.00550368
1.58363	-0.00529181
1.61499	-0.0050192
1.64635	-0.00470114
1.67771	-0.00435097
1.70907	-0.00398026
1.74043	-0.00359892
1.77179	-0.0032154
1.80315	-0.00283676
1.83451	-0.00246886
1.86587	-0.00211645
1.89723	-0.00178327
1.92858	-0.00147218
1.95994	-0.0011852
1.9913	-0.000923649
2.02266	-0.000686537
2.05402	-0.000468936
2.08538	-0.000271733
2.11674	-9.5401e-05
2.1481	5.99931e-05
2.17946	0.00019478
2.21082	0.000309669
2.24218	0.000405715
2.27353	0.000484284
2.30489	0.000546994
2.33625	0.000595658
2.36761	0.000632195
2.39897	0.000658536
2.43033	0.000676501
2.46169	0.000687639
2.49305	0.000693033
2.50873	0.000693033
