-0.0156795	0.0166999
0.0156795	0.0166999
0.0470386	0.0167992
0.0783977	0.0170018
0.109757	0.0173155
0.141116	0.0177518
0.172475	0.0183257
0.203834	0.0190551
0.235193	0.0199602
0.266552	0.0210632
0.297911	0.0223873
0.32927	0.0239556
0.36063	0.0257903
0.391989	0.0279113
0.423348	0.030335
0.454707	0.0330731
0.486066	0.0361308
0.517425	0.039506
0.548784	0.0431878
0.580143	0.0471555
0.611502	0.0513778
0.642861	0.0558128
0.674221	0.0604072
0.70558	0.0650975
0.736939	0.0698104
0.768298	0.0744646
0.799657	0.0789722
0.831016	0.0832414
0.862375	0.0871794
0.893734	0.0906945
0.925093	0.0937002
0.956452	0.0961174
0.987811	0.097878
1.01917	0.098927
1.05053	0.0992253
1.08189	0.0987505
1.11325	0.0974988
1.14461	0.0954846
1.17597	0.0927406
1.20733	0.0893163
1.23868	0.0852763
1.27004	0.0806982
1.3014	0.0756697
1.33276	0.0702856
1.36412	0.0646445
1.39548	0.0588457
1.42684	0.0529864
1.4582	0.0471584
1.48956	0.0414464
1.52092	0.0359257
1.55228	0.0306609
1.58363	0.025705
1.61499	0.021099
1.64635	0.0168723
1.67771	0.013043
1.70907	0.00961852
1.74043	0.00659731
1.77179	0.00396968
1.80315	0.00171939
1.83451	-0.000174985
1.86587	-0.00173866
1.89723	-0.00299939
1.92858	-0.00398633
1.95994	-0.00472906
1.9913	-0.00525675
2.02266	-0.00559997
2.05402	-0.00578799
2.08538	-0.00583811
2.11674	-0.00576798
2.1481	-0.00559544
2.17946	-0.00533837
2.21082	-0.00501463
2.24218	-0.00464207
2.27353	-0.00423852
2.30489	-0.00382186
2.33625	-0.00341011
2.36761	-0.00302141
2.39897	-0.00267408
2.43033	-0.00238653
2.46169	-0.00217713
2.49305	-0.00206386
2.50873	-0.00206386
