-0.0156795	0.174574
0.0156795	0.174574
0.0470386	0.173419
0.0783977	0.171131
0.109757	0.167756
0.141116	0.163359
0.172475	0.158026
0.203834	0.151856
0.235193	0.144963
0.266552	0.13747
0.297911	0.129507
0.32927	0.121205
0.36063	0.112696
0.391989	0.104107
0.423348	0.0955557
0.454707	0.0871532
0.486066	0.078997
0.517425	0.0711719
0.548784	0.0637481
0.580143	0.056781
0.611502	0.0503114
0.642861	0.0443658
0.674221	0.0389571
0.70558	0.0340863
0.736939	0.0297434
0.768298	0.0259094
0.799657	0.0225577
0.831016	0.019656
0.862375	0.0171675
0.893734	0.0150533
0.925093	0.0132726
0.956452	0.0117851
0.987811	0.0105511
1.01917	0.009533
1.05053	0.00869555
1.08189	0.00800651
1.11325	0.00743691
1.14461	0.00696123
1.17597	0.00655742
1.20733	0.00620686
1.23868	0.00589416
1.27004	0.00560696
1.3014	0.00533569
1.33276	0.00507321
1.36412	0.00481456
1.39548	0.00455657
1.42684	0.00429761
1.4582	0.00403723
1.48956	0.00377592
1.52092	0.00351484
1.55228	0.00325559
1.58363	0.003
1.61499	0.00275001
1.64635	0.0025075
1.67771	0.0022742
1.70907	0.00205162
1.74043	0.001841
1.77179	0.00164328
1.80315	0.0014591
1.83451	0.00128883
1.86587	0.00113255
1.89723	0.000990123
1.92858	0.000861198
1.95994	0.000745271
1.9913	0.000641712
2.02266	0.000549162
2.05402	0.000464914
2.08538	0.000388649
2.11674	0.000319992
2.1481	0.000258527
2.17946	0.000203816
2.21082	0.000155415
2.24218	0.000112893
2.27353	7.58432e-05
2.30489	4.38979e-05
2.33625	1.67437e-05
2.36761	-5.86668e-06
2.39897	-2.40992e-05
2.43033	-3.80212e-05
2.46169	-4.75779e-05
2.49305	-5.25608e-05
2.50873	-5.25608e-05
