-0.0156795	0.00164253
0.0156795	0.00164253
0.0470386	0.00167979
0.0783977	0.00175415
0.109757	0.00186528
0.141116	0.00201266
0.172475	0.00219563
0.203834	0.00241337
0.235193	0.00266491
0.266552	0.00294914
0.297911	0.00326492
0.32927	0.00361103
0.36063	0.00398635
0.391989	0.00438988
0.423348	0.00482092
0.454707	0.00527921
0.486066	0.00576507
0.517425	0.00627966
0.548784	0.00682516
0.580143	0.00740501
0.611502	0.00802416
0.642861	0.00868928
0.674221	0.00940896
0.70558	0.0101939
0.736939	0.0110571
0.768298	0.0120136
0.799657	0.013081
0.831016	0.0142785
0.862375	0.0156275
0.893734	0.0171502
0.925093	0.01887
0.956452	0.0208096
0.987811	0.0229911
1.01917	0.0254342
1.05053	0.0281553
1.08189	0.0311662
1.11325	0.0344725
1.14461	0.0380726
1.17597	0.0419565
1.20733	0.0461044
1.23868	0.0504864
1.27004	0.0550616
1.3014	0.0597784
1.33276	0.0645746
1.36412	0.0693786
1.39548	0.0741103
1.42684	0.0786835
1.4582	0.0830078
1.48956	0.0869916
1.52092	0.0905447
1.55228	0.0935815
1.58363	0.096024
1.61499	0.097805
1.64635	0.0988705
1.67771	0.0991819
1.70907	0.0987175
1.74043	0.097474
1.77179	0.0954664
1.80315	0.0927276
1.83451	0.0893076
1.86587	0.0852714
1.89723	0.0806969
1.92858	0.0756721
1.95994	0.0702922
1.9913	0.0646563
2.02266	0.0588237
2.05402	0.0527411
2.08538	0.0464955
2.11674	0.0401783
2.1481	0.0338822
2.17946	0.0277001
2.21082	0.0217217
2.24218	0.0160328
2.27353	0.0107128
2.30489	0.00583465
2.33625	0.00146476
2.36761	-0.00233612
2.39897	-0.00551048
2.43033	-0.00800041
2.46169	-0.00974257
2.49305	-0.0106615
2.50873	-0.0106615
