-0.0156795	0.00194243
0.0156795	0.00194243
0.0470386	0.00198242
0.0783977	0.00206217
0.109757	0.0021812
0.141116	0.00233881
0.172475	0.00253406
0.203834	0.00276586
0.235193	0.00303294
0.266552	0.00333393
0.297911	0.00366743
0.32927	0.00403208
0.36063	0.00442668
0.391989	0.0048503
0.423348	0.00530248
0.454707	0.00578336
0.486066	0.00629393
0.517425	0.0068362
0.548784	0.00741349
0.580143	0.00803062
0.611502	0.00869416
0.642861	0.00941262
0.674221	0.0101966
0.70558	0.0110591
0.736939	0.0120151
0.768298	0.013082
0.799657	0.0142793
0.831016	0.015628
0.862375	0.0171506
0.893734	0.0188702
0.925093	0.0208098
0.956452	0.0229913
0.987811	0.0254343
1.01917	0.0281554
1.05053	0.0311662
1.08189	0.0344725
1.11325	0.0380726
1.14461	0.0419565
1.17597	0.0461044
1.20733	0.0504864
1.23868	0.0550616
1.27004	0.0597784
1.3014	0.0645746
1.33276	0.0693786
1.36412	0.0741103
1.39548	0.0786835
1.42684	0.0830078
1.4582	0.0869916
1.48956	0.0905447
1.52092	0.0935814
1.55228	0.096024
1.58363	0.097805
1.61499	0.0988705
1.64635	0.0991817
1.67771	0.0987173
1.70907	0.0974737
1.74043	0.0954659
1.77179	0.0927269
1.80315	0.0893065
1.83451	0.0852697
1.86587	0.0806944
1.89723	0.0756685
1.92858	0.070287
1.95994	0.0646489
1.9913	0.0588538
2.02266	0.0529581
2.05402	0.0469053
2.08538	0.0407801
2.11674	0.0346687
2.1481	0.0286559
2.17946	0.0228239
2.21082	0.0172498
2.24218	0.0120042
2.27353	0.0071504
2.30489	0.00274377
2.33625	-0.00116747
2.36761	-0.00454098
2.39897	-0.00733763
2.43033	-0.00951776
2.46169	-0.0110359
2.49305	-0.0118343
2.50873	-0.0118343
