-0.0156795	0.123487
0.0156795	0.123487
0.0470386	0.123268
0.0783977	0.122823
0.109757	0.122138
0.141116	0.121194
0.172475	0.119966
0.203834	0.118431
0.235193	0.116564
0.266552	0.114346
0.297911	0.11176
0.32927	0.1088
0.36063	0.105468
0.391989	0.101775
0.423348	0.0977433
0.454707	0.0934064
0.486066	0.088806
0.517425	0.0839922
0.548784	0.0790215
0.580143	0.0739544
0.611502	0.0688535
0.642861	0.063781
0.674221	0.0587964
0.70558	0.053955
0.736939	0.0493054
0.768298	0.0448893
0.799657	0.0407396
0.831016	0.0368807
0.862375	0.0333279
0.893734	0.0300881
0.925093	0.0271606
0.956452	0.0245373
0.987811	0.0222045
1.01917	0.0201436
1.05053	0.0183328
1.08189	0.0167475
1.11325	0.0153624
1.14461	0.0141518
1.17597	0.0130904
1.20733	0.0121547
1.23868	0.0113228
1.27004	0.0105752
1.3014	0.0098949
1.33276	0.00926738
1.36412	0.00868079
1.39548	0.00812574
1.42684	0.00759509
1.4582	0.00708373
1.48956	0.00658832
1.52092	0.00610701
1.55228	0.00563912
1.58363	0.00518489
1.61499	0.00474522
1.64635	0.00432142
1.67771	0.00391502
1.70907	0.00352761
1.74043	0.00316067
1.77179	0.0028155
1.80315	0.00249315
1.83451	0.00219434
1.86587	0.00191946
1.89723	0.00166858
1.92858	0.00144144
1.95994	0.00123749
1.9913	0.00105595
2.02266	0.000894685
2.05402	0.000749188
2.08538	0.000619094
2.11674	0.000503861
2.1481	0.000402793
2.17946	0.00031507
2.21082	0.000239768
2.24218	0.000175897
2.27353	0.000122424
2.30489	7.83114e-05
2.33625	4.25503e-05
2.36761	1.41943e-05
2.39897	-7.59947e-06
2.43033	-2.35243e-05
2.46169	-3.40668e-05
2.49305	-3.9431e-05
2.50873	-3.9431e-05
