-0.0156795	0.00824659
0.0156795	0.00824659
0.0470386	0.0082949
0.0783977	0.00839202
0.109757	0.00853905
0.141116	0.00873772
0.172475	0.00899062
0.203834	0.00930133
0.235193	0.00967469
0.266552	0.010117
0.297911	0.0106361
0.32927	0.0112419
0.36063	0.0119463
0.391989	0.0127632
0.423348	0.0137086
0.454707	0.0148006
0.486066	0.0160588
0.517425	0.0175042
0.548784	0.0191584
0.580143	0.0210431
0.611502	0.0231788
0.642861	0.025584
0.674221	0.028274
0.70558	0.0312596
0.736939	0.0345455
0.768298	0.0381292
0.799657	0.0420001
0.831016	0.0461378
0.862375	0.0505117
0.893734	0.0550807
0.925093	0.0597927
0.956452	0.0645853
0.987811	0.0693864
1.01917	0.074116
1.05053	0.0786876
1.08189	0.0830108
1.11325	0.0869938
1.14461	0.0905462
1.17597	0.0935825
1.20733	0.0960247
1.23868	0.0978055
1.27004	0.0988708
1.3014	0.0991819
1.33276	0.0987173
1.36412	0.0974736
1.39548	0.0954656
1.42684	0.0927264
1.4582	0.0893057
1.48956	0.0852685
1.52092	0.0806925
1.55228	0.0756656
1.58363	0.0702826
1.61499	0.0646423
1.64635	0.0588442
1.67771	0.0529853
1.70907	0.0471576
1.74043	0.0414459
1.77179	0.0359254
1.80315	0.0306607
1.83451	0.0257048
1.86587	0.0210989
1.89723	0.0168723
1.92858	0.013043
1.95994	0.00961854
1.9913	0.00659738
2.02266	0.00395133
2.05402	0.00161129
2.08538	-0.00042602
2.11674	-0.00216953
2.1481	-0.00363325
2.17946	-0.00483561
2.21082	-0.00579872
2.24218	-0.00654757
2.27353	-0.00710919
2.30489	-0.00751185
2.33625	-0.00778421
2.36761	-0.00795448
2.39897	-0.0080496
2.43033	-0.00809428
2.46169	-0.00810987
2.49305	-0.00811288
2.50873	-0.00811288
