-0.0156795	0.182032
0.0156795	0.182032
0.0470386	0.180734
0.0783977	0.178166
0.109757	0.174383
0.141116	0.169464
0.172475	0.163513
0.203834	0.156649
0.235193	0.149009
0.266552	0.140739
0.297911	0.131991
0.32927	0.122917
0.36063	0.113668
0.391989	0.104388
0.423348	0.0952092
0.454707	0.0862508
0.486066	0.0776176
0.517425	0.0693969
0.548784	0.0616589
0.580143	0.0544561
0.611502	0.0478238
0.642861	0.0417815
0.674221	0.0363339
0.70558	0.0314731
0.736939	0.0271798
0.768298	0.0234262
0.799657	0.0201774
0.831016	0.0173934
0.862375	0.0150312
0.893734	0.0130463
0.925093	0.0113937
0.956452	0.0100298
0.987811	0.00891295
1.01917	0.00800404
1.05053	0.00726733
1.08189	0.00667059
1.11325	0.00618533
1.14461	0.00578678
1.17597	0.00545386
1.20733	0.00516896
1.23868	0.00491771
1.27004	0.00468869
1.3014	0.00447313
1.33276	0.00426455
1.36412	0.00405849
1.39548	0.00385212
1.42684	0.00364397
1.4582	0.00343366
1.48956	0.00322158
1.52092	0.00300876
1.55228	0.00279656
1.58363	0.00258656
1.61499	0.00238044
1.64635	0.00217979
1.67771	0.0019861
1.70907	0.00180068
1.74043	0.00162457
1.77179	0.00145862
1.80315	0.00130338
1.83451	0.0011592
1.86587	0.0010262
1.89723	0.000904282
1.92858	0.000793225
1.95994	0.000692652
1.9913	0.000602098
2.02266	0.000520455
2.05402	0.000445407
2.08538	0.000376736
2.11674	0.000314186
2.1481	0.000257472
2.17946	0.000206301
2.21082	0.000160381
2.24218	0.000119436
2.27353	8.32183e-05
2.30489	5.15185e-05
2.33625	2.41782e-05
2.36761	1.09991e-06
2.39897	-1.77399e-05
2.43033	-3.22761e-05
2.46169	-4.2335e-05
2.49305	-4.76069e-05
2.50873	-4.76069e-05
