-0.0156795	0.0925612
0.0156795	0.0925612
0.0470386	0.092951
0.0783977	0.0937088
0.109757	0.0947917
0.141116	0.096138
0.172475	0.0976698
0.203834	0.0992964
0.235193	0.100918
0.266552	0.102432
0.297911	0.103735
0.32927	0.104727
0.36063	0.105319
0.391989	0.105433
0.423348	0.105008
0.454707	0.103998
0.486066	0.10238
0.517425	0.100147
0.548784	0.0973136
0.580143	0.0939123
0.611502	0.0899917
0.642861	0.0856144
0.674221	0.0808538
0.70558	0.0757913
0.736939	0.070513
0.768298	0.0651059
0.799657	0.0596554
0.831016	0.0542423
0.862375	0.0489409
0.893734	0.0438166
0.925093	0.0389249
0.956452	0.0343109
0.987811	0.0300086
1.01917	0.0260413
1.05053	0.0224222
1.08189	0.0191555
1.11325	0.0162368
1.14461	0.0136552
1.17597	0.0113943
1.20733	0.00943335
1.23868	0.00774875
1.27004	0.00631516
1.3014	0.0051065
1.33276	0.00409683
1.36412	0.00326105
1.39548	0.00257544
1.42684	0.00201804
1.4582	0.00156889
1.48956	0.00121016
1.52092	0.000926131
1.55228	0.000703214
1.58363	0.000529769
1.61499	0.000395976
1.64635	0.000293653
1.67771	0.000216065
1.70907	0.000157732
1.74043	0.000114246
1.77179	8.21006e-05
1.80315	5.8539e-05
1.83451	4.14139e-05
1.86587	2.90718e-05
1.89723	2.02522e-05
1.92858	1.40044e-05
1.95994	9.61824e-06
1.9913	6.56944e-06
2.02266	4.46026e-06
2.05402	2.98555e-06
2.08538	1.9689e-06
2.11674	1.27828e-06
2.1481	8.16378e-07
2.17946	5.12419e-07
2.21082	3.15805e-07
2.24218	1.90901e-07
2.27353	1.13059e-07
2.30489	6.5509e-08
2.33625	3.70991e-08
2.36761	2.04616e-08
2.39897	1.10137e-08
2.43033	5.89147e-09
2.46169	3.28484e-09
2.49305	2.18365e-09
2.50873	2.18365e-09
