-0.0156795	0.198052
0.0156795	0.198052
0.0470386	0.196522
0.0783977	0.193497
0.109757	0.189047
0.141116	0.183271
0.172475	0.176297
0.203834	0.168276
0.235193	0.159376
0.266552	0.149776
0.297911	0.139661
0.32927	0.129217
0.36063	0.118623
0.391989	0.108047
0.423348	0.0976441
0.454707	0.0875503
0.486066	0.0778819
0.517425	0.0687333
0.548784	0.0601773
0.580143	0.052265
0.611502	0.0450276
0.642861	0.0384771
0.674221	0.0326095
0.70558	0.0274067
0.736939	0.0228394
0.768298	0.0188693
0.799657	0.0154519
0.831016	0.0125391
0.862375	0.0100805
0.893734	0.00802576
0.925093	0.00632587
0.956452	0.00493416
0.987811	0.00380722
1.01917	0.00290535
1.05053	0.00219287
1.08189	0.0016382
1.11325	0.00121376
1.14461	0.000895754
1.17597	0.000663903
1.20733	0.000501083
1.23868	0.000392968
1.27004	0.000327657
1.3014	0.000295329
1.33276	0.000287913
1.36412	0.000298807
1.39548	0.000322623
1.42684	0.000354976
1.4582	0.00039231
1.48956	0.00043175
1.52092	0.000470996
1.55228	0.000508226
1.58363	0.000542026
1.61499	0.000571332
1.64635	0.000595389
1.67771	0.000613702
1.70907	0.000626013
1.74043	0.000632261
1.77179	0.00063256
1.80315	0.000627165
1.83451	0.000616454
1.86587	0.000600894
1.89723	0.000581023
1.92858	0.000557427
1.95994	0.000530716
1.9913	0.000501512
2.02266	0.000470211
2.05402	0.000436558
2.08538	0.000401027
2.11674	0.000364121
2.1481	0.000326362
2.17946	0.000288293
2.21082	0.000250472
2.24218	0.000213474
2.27353	0.000177885
2.30489	0.000144311
2.33625	0.000113379
2.36761	8.57376e-05
2.39897	6.20709e-05
2.43033	4.31012e-05
2.46169	2.96003e-05
2.49305	2.23992e-05
2.50873	2.23992e-05
