-0.0156795	0.00356528
0.0156795	0.00356528
0.0470386	0.00361315
0.0783977	0.00370845
0.109757	0.00385033
0.141116	0.00403758
0.172475	0.00426872
0.203834	0.00454212
0.235193	0.0048561
0.266552	0.00520917
0.297911	0.00560015
0.32927	0.00602843
0.36063	0.00649419
0.391989	0.00699862
0.423348	0.00754423
0.454707	0.00813508
0.486066	0.00877698
0.517425	0.0094778
0.548784	0.0102475
0.580143	0.0110985
0.611502	0.0120455
0.642861	0.0131052
0.674221	0.0142969
0.70558	0.0156412
0.736939	0.0171605
0.768298	0.0188775
0.799657	0.0208152
0.831016	0.0229952
0.862375	0.0254372
0.893734	0.0281574
0.925093	0.0311677
0.956452	0.0344735
0.987811	0.0380734
1.01917	0.041957
1.05053	0.0461048
1.08189	0.0504867
1.11325	0.0550618
1.14461	0.0597785
1.17597	0.0645747
1.20733	0.0693786
1.23868	0.0741103
1.27004	0.0786835
1.3014	0.0830078
1.33276	0.0869916
1.36412	0.0905447
1.39548	0.0935814
1.42684	0.0960239
1.4582	0.097805
1.48956	0.0988704
1.52092	0.0991816
1.55228	0.0987172
1.58363	0.0974735
1.61499	0.0954656
1.64635	0.0927264
1.67771	0.0893057
1.70907	0.0852685
1.74043	0.0806925
1.77179	0.0756657
1.80315	0.0702827
1.83451	0.0646426
1.86587	0.0588445
1.89723	0.0529858
1.92858	0.0471585
1.95994	0.0414472
1.9913	0.0359273
2.02266	0.0306266
2.05402	0.025475
2.08538	0.0205289
2.11674	0.0158379
2.1481	0.0114441
2.17946	0.00738132
2.21082	0.00367454
2.24218	0.000340165
2.27353	-0.00261351
2.30489	-0.00518529
2.33625	-0.00737959
2.36761	-0.00920435
2.39897	-0.0106685
2.43033	-0.0117787
2.46169	-0.0125354
2.49305	-0.0129278
2.50873	-0.0129278
