-0.0156795	0.134929
0.0156795	0.134929
0.0470386	0.134701
0.0783977	0.134235
0.109757	0.133515
0.141116	0.132516
0.172475	0.13121
0.203834	0.129565
0.235193	0.127551
0.266552	0.12514
0.297911	0.12231
0.32927	0.119048
0.36063	0.115349
0.391989	0.111222
0.423348	0.106687
0.454707	0.101775
0.486066	0.0965291
0.517425	0.0910026
0.548784	0.0852565
0.580143	0.079358
0.611502	0.0733778
0.642861	0.0673875
0.674221	0.0614572
0.70558	0.0556534
0.736939	0.0500368
0.768298	0.0446606
0.799657	0.0395696
0.831016	0.0347993
0.862375	0.0303755
0.893734	0.0263147
0.925093	0.0226243
0.956452	0.0193036
0.987811	0.0163445
1.01917	0.0137329
1.05053	0.0114499
1.08189	0.0094728
1.11325	0.00777653
1.14461	0.00633456
1.17597	0.00511993
1.20733	0.00410606
1.23868	0.00326734
1.27004	0.0025797
1.3014	0.0020209
1.33276	0.00157079
1.36412	0.00121141
1.39548	0.000926952
1.42684	0.000703748
1.4582	0.000530113
1.48956	0.000396196
1.52092	0.000293793
1.55228	0.000216153
1.58363	0.000157786
1.61499	0.000114278
1.64635	8.21191e-05
1.67771	5.8548e-05
1.70907	4.14157e-05
1.74043	2.90674e-05
1.77179	2.02411e-05
1.80315	1.39847e-05
1.83451	9.58676e-06
1.86587	6.52089e-06
1.89723	4.40153e-06
1.92858	2.94895e-06
1.95994	1.96222e-06
1.9913	1.29849e-06
2.02266	8.54163e-07
2.05402	5.53687e-07
2.08538	3.5342e-07
2.11674	2.21973e-07
2.1481	1.37055e-07
2.17946	8.3121e-08
2.21082	4.94513e-08
2.24218	2.88311e-08
2.27353	1.64035e-08
2.30489	9.11393e-09
2.33625	4.98421e-09
2.36761	2.69342e-09
2.39897	1.44243e-09
2.43033	7.74632e-10
2.46169	4.35434e-10
2.49305	2.92005e-10
2.50873	2.92005e-10
