-0.0156795	0.0484293
0.0156795	0.0484293
0.0470386	0.0491254
0.0783977	0.0504997
0.109757	0.0525172
0.141116	0.0551258
0.172475	0.0582581
0.203834	0.0618321
0.235193	0.0657536
0.266552	0.0699182
0.297911	0.0742135
0.32927	0.0785224
0.36063	0.0827259
0.391989	0.0867062
0.423348	0.0903505
0.454707	0.0935536
0.486066	0.0962217
0.517425	0.0982747
0.548784	0.0996486
0.580143	0.100298
0.611502	0.100195
0.642861	0.0993349
0.674221	0.0977292
0.70558	0.0954099
0.736939	0.0924256
0.768298	0.0888402
0.799657	0.0847297
0.831016	0.0801796
0.862375	0.0752818
0.893734	0.070131
0.925093	0.0648218
0.956452	0.0594458
0.987811	0.054089
1.01917	0.0488296
1.05053	0.0437364
1.08189	0.0388677
1.11325	0.0342703
1.14461	0.0299801
1.17597	0.0260214
1.20733	0.0224085
1.23868	0.019146
1.27004	0.0162303
1.3014	0.0136509
1.33276	0.0113914
1.36412	0.00943142
1.39548	0.00774748
1.42684	0.00631433
1.4582	0.00510596
1.48956	0.00409648
1.52092	0.00326083
1.55228	0.0025753
1.58363	0.00201796
1.61499	0.00156884
1.64635	0.00121012
1.67771	0.000926115
1.70907	0.00070321
1.74043	0.000529775
1.77179	0.000395993
1.80315	0.000293684
1.83451	0.000216114
1.86587	0.000157806
1.89723	0.000114357
1.92858	8.22665e-05
1.95994	5.87831e-05
1.9913	4.17702e-05
2.02266	2.9502e-05
2.05402	2.0556e-05
2.08538	1.41202e-05
2.11674	9.55537e-06
2.1481	6.36529e-06
2.17946	4.17048e-06
2.21082	2.68503e-06
2.24218	1.69698e-06
2.27353	1.05169e-06
2.30489	6.38401e-07
2.33625	3.79143e-07
2.36761	2.20184e-07
2.39897	1.25199e-07
2.43033	7.04175e-08
2.46169	4.07495e-08
2.49305	2.7582e-08
2.50873	2.7582e-08
