-0.0156795	0.0130714
0.0156795	0.0130714
0.0470386	0.0131341
0.0783977	0.0132622
0.109757	0.0134608
0.141116	0.013738
0.172475	0.0141043
0.203834	0.0145725
0.235193	0.0151583
0.266552	0.0158792
0.297911	0.0167549
0.32927	0.0178067
0.36063	0.0190568
0.391989	0.0205281
0.423348	0.0222429
0.454707	0.0242223
0.486066	0.0264852
0.517425	0.0290467
0.548784	0.0319173
0.580143	0.0351012
0.611502	0.0385955
0.642861	0.0423884
0.674221	0.0464587
0.70558	0.0507751
0.736939	0.0552953
0.768298	0.0599662
0.799657	0.0647245
0.831016	0.0694973
0.862375	0.0742037
0.893734	0.0787565
0.925093	0.0830645
0.956452	0.0870352
0.987811	0.090578
1.01917	0.0936067
1.05053	0.096043
1.08189	0.0978192
1.11325	0.098881
1.14461	0.0991895
1.17597	0.0987229
1.20733	0.0974776
1.23868	0.0954686
1.27004	0.0927285
1.3014	0.0893072
1.33276	0.0852695
1.36412	0.0806932
1.39548	0.0756661
1.42684	0.070283
1.4582	0.0646426
1.48956	0.0588444
1.52092	0.0529854
1.55228	0.0471577
1.58363	0.041446
1.61499	0.0359254
1.64635	0.0306607
1.67771	0.0257048
1.70907	0.0210989
1.74043	0.0168723
1.77179	0.0130429
1.80315	0.00961849
1.83451	0.00659729
1.86587	0.00396967
1.89723	0.00171938
1.92858	-0.000174988
1.95994	-0.00173866
1.9913	-0.00299938
2.02266	-0.00399326
2.05402	-0.0047658
2.08538	-0.00533471
2.11674	-0.0057194
2.1481	-0.00594061
2.17946	-0.00602002
2.21082	-0.00597997
2.24218	-0.00584318
2.27353	-0.00563258
2.30489	-0.00537119
2.33625	-0.00508195
2.36761	-0.00478767
2.39897	-0.00451083
2.43033	-0.00427338
2.46169	-0.00409636
2.49305	-0.0039993
2.50873	-0.0039993
