-0.0156795	-0.0108543
0.0156795	-0.0108543
0.0470386	-0.0105073
0.0783977	-0.0098098
0.109757	-0.00875559
0.141116	-0.00733577
0.172475	-0.0055398
0.203834	-0.00335646
0.235193	-0.000775095
0.266552	0.00221296
0.297911	0.0056129
0.32927	0.0094249
0.36063	0.0136426
0.391989	0.0182515
0.423348	0.0232281
0.454707	0.0285385
0.486066	0.0341379
0.517425	0.0399707
0.548784	0.0459703
0.580143	0.0520601
0.611502	0.0581549
0.642861	0.0641626
0.674221	0.0699866
0.70558	0.0755281
0.736939	0.0806897
0.768298	0.0853779
0.799657	0.0895063
0.831016	0.0929992
0.862375	0.0957933
0.893734	0.0978407
0.925093	0.0991104
0.956452	0.0995892
0.987811	0.0992824
1.01917	0.098213
1.05053	0.0964214
1.08189	0.0939628
1.11325	0.090906
1.14461	0.08733
1.17597	0.0833212
1.20733	0.0789709
1.23868	0.0743714
1.27004	0.0696137
1.3014	0.0647848
1.33276	0.0599649
1.36412	0.0552262
1.39548	0.0506311
1.42684	0.0462316
1.4582	0.0420686
1.48956	0.0381723
1.52092	0.0345626
1.55228	0.0312496
1.58363	0.0282349
1.61499	0.025513
1.64635	0.0230721
1.67771	0.0208958
1.70907	0.0189643
1.74043	0.0172559
1.77179	0.0157474
1.80315	0.0144157
1.83451	0.0132385
1.86587	0.0121945
1.89723	0.0112644
1.92858	0.0104309
1.95994	0.00967888
1.9913	0.0089955
2.02266	0.00836589
2.05402	0.00776748
2.08538	0.00719525
2.11674	0.00664559
2.1481	0.00611628
2.17946	0.00560651
2.21082	0.00511684
2.24218	0.00464919
2.27353	0.00420672
2.30489	0.00379379
2.33625	0.00341583
2.36761	0.00307933
2.39897	0.0027917
2.43033	0.00256128
2.46169	0.00239729
2.49305	0.0023098
2.50873	0.0023098
