-0.0156795	-0.0113533
0.0156795	-0.0113533
0.0470386	-0.0111883
0.0783977	-0.010854
0.109757	-0.0103423
0.141116	-0.00964108
0.172475	-0.00873464
0.203834	-0.00760435
0.235193	-0.00622908
0.266552	-0.00458604
0.297911	-0.00265168
0.32927	-0.000402803
0.36063	0.00218223
0.391989	0.0051221
0.423348	0.00843114
0.454707	0.0121177
0.486066	0.016183
0.517425	0.0206192
0.548784	0.0254088
0.580143	0.0305232
0.611502	0.0359226
0.642861	0.0415553
0.674221	0.0473583
0.70558	0.0532581
0.736939	0.0591719
0.768298	0.0650096
0.799657	0.0706759
0.831016	0.0760732
0.862375	0.0811044
0.893734	0.0856765
0.925093	0.0897031
0.956452	0.0931078
0.987811	0.0958269
1.01917	0.0978118
1.05053	0.0990306
1.08189	0.099469
1.11325	0.0991315
1.14461	0.0980401
1.17597	0.0962341
1.20733	0.0937679
1.23868	0.0907092
1.27004	0.0871363
1.3014	0.083135
1.33276	0.0787955
1.36412	0.07421
1.39548	0.0694687
1.42684	0.064658
1.4582	0.059858
1.48956	0.0551405
1.52092	0.0505675
1.55228	0.0461908
1.58363	0.0420511
1.61499	0.0381786
1.64635	0.0345929
1.67771	0.0313041
1.70907	0.0283139
1.74043	0.0256166
1.77179	0.0232005
1.80315	0.0210495
1.83451	0.0191438
1.86587	0.0174618
1.89723	0.0159809
1.92858	0.0146782
1.95994	0.0135319
1.9913	0.0125214
2.02266	0.0116216
2.05402	0.0107969
2.08538	0.0100365
2.11674	0.00933095
2.1481	0.00867213
2.17946	0.00805384
2.21082	0.0074718
2.24218	0.00692382
2.27353	0.00640991
2.30489	0.00593227
2.33625	0.00549525
2.36761	0.00510526
2.39897	0.00477062
2.43033	0.00450136
2.46169	0.00430895
2.49305	0.004206
2.50873	0.004206
