-0.0156795	0.00465691
0.0156795	0.00465691
0.0470386	0.00470625
0.0783977	0.00480453
0.109757	0.004951
0.141116	0.00514464
0.172475	0.00538427
0.203834	0.0056687
0.235193	0.00599697
0.266552	0.00636851
0.297911	0.00678342
0.32927	0.00724274
0.36063	0.00774871
0.391989	0.00830504
0.423348	0.00891717
0.454707	0.00959255
0.486066	0.0103407
0.517425	0.0111737
0.548784	0.0121055
0.580143	0.0131529
0.611502	0.0143344
0.642861	0.0156706
0.674221	0.0171832
0.70558	0.018895
0.736939	0.0208285
0.768298	0.0230053
0.799657	0.0254448
0.831016	0.0281631
0.862375	0.0311719
0.893734	0.0344766
0.925093	0.0380756
0.956452	0.0419586
0.987811	0.046106
1.01917	0.0504875
1.05053	0.0550624
1.08189	0.0597789
1.11325	0.064575
1.14461	0.0693788
1.17597	0.0741104
1.20733	0.0786836
1.23868	0.0830079
1.27004	0.0869917
1.3014	0.0905447
1.33276	0.0935814
1.36412	0.096024
1.39548	0.097805
1.42684	0.0988704
1.4582	0.0991816
1.48956	0.0987172
1.52092	0.0974735
1.55228	0.0954656
1.58363	0.0927263
1.61499	0.0893057
1.64635	0.0852685
1.67771	0.0806925
1.70907	0.0756656
1.74043	0.0702826
1.77179	0.0646424
1.80315	0.0588442
1.83451	0.0529854
1.86587	0.0471578
1.89723	0.0414461
1.92858	0.0359257
1.95994	0.0306612
1.9913	0.0257056
2.02266	0.0210678
2.05402	0.0166736
2.08538	0.0125596
2.11674	0.00875482
2.1481	0.00527986
2.17946	0.00214713
2.21082	-0.000639017
2.24218	-0.00308162
2.27353	-0.00519021
2.30489	-0.00697955
2.33625	-0.00846809
2.36761	-0.00967613
2.39897	-0.0106237
2.43033	-0.011328
2.46169	-0.0118004
2.49305	-0.0120428
2.50873	-0.0120428
