-0.0156795	0.0379711
0.0156795	0.0379711
0.0470386	0.0387477
0.0783977	0.0402791
0.109757	0.0425227
0.141116	0.0454156
0.172475	0.048877
0.203834	0.0528103
0.235193	0.0571055
0.266552	0.0616429
0.297911	0.0662963
0.32927	0.0709365
0.36063	0.0754357
0.391989	0.0796709
0.423348	0.0835275
0.454707	0.0869029
0.486066	0.0897094
0.517425	0.0918764
0.548784	0.0933523
0.580143	0.0941058
0.611502	0.0941256
0.642861	0.0934206
0.674221	0.0920184
0.70558	0.0899634
0.736939	0.087315
0.768298	0.0841442
0.799657	0.0805311
0.831016	0.0765613
0.862375	0.0723228
0.893734	0.0679034
0.925093	0.0633873
0.956452	0.0588532
0.987811	0.0543724
1.01917	0.0500067
1.05053	0.0458084
1.08189	0.0418191
1.11325	0.0380699
1.14461	0.0345819
1.17597	0.0313668
1.20733	0.0284282
1.23868	0.0257619
1.27004	0.0233583
1.3014	0.0212027
1.33276	0.0192773
1.36412	0.0175619
1.39548	0.016035
1.42684	0.0146752
1.4582	0.0134613
1.48956	0.0123734
1.52092	0.0113933
1.55228	0.0105043
1.58363	0.0096922
1.61499	0.00894466
1.64635	0.00825151
1.67771	0.00760454
1.70907	0.00699734
1.74043	0.00642511
1.77179	0.00588442
1.80315	0.00537297
1.83451	0.00488938
1.86587	0.00443295
1.89723	0.00400346
1.92858	0.003601
1.95994	0.00322581
1.9913	0.00287815
2.02266	0.00255597
2.05402	0.00225217
2.08538	0.00196784
2.11674	0.0017039
2.1481	0.0014611
2.17946	0.00123992
2.21082	0.0010406
2.24218	0.000863139
2.27353	0.000707248
2.30489	0.00057244
2.33625	0.000458064
2.36761	0.000363386
2.39897	0.000287701
2.43033	0.000230482
2.46169	0.00019157
2.49305	0.000171418
2.50873	0.000171418
