-0.0156795	0.152794
0.0156795	0.152794
0.0470386	0.152386
0.0783977	0.151566
0.109757	0.150323
0.141116	0.148643
0.172475	0.14651
0.203834	0.143909
0.235193	0.140827
0.266552	0.137254
0.297911	0.13319
0.32927	0.12864
0.36063	0.123621
0.391989	0.11816
0.423348	0.112297
0.454707	0.106078
0.486066	0.0995622
0.517425	0.0928154
0.548784	0.0859095
0.580143	0.0789201
0.611502	0.0719241
0.642861	0.0649974
0.674221	0.0582126
0.70558	0.0516368
0.736939	0.0453302
0.768298	0.0393442
0.799657	0.0337211
0.831016	0.0284933
0.862375	0.0236831
0.893734	0.0193035
0.925093	0.0153582
0.956452	0.0118431
0.987811	0.00874696
1.01917	0.00605262
1.05053	0.00373835
1.08189	0.00177894
1.11325	0.00014679
1.14461	-0.00118702
1.17597	-0.0022519
1.20733	-0.003077
1.23868	-0.00369064
1.27004	-0.00411985
1.3014	-0.00439006
1.33276	-0.0045249
1.36412	-0.00454609
1.39548	-0.00447341
1.42684	-0.00432471
1.4582	-0.00411599
1.48956	-0.00386147
1.52092	-0.00357372
1.55228	-0.00326371
1.58363	-0.00294099
1.61499	-0.00261375
1.64635	-0.00228894
1.67771	-0.00197235
1.70907	-0.0016687
1.74043	-0.00138175
1.77179	-0.00111435
1.80315	-0.000868542
1.83451	-0.000645647
1.86587	-0.000446328
1.89723	-0.000270685
1.92858	-0.00011833
1.95994	1.15306e-05
1.9913	0.000120019
2.02266	0.000209138
2.05402	0.000282013
2.08538	0.000339438
2.11674	0.000382434
2.1481	0.000412219
2.17946	0.000430188
2.21082	0.000437878
2.24218	0.000436939
2.27353	0.000429111
2.30489	0.000416184
2.33625	0.000399982
2.36761	0.000382323
2.39897	0.000365
2.43033	0.000349742
2.46169	0.000338178
2.49305	0.000331778
2.50873	0.000331778
