-0.0156795	0.113524
0.0156795	0.113524
0.0470386	0.113639
0.0783977	0.113851
0.109757	0.114128
0.141116	0.11442
0.172475	0.114668
0.203834	0.114803
0.235193	0.114752
0.266552	0.114441
0.297911	0.113802
0.32927	0.11277
0.36063	0.111293
0.391989	0.109333
0.423348	0.106866
0.454707	0.103886
0.486066	0.100402
0.517425	0.09644
0.548784	0.0920424
0.580143	0.0872635
0.611502	0.0821685
0.642861	0.0768304
0.674221	0.0713271
0.70558	0.0657383
0.736939	0.0601425
0.768298	0.0546144
0.799657	0.0492226
0.831016	0.0440281
0.862375	0.0390824
0.893734	0.0344272
0.925093	0.0300937
0.956452	0.0261031
0.987811	0.0224668
1.01917	0.0191873
1.05053	0.0162593
1.08189	0.0136711
1.11325	0.0114053
1.14461	0.00944098
1.17597	0.00775398
1.20733	0.00631872
1.23868	0.0051089
1.27004	0.00409843
1.3014	0.00326211
1.33276	0.00257614
1.36412	0.0020185
1.39548	0.00156919
1.42684	0.00121035
1.4582	0.000926252
1.48956	0.00070329
1.52092	0.000529817
1.55228	0.000396006
1.58363	0.000293672
1.61499	0.000216076
1.64635	0.000157738
1.67771	0.000114248
1.70907	8.2101e-05
1.74043	5.85373e-05
1.77179	4.14098e-05
1.80315	2.90646e-05
1.83451	2.02407e-05
1.86587	1.39864e-05
1.89723	9.59083e-06
1.92858	6.52805e-06
1.95994	4.41306e-06
1.9913	2.96689e-06
2.02266	1.98276e-06
2.05402	1.30606e-06
2.08538	8.47382e-07
2.11674	5.41109e-07
2.1481	3.39802e-07
2.17946	2.09652e-07
2.21082	1.26972e-07
2.24218	7.53868e-08
2.27353	4.38363e-08
2.30489	2.49047e-08
2.33625	1.37727e-08
2.36761	7.45183e-09
2.39897	3.98337e-09
2.43033	2.13188e-09
2.46169	1.19225e-09
2.49305	7.95341e-10
2.50873	7.95341e-10
