-0.0156795	0.0468037
0.0156795	0.0468037
0.0470386	0.0475329
0.0783977	0.0489683
0.109757	0.0510644
0.141116	0.0537549
0.172475	0.0569549
0.203834	0.0605636
0.235193	0.0644673
0.266552	0.0685439
0.297911	0.0726662
0.32927	0.0767061
0.36063	0.0805394
0.391989	0.0840489
0.423348	0.0871288
0.454707	0.0896874
0.486066	0.09165
0.517425	0.092961
0.548784	0.0935845
0.580143	0.0935056
0.611502	0.0927291
0.642861	0.0912792
0.674221	0.0891971
0.70558	0.0865391
0.736939	0.0833736
0.768298	0.0797781
0.799657	0.0758361
0.831016	0.0716336
0.862375	0.0672564
0.893734	0.0627872
0.925093	0.0583032
0.956452	0.0538743
0.987811	0.0495612
1.01917	0.0454152
1.05053	0.0414768
1.08189	0.0377766
1.11325	0.034335
1.14461	0.0311634
1.17597	0.0282647
1.20733	0.0256348
1.23868	0.0232639
1.27004	0.0211372
1.3014	0.019237
1.33276	0.0175432
1.36412	0.0160345
1.39548	0.0146897
1.42684	0.013488
1.4582	0.0124095
1.48956	0.0114363
1.52092	0.0105523
1.55228	0.00974314
1.58363	0.00899695
1.61499	0.00830374
1.64635	0.00765551
1.67771	0.00704604
1.70907	0.0064707
1.74043	0.00592621
1.77179	0.00541039
1.80315	0.00492198
1.83451	0.00446038
1.86587	0.00402543
1.89723	0.00361731
1.92858	0.0032363
1.95994	0.00288271
1.9913	0.00255678
2.02266	0.00225649
2.05402	0.00197511
2.08538	0.00171353
2.11674	0.00147246
2.1481	0.00125234
2.17946	0.0010534
2.21082	0.000875559
2.24218	0.000718521
2.27353	0.00058173
2.30489	0.000464435
2.33625	0.000365746
2.36761	0.000284709
2.39897	0.000220413
2.43033	0.000172125
2.46169	0.000139458
2.49305	0.0001226
2.50873	0.0001226
