-0.0156795	0.0273576
0.0156795	0.0273576
0.0470386	0.027639
0.0783977	0.0282048
0.109757	0.0290606
0.141116	0.0302142
0.172475	0.0316746
0.203834	0.0334505
0.235193	0.0355497
0.266552	0.037977
0.297911	0.040733
0.32927	0.0438123
0.36063	0.0472023
0.391989	0.0508817
0.423348	0.0548197
0.454707	0.058975
0.486066	0.063296
0.517425	0.0677208
0.548784	0.0721779
0.580143	0.0765874
0.611502	0.0808632
0.642861	0.0849148
0.674221	0.08865
0.70558	0.0919781
0.736939	0.0948127
0.768298	0.097075
0.799657	0.0986964
0.831016	0.0996215
0.862375	0.0998104
0.893734	0.09924
0.925093	0.0979053
0.956452	0.0958199
0.987811	0.093015
1.01917	0.0895393
1.05053	0.0854562
1.08189	0.0808423
1.11325	0.0757843
1.14461	0.070376
1.17597	0.0647153
1.20733	0.0589008
1.23868	0.0530289
1.27004	0.047191
1.3014	0.0414712
1.33276	0.0359445
1.36412	0.0306749
1.39548	0.0257154
1.42684	0.0211067
1.4582	0.016878
1.48956	0.0130471
1.52092	0.00962149
1.55228	0.00659944
1.58363	0.00397119
1.61499	0.00172046
1.64635	-0.000174235
1.67771	-0.00173814
1.70907	-0.00299903
1.74043	-0.00398608
1.77179	-0.00472889
1.80315	-0.00525664
1.83451	-0.0055975
1.86587	-0.00577815
1.89723	-0.00582343
1.92858	-0.00575617
1.95994	-0.0055971
1.9913	-0.0053648
2.02266	-0.0050738
2.05402	-0.00472963
2.08538	-0.00434297
2.11674	-0.00392405
2.1481	-0.00348274
2.17946	-0.00302856
2.21082	-0.00257071
2.24218	-0.00211818
2.27353	-0.00167976
2.30489	-0.00126415
2.33625	-0.00088001
2.36761	-0.000536095
2.39897	-0.000241332
2.43033	-4.96957e-06
2.46169	0.000163267
2.49305	0.000252996
2.50873	0.000252996
