-0.0156795	0.00743094
0.0156795	0.00743094
0.0470386	0.00747943
0.0783977	0.00757661
0.109757	0.007723
0.141116	0.00791948
0.172475	0.0081675
0.203834	0.00846922
0.235193	0.0088278
0.266552	0.00924763
0.297911	0.00973457
0.32927	0.0102962
0.36063	0.010942
0.391989	0.0116837
0.423348	0.0125349
0.454707	0.0135118
0.486066	0.0146321
0.517425	0.0159156
0.548784	0.0173835
0.580143	0.0190575
0.611502	0.0209593
0.642861	0.0231097
0.674221	0.0255276
0.70558	0.0282283
0.736939	0.0312228
0.768298	0.0345161
0.799657	0.038106
0.831016	0.0419818
0.862375	0.0461235
0.893734	0.0505007
0.925093	0.0550723
0.956452	0.0597862
0.987811	0.0645804
1.01917	0.0693827
1.05053	0.0741133
1.08189	0.0786856
1.11325	0.0830093
1.14461	0.0869927
1.17597	0.0905454
1.20733	0.0935819
1.23868	0.0960243
1.27004	0.0978052
1.3014	0.0988706
1.33276	0.0991818
1.36412	0.0987172
1.39548	0.0974735
1.42684	0.0954656
1.4582	0.0927264
1.48956	0.0893057
1.52092	0.0852685
1.55228	0.0806925
1.58363	0.0756656
1.61499	0.0702826
1.64635	0.0646423
1.67771	0.0588442
1.70907	0.0529853
1.74043	0.0471576
1.77179	0.0414459
1.80315	0.0359254
1.83451	0.0306607
1.86587	0.0257048
1.89723	0.0210989
1.92858	0.0168723
1.95994	0.013043
1.9913	0.00961863
2.02266	0.00657627
2.05402	0.00384395
2.08538	0.00142444
2.11674	-0.000685896
2.1481	-0.00249669
2.17946	-0.00402288
2.21082	-0.00528401
2.24218	-0.0063033
2.27353	-0.00710675
2.30489	-0.00772217
2.33625	-0.00817812
2.36761	-0.00850295
2.39897	-0.00872364
2.43033	-0.00886468
2.46169	-0.0089466
2.49305	-0.00898425
2.50873	-0.00898425
