-0.0156795	0.000522321
0.0156795	0.000522321
0.0470386	0.000542058
0.0783977	0.000581704
0.109757	0.000641594
0.141116	0.000722205
0.172475	0.000824129
0.203834	0.000948039
0.235193	0.00109465
0.266552	0.00126466
0.297911	0.00145873
0.32927	0.00167744
0.36063	0.00192122
0.391989	0.00219036
0.423348	0.00248498
0.454707	0.00280504
0.486066	0.00315035
0.517425	0.0035206
0.548784	0.0039155
0.580143	0.00433477
0.611502	0.00477838
0.642861	0.0052466
0.674221	0.00574026
0.70558	0.00626093
0.736939	0.00681112
0.768298	0.00739457
0.799657	0.00801645
0.831016	0.00868363
0.862375	0.00940485
0.893734	0.0101909
0.925093	0.0110549
0.956452	0.0120121
0.987811	0.0130799
1.01917	0.0142778
1.05053	0.0156269
1.08189	0.0171499
1.11325	0.0188697
1.14461	0.0208094
1.17597	0.022991
1.20733	0.0254342
1.23868	0.0281553
1.27004	0.0311662
1.3014	0.0344725
1.33276	0.0380726
1.36412	0.0419565
1.39548	0.0461045
1.42684	0.0504865
1.4582	0.0550618
1.48956	0.0597786
1.52092	0.064575
1.55228	0.0693791
1.58363	0.0741111
1.61499	0.0786848
1.64635	0.0830098
1.67771	0.0869946
1.70907	0.0905491
1.74043	0.0935879
1.77179	0.0960335
1.80315	0.0978189
1.83451	0.0988906
1.86587	0.0992107
1.89723	0.0987586
1.92858	0.097532
1.95994	0.0955477
1.9913	0.0928406
2.02266	0.0894396
2.05402	0.0853026
2.08538	0.0804717
2.11674	0.07501
2.1481	0.0690015
2.17946	0.0625512
2.21082	0.0557837
2.24218	0.0488423
2.27353	0.0418869
2.30489	0.0350917
2.33625	0.0286435
2.36761	0.0227388
2.39897	0.0175827
2.43033	0.0133867
2.46169	0.0103678
2.49305	0.00874695
2.50873	0.00874695
