-0.0156795	0.023067
0.0156795	0.023067
0.0470386	0.0232708
0.0783977	0.0236826
0.109757	0.0243105
0.141116	0.0251662
0.172475	0.0262641
0.203834	0.0276203
0.235193	0.0292516
0.266552	0.0311739
0.297911	0.0334011
0.32927	0.0359435
0.36063	0.0388057
0.391989	0.041986
0.423348	0.0454741
0.454707	0.0492506
0.486066	0.0532857
0.517425	0.0575388
0.548784	0.0619582
0.580143	0.0664816
0.611502	0.0710369
0.642861	0.0755437
0.674221	0.0799148
0.70558	0.0840588
0.736939	0.087883
0.768298	0.0912958
0.799657	0.0942102
0.831016	0.0965468
0.862375	0.0982368
0.893734	0.0992247
0.925093	0.0994703
0.956452	0.0989508
0.987811	0.0976612
1.01917	0.0956154
1.05053	0.0928451
1.08189	0.0893991
1.11325	0.0853415
1.14461	0.0807491
1.17597	0.0757092
1.20733	0.070316
1.23868	0.0646677
1.27004	0.0588633
1.3014	0.0529996
1.33276	0.0471683
1.36412	0.0414537
1.39548	0.0359311
1.42684	0.0306648
1.4582	0.0257078
1.48956	0.021101
1.52092	0.0168738
1.55228	0.013044
1.58363	0.00961924
1.61499	0.00659781
1.64635	0.00397003
1.67771	0.00171963
1.70907	-0.000174822
1.74043	-0.00173855
1.77179	-0.00299932
1.80315	-0.00398628
1.83451	-0.00472902
1.86587	-0.00525673
1.89723	-0.00559756
1.92858	-0.00577819
1.95994	-0.00582346
1.9913	-0.00575619
2.02266	-0.00559599
2.05402	-0.00535456
2.08538	-0.00504493
2.11674	-0.00467976
2.1481	-0.0042714
2.17946	-0.0038319
2.21082	-0.00337304
2.24218	-0.00290643
2.27353	-0.00244358
2.30489	-0.00199602
2.33625	-0.00157533
2.36761	-0.00119332
2.39897	-0.000862032
2.43033	-0.000593882
2.46169	-0.000401695
2.49305	-0.000298746
2.50873	-0.000298746
