-0.0156795	0.00137989
0.0156795	0.00137989
0.0470386	0.00141426
0.0783977	0.00148289
0.109757	0.00158561
0.141116	0.0017221
0.172475	0.00189197
0.203834	0.00209468
0.235193	0.00232958
0.266552	0.0025959
0.297911	0.00289275
0.32927	0.00321919
0.36063	0.00357424
0.391989	0.00395697
0.423348	0.00436661
0.454707	0.00480263
0.486066	0.00526494
0.517425	0.00575402
0.548784	0.00627118
0.580143	0.0068187
0.611502	0.00740013
0.642861	0.0080205
0.674221	0.00868655
0.70558	0.00940695
0.736939	0.0101924
0.768298	0.011056
0.799657	0.0120128
0.831016	0.0130804
0.862375	0.0142781
0.893734	0.0156272
0.925093	0.01715
0.956452	0.0188698
0.987811	0.0208095
1.01917	0.0229911
1.05053	0.0254342
1.08189	0.0281553
1.11325	0.0311662
1.14461	0.0344725
1.17597	0.0380726
1.20733	0.0419565
1.23868	0.0461044
1.27004	0.0504864
1.3014	0.0550616
1.33276	0.0597784
1.36412	0.0645746
1.39548	0.0693786
1.42684	0.0741103
1.4582	0.0786835
1.48956	0.0830078
1.52092	0.0869917
1.55228	0.0905447
1.58363	0.0935815
1.61499	0.0960241
1.64635	0.0978052
1.67771	0.0988707
1.70907	0.0991822
1.74043	0.098718
1.77179	0.0974748
1.80315	0.0954675
1.83451	0.0927293
1.86587	0.0893101
1.89723	0.085275
1.92858	0.0807021
1.95994	0.0756795
1.9913	0.0703028
2.02266	0.0646318
2.05402	0.0586161
2.08538	0.0523423
2.11674	0.0459044
2.1481	0.0394012
2.17946	0.0329341
2.21082	0.0266049
2.24218	0.0205135
2.27353	0.014756
2.30489	0.00942379
2.33625	0.00460278
2.36761	0.000374307
2.39897	-0.00318316
2.43033	-0.00599072
2.46169	-0.00796433
2.49305	-0.00900846
2.50873	-0.00900846
