-0.0156795	0.0731359
0.0156795	0.0731359
0.0470386	0.073714
0.0783977	0.0748477
0.109757	0.0764929
0.141116	0.0785852
0.172475	0.0810425
0.203834	0.0837678
0.235193	0.0866529
0.266552	0.089582
0.297911	0.0924357
0.32927	0.0950959
0.36063	0.0974495
0.391989	0.0993921
0.423348	0.100832
0.454707	0.101694
0.486066	0.10192
0.517425	0.101471
0.548784	0.100329
0.580143	0.0984976
0.611502	0.0959988
0.642861	0.0928733
0.674221	0.0891776
0.70558	0.0849819
0.736939	0.0803666
0.768298	0.0754193
0.799657	0.0702313
0.831016	0.0648943
0.862375	0.0594978
0.893734	0.054126
0.925093	0.0488557
0.956452	0.0437547
0.987811	0.0388804
1.01917	0.0342791
1.05053	0.029986
1.08189	0.0260254
1.11325	0.0224112
1.14461	0.0191478
1.17597	0.0162315
1.20733	0.0136517
1.23868	0.0113919
1.27004	0.00943175
1.3014	0.00774769
1.33276	0.00631446
1.36412	0.00510604
1.39548	0.00409653
1.42684	0.00326086
1.4582	0.00257532
1.48956	0.00201797
1.52092	0.00156885
1.55228	0.00121013
1.58363	0.000926113
1.61499	0.000703203
1.64635	0.000529763
1.67771	0.000395973
1.70907	0.000293653
1.74043	0.000216067
1.77179	0.000157736
1.80315	0.000114253
1.83451	8.21122e-05
1.86587	5.85569e-05
1.89723	4.14413e-05
1.92858	2.91132e-05
1.95994	2.03142e-05
1.9913	1.40962e-05
2.02266	9.72293e-06
2.05402	6.6135e-06
2.08538	4.43314e-06
2.11674	2.92629e-06
2.1481	1.90065e-06
2.17946	1.21364e-06
2.21082	7.61148e-07
2.24218	4.68381e-07
2.27353	2.82472e-07
2.30489	1.66771e-07
2.33625	9.62558e-08
2.36761	5.4292e-08
2.39897	2.99235e-08
2.43033	1.62339e-08
2.46169	9.07829e-09
2.49305	6.02716e-09
2.50873	6.02716e-09
