-0.0156795	0.0438004
0.0156795	0.0438004
0.0470386	0.0443039
0.0783977	0.0453052
0.109757	0.0467931
0.141116	0.0487502
0.172475	0.0511525
0.203834	0.0539686
0.235193	0.0571594
0.266552	0.0606773
0.297911	0.0644664
0.32927	0.068462
0.36063	0.072591
0.391989	0.076773
0.423348	0.0809211
0.454707	0.084944
0.486066	0.0887476
0.517425	0.0922375
0.548784	0.095322
0.580143	0.0979147
0.611502	0.0999373
0.642861	0.101323
0.674221	0.102017
0.70558	0.101981
0.736939	0.101194
0.768298	0.0996532
0.799657	0.0973725
0.831016	0.0943847
0.862375	0.0907391
0.893734	0.0864997
0.925093	0.0817435
0.956452	0.076557
0.987811	0.0710337
1.01917	0.0652711
1.05053	0.059367
1.08189	0.0534172
1.11325	0.047512
1.14461	0.0417346
1.17597	0.036159
1.20733	0.0308484
1.23868	0.0258546
1.27004	0.0212176
1.3014	0.0169657
1.33276	0.0131159
1.36412	0.00967512
1.39548	0.00664091
1.42684	0.00400303
1.4582	0.00174471
1.48956	-0.000155898
1.52092	-0.00172437
1.55228	-0.00298878
1.58363	-0.00397851
1.61499	-0.00472333
1.64635	-0.00525259
1.67771	-0.00559457
1.70907	-0.00577605
1.74043	-0.00582194
1.77179	-0.00575512
1.80315	-0.00559635
1.83451	-0.00536428
1.86587	-0.00507547
1.89723	-0.00474451
1.92858	-0.00438416
1.95994	-0.00400547
1.9913	-0.00361794
2.02266	-0.00322691
2.05402	-0.00282942
2.08538	-0.00243132
2.11674	-0.00203801
2.1481	-0.00165447
2.17946	-0.00128524
2.21082	-0.000934424
2.24218	-0.00060572
2.27353	-0.000302411
2.30489	-2.74186e-05
2.33625	0.000216631
2.36761	0.000427305
2.39897	0.000602217
2.43033	0.00073881
2.46169	0.000834089
2.49305	0.000884253
2.50873	0.000884253
