-0.0156795	0.000643008
0.0156795	0.000643008
0.0470386	0.000665495
0.0783977	0.000710604
0.109757	0.000778603
0.141116	0.000869863
0.172475	0.000984838
0.203834	0.00112403
0.235193	0.00128793
0.266552	0.00147703
0.297911	0.00169171
0.32927	0.00193226
0.36063	0.00219884
0.391989	0.00249144
0.423348	0.00280993
0.454707	0.00315401
0.486066	0.00352333
0.517425	0.00391751
0.548784	0.00433625
0.580143	0.00477945
0.611502	0.00524737
0.642861	0.00574082
0.674221	0.00626132
0.70558	0.0068114
0.736939	0.00739476
0.768298	0.00801659
0.799657	0.00868372
0.831016	0.00940491
0.862375	0.010191
0.893734	0.011055
0.925093	0.0120121
0.956452	0.0130799
0.987811	0.0142778
1.01917	0.0156269
1.05053	0.0171499
1.08189	0.0188697
1.11325	0.0208095
1.14461	0.022991
1.17597	0.0254342
1.20733	0.0281553
1.23868	0.0311662
1.27004	0.0344725
1.3014	0.0380726
1.33276	0.0419565
1.36412	0.0461045
1.39548	0.0504865
1.42684	0.0550617
1.4582	0.0597785
1.48956	0.0645748
1.52092	0.0693788
1.55228	0.0741106
1.58363	0.078684
1.61499	0.0830087
1.64635	0.0869929
1.67771	0.0905466
1.70907	0.0935844
1.74043	0.0960283
1.77179	0.0978115
1.80315	0.09888
1.83451	0.0991956
1.86587	0.0987374
1.89723	0.0975025
1.92858	0.095507
1.95994	0.0927849
1.9913	0.0893878
2.02266	0.0853545
2.05402	0.0806419
2.08538	0.0753062
2.11674	0.0694224
2.1481	0.063084
2.17946	0.0564016
2.21082	0.0495015
2.24218	0.042524
2.27353	0.035621
2.30489	0.0289538
2.33625	0.0226911
2.36761	0.0170075
2.39897	0.0120822
2.43033	0.00809891
2.46169	0.00524642
2.49305	0.0037194
2.50873	0.0037194
