-0.0156795	0.0360196
0.0156795	0.0360196
0.0470386	0.0364364
0.0783977	0.0372688
0.109757	0.038514
0.141116	0.0401674
0.172475	0.0422211
0.203834	0.0446634
0.235193	0.0474774
0.266552	0.05064
0.297911	0.0541208
0.32927	0.0578808
0.36063	0.0618725
0.391989	0.066039
0.423348	0.0703144
0.454707	0.0746244
0.486066	0.0788876
0.517425	0.0830167
0.548784	0.0869212
0.580143	0.0905092
0.611502	0.0936909
0.642861	0.0963807
0.674221	0.0985011
0.70558	0.0999847
0.736939	0.100777
0.768298	0.10084
0.799657	0.100151
0.831016	0.0987048
0.862375	0.0965166
0.893734	0.0936177
0.925093	0.0900568
0.956452	0.0858972
0.987811	0.0812153
1.01917	0.0760974
1.05053	0.0706369
1.08189	0.064931
1.11325	0.0590778
1.14461	0.053173
1.17597	0.0473075
1.20733	0.0415646
1.23868	0.0360188
1.27004	0.0307337
1.3014	0.0257614
1.33276	0.0211425
1.36412	0.0169056
1.39548	0.0130682
1.42684	0.00963758
1.4582	0.00661157
1.48956	0.00398028
1.52092	0.0017272
1.55228	-0.000169261
1.58363	-0.0017345
1.61499	-0.00299639
1.64635	-0.00398418
1.67771	-0.00472753
1.70907	-0.00525567
1.74043	-0.00559682
1.77179	-0.00577767
1.80315	-0.0058231
1.83451	-0.00575595
1.86587	-0.00559694
1.89723	-0.0053647
1.92858	-0.00507576
1.95994	-0.00474471
1.9913	-0.0043843
2.02266	-0.0040029
2.05402	-0.00359996
2.08538	-0.00318303
2.11674	-0.00275925
2.1481	-0.00233536
2.17946	-0.00191768
2.21082	-0.00151216
2.24218	-0.0011244
2.27353	-0.000759672
2.30489	-0.000422967
2.33625	-0.000119066
2.36761	0.000147361
2.39897	0.000371616
2.43033	0.000548784
2.46169	0.000673473
2.49305	0.000739501
2.50873	0.000739501
