-0.0156795	0.066586
0.0156795	0.066586
0.0470386	0.0671507
0.0783977	0.0682565
0.109757	0.0698575
0.141116	0.0718871
0.172475	0.0742608
0.203834	0.0768799
0.235193	0.0796352
0.266552	0.0824118
0.297911	0.0850935
0.32927	0.087567
0.36063	0.089727
0.391989	0.0914792
0.423348	0.0927444
0.454707	0.0934604
0.486066	0.0935841
0.517425	0.0930922
0.548784	0.0919815
0.580143	0.0902677
0.611502	0.0879843
0.642861	0.0851799
0.674221	0.0819158
0.70558	0.0782631
0.736939	0.0742991
0.768298	0.0701047
0.799657	0.0657605
0.831016	0.061345
0.862375	0.056931
0.893734	0.0525849
0.925093	0.0483642
0.956452	0.044317
0.987811	0.0404813
1.01917	0.0368853
1.05053	0.0335473
1.08189	0.0304769
1.11325	0.0276756
1.14461	0.0251381
1.17597	0.0228536
1.20733	0.0208067
1.23868	0.0189791
1.27004	0.0173506
1.3014	0.0158998
1.33276	0.0146055
1.36412	0.0134471
1.39548	0.0124054
1.42684	0.0114625
1.4582	0.0106029
1.48956	0.00981288
1.52092	0.00908098
1.55228	0.00839776
1.58363	0.00775575
1.61499	0.00714921
1.64635	0.00657396
1.67771	0.00602714
1.70907	0.00550695
1.74043	0.00501247
1.77179	0.00454339
1.80315	0.00409982
1.83451	0.00368215
1.86587	0.00329087
1.89723	0.00292644
1.92858	0.00258924
1.95994	0.00227946
1.9913	0.00199705
2.02266	0.00173995
2.05402	0.00150211
2.08538	0.00128397
2.11674	0.00108575
2.1481	0.000907396
2.17946	0.000748628
2.21082	0.000608912
2.24218	0.000487498
2.27353	0.000383448
2.30489	0.00029568
2.33625	0.000223027
2.36761	0.000164305
2.39897	0.000118399
2.43033	8.4372e-05
2.46169	6.15947e-05
2.49305	4.99224e-05
2.50873	4.99224e-05
