-0.0156795	0.0880609
0.0156795	0.0880609
0.0470386	0.088559
0.0783977	0.0895341
0.109757	0.0909446
0.141116	0.0927299
0.172475	0.0948127
0.203834	0.0971013
0.235193	0.0994929
0.266552	0.101878
0.297911	0.104142
0.32927	0.106172
0.36063	0.107859
0.391989	0.109104
0.423348	0.109817
0.454707	0.109925
0.486066	0.109373
0.517425	0.108122
0.548784	0.106157
0.580143	0.103482
0.611502	0.100121
0.642861	0.0961165
0.674221	0.091529
0.70558	0.0864322
0.736939	0.0809114
0.768298	0.0750599
0.799657	0.0689756
0.831016	0.0627575
0.862375	0.0565029
0.893734	0.0503038
0.925093	0.0442452
0.956452	0.0384025
0.987811	0.0328404
1.01917	0.0276117
1.05053	0.0227572
1.08189	0.0183057
1.11325	0.0142742
1.14461	0.0106695
1.17597	0.00748869
1.20733	0.00472079
1.23868	0.00234815
1.27004	0.000347865
1.3014	-0.00130679
1.33276	-0.00264508
1.36412	-0.00369763
1.39548	-0.00449543
1.42684	-0.005069
1.4582	-0.00544774
1.48956	-0.00565946
1.52092	-0.00573003
1.55228	-0.00568319
1.58363	-0.00554047
1.61499	-0.00532119
1.64635	-0.00504247
1.67771	-0.00471943
1.70907	-0.00436524
1.74043	-0.0039913
1.77179	-0.0036074
1.80315	-0.00322186
1.83451	-0.00284164
1.86587	-0.00247252
1.89723	-0.00211918
1.92858	-0.00178529
1.95994	-0.00147365
1.9913	-0.00118627
2.02266	-0.000922582
2.05402	-0.000677514
2.08538	-0.000452418
2.11674	-0.000248217
2.1481	-6.5398e-05
2.17946	9.59724e-05
2.21082	0.00023624
2.24218	0.000356137
2.27353	0.00045674
2.30489	0.000539423
2.33625	0.000605785
2.36761	0.000657565
2.39897	0.000696525
2.43033	0.000724314
2.46169	0.000742287
2.49305	0.000751273
2.50873	0.000751273
