-0.0156795	0.000421371
0.0156795	0.000421371
0.0470386	0.000438531
0.0783977	0.000473048
0.109757	0.000525306
0.141116	0.00059586
0.172475	0.000685406
0.203834	0.000794749
0.235193	0.000924765
0.266552	0.00107635
0.297911	0.00125039
0.32927	0.00144769
0.36063	0.00166896
0.391989	0.00191476
0.423348	0.00218548
0.454707	0.00248132
0.486066	0.00280232
0.517425	0.00314833
0.548784	0.00351913
0.580143	0.00391442
0.611502	0.004334
0.642861	0.00477782
0.674221	0.00524621
0.70558	0.00573998
0.736939	0.00626073
0.768298	0.00681098
0.799657	0.00739448
0.831016	0.00801639
0.862375	0.00868358
0.893734	0.00940482
0.925093	0.0101909
0.956452	0.0110549
0.987811	0.0120121
1.01917	0.0130799
1.05053	0.0142778
1.08189	0.0156269
1.11325	0.0171499
1.14461	0.0188697
1.17597	0.0208095
1.20733	0.022991
1.23868	0.0254342
1.27004	0.0281553
1.3014	0.0311662
1.33276	0.0344725
1.36412	0.0380727
1.39548	0.0419566
1.42684	0.0461046
1.4582	0.0504866
1.48956	0.055062
1.52092	0.059779
1.55228	0.0645755
1.58363	0.0693799
1.61499	0.0741122
1.64635	0.0786864
1.67771	0.0830122
1.70907	0.0869981
1.74043	0.0905543
1.77179	0.0935954
1.80315	0.0960442
1.83451	0.097834
1.86587	0.0989118
1.89723	0.0992402
1.92858	0.0987993
1.95994	0.0975877
1.9913	0.0956233
2.02266	0.0929236
2.05402	0.0894476
2.08538	0.0852217
2.11674	0.0802945
2.1481	0.074738
2.17946	0.0686478
2.21082	0.0621436
2.24218	0.0553679
2.27353	0.0484848
2.30489	0.0416785
2.33625	0.0351503
2.36761	0.0291169
2.39897	0.0238069
2.43033	0.0194582
2.46169	0.0163146
2.49305	0.0146216
2.50873	0.0146216
