-0.0156795	0.188192
0.0156795	0.188192
0.0470386	0.186779
0.0783977	0.183986
0.109757	0.179874
0.141116	0.174536
0.172475	0.168088
0.203834	0.160666
0.235193	0.152426
0.266552	0.14353
0.297911	0.134149
0.32927	0.124454
0.36063	0.114609
0.391989	0.104771
0.423348	0.0950833
0.454707	0.0856735
0.486066	0.0766507
0.517425	0.0681046
0.548784	0.0601049
0.580143	0.0527017
0.611502	0.0459262
0.642861	0.039792
0.674221	0.0342975
0.70558	0.0294275
0.736939	0.0251559
0.768298	0.0214478
0.799657	0.0182619
0.831016	0.0155527
0.862375	0.0132721
0.893734	0.0113717
0.925093	0.00980347
0.956452	0.00852156
0.987811	0.00748277
1.01917	0.00664728
1.05053	0.00597909
1.08189	0.00544615
1.11325	0.00502047
1.14461	0.00467796
1.17597	0.00439832
1.20733	0.00416471
1.23868	0.0039635
1.27004	0.00378388
1.3014	0.00361756
1.33276	0.0034584
1.36412	0.00330212
1.39548	0.00314589
1.42684	0.00298817
1.4582	0.00282833
1.48956	0.00266649
1.52092	0.0025033
1.55228	0.00233974
1.58363	0.00217699
1.61499	0.00201634
1.64635	0.00185904
1.67771	0.00170626
1.70907	0.00155905
1.74043	0.00141829
1.77179	0.00128468
1.80315	0.00115872
1.83451	0.00104075
1.86587	0.000930933
1.89723	0.000829297
1.92858	0.000735736
1.95994	0.000650051
1.9913	0.000571965
2.02266	0.00050065
2.05402	0.000434186
2.08538	0.000372478
2.11674	0.000315405
2.1481	0.000262831
2.17946	0.000214618
2.21082	0.000170635
2.24218	0.000130771
2.27353	9.49406e-05
2.30489	6.30951e-05
2.33625	3.52321e-05
2.36761	1.14041e-05
2.39897	-8.27061e-06
2.43033	-2.35947e-05
2.46169	-3.42748e-05
2.49305	-3.98978e-05
2.50873	-3.98978e-05
