-0.0156795	0.193829
0.0156795	0.193829
0.0470386	0.192452
0.0783977	0.189726
0.109757	0.185709
0.141116	0.180481
0.172475	0.174149
0.203834	0.166837
0.235193	0.158684
0.266552	0.149843
0.297911	0.140471
0.32927	0.130727
0.36063	0.120769
0.391989	0.110747
0.423348	0.100801
0.454707	0.0910579
0.486066	0.0816301
0.517425	0.0726121
0.548784	0.0640807
0.580143	0.0560948
0.611502	0.0486958
0.642861	0.0419083
0.674221	0.035742
0.70558	0.0301928
0.736939	0.0252454
0.768298	0.020875
0.799657	0.0170495
0.831016	0.0137315
0.862375	0.0108799
0.893734	0.00845225
0.925093	0.00640541
0.956452	0.00469722
0.987811	0.00328728
1.01917	0.00213765
1.05053	0.00121329
1.08189	0.000482364
1.11325	-8.37275e-05
1.14461	-0.000510352
1.17597	-0.000819812
1.20733	-0.00103156
1.23868	-0.00116249
1.27004	-0.00122716
1.3014	-0.00123815
1.33276	-0.00120628
1.36412	-0.00114086
1.39548	-0.00104994
1.42684	-0.00094044
1.4582	-0.000818341
1.48956	-0.000688776
1.52092	-0.000556142
1.55228	-0.000424161
1.58363	-0.000295949
1.61499	-0.000174053
1.64635	-6.05016e-05
1.67771	4.31662e-05
1.70907	0.000135857
1.74043	0.000216888
1.77179	0.000285942
1.80315	0.000343028
1.83451	0.000388436
1.86587	0.000422688
1.89723	0.000446493
1.92858	0.000460706
1.95994	0.000466279
1.9913	0.00046423
2.02266	0.000455542
2.05402	0.000440821
2.08538	0.000420796
2.11674	0.000396254
2.1481	0.00036803
2.17946	0.000336992
2.21082	0.000304035
2.24218	0.000270071
2.27353	0.000236025
2.30489	0.00020283
2.33625	0.00017143
2.36761	0.000142778
2.39897	0.000117841
2.43033	9.76055e-05
2.46169	8.30771e-05
2.49305	7.52869e-05
2.50873	7.52869e-05
