-0.0156795	0.196191
0.0156795	0.196191
0.0470386	0.194647
0.0783977	0.191597
0.109757	0.187111
0.141116	0.181292
0.172475	0.174274
0.203834	0.16621
0.235193	0.157274
0.266552	0.14765
0.297911	0.137528
0.32927	0.127096
0.36063	0.116536
0.391989	0.106021
0.423348	0.0957038
0.454707	0.0857223
0.486066	0.0761912
0.517425	0.0672033
0.548784	0.0588287
0.580143	0.0511155
0.611502	0.044091
0.642861	0.0377634
0.674221	0.032125
0.70558	0.0271535
0.736939	0.022816
0.768298	0.0190708
0.799657	0.0158703
0.831016	0.0131635
0.862375	0.0108979
0.893734	0.00902101
0.925093	0.0074823
0.956452	0.00623389
0.987811	0.00523146
1.01917	0.00443472
1.05053	0.00380769
1.08189	0.00331874
1.11325	0.0029405
1.14461	0.00264964
1.17597	0.00242654
1.20733	0.00225498
1.23868	0.00212172
1.27004	0.00201616
1.3014	0.00192992
1.33276	0.00185656
1.36412	0.00179116
1.39548	0.00173016
1.42684	0.001671
1.4582	0.00161196
1.48956	0.00155198
1.52092	0.00149048
1.55228	0.00142724
1.58363	0.00136233
1.61499	0.00129598
1.64635	0.00122854
1.67771	0.00116043
1.70907	0.00109209
1.74043	0.00102398
1.77179	0.000956525
1.80315	0.000890127
1.83451	0.000825146
1.86587	0.000761904
1.89723	0.000700677
1.92858	0.0006417
1.95994	0.000585173
1.9913	0.000531259
2.02266	0.000479731
2.05402	0.000429492
2.08538	0.000380724
2.11674	0.000333612
2.1481	0.000288345
2.17946	0.000245121
2.21082	0.00020415
2.24218	0.000165658
2.27353	0.000129897
2.30489	9.71425e-05
2.33625	6.77052e-05
2.36761	4.19366e-05
2.39897	2.02373e-05
2.43033	3.06775e-06
2.46169	-9.03877e-06
2.49305	-1.54593e-05
2.50873	-1.54593e-05
