-0.0156795	0.0299152
0.0156795	0.0299152
0.0470386	0.0307174
0.0783977	0.0323021
0.109757	0.0346303
0.141116	0.0376447
0.172475	0.0412709
0.203834	0.045419
0.235193	0.0499859
0.266552	0.0548579
0.297911	0.0599133
0.32927	0.0650259
0.36063	0.070068
0.391989	0.0749143
0.423348	0.079445
0.454707	0.0835495
0.486066	0.0871292
0.517425	0.0901007
0.548784	0.0923976
0.580143	0.0939724
0.611502	0.0947973
0.642861	0.0948648
0.674221	0.0941869
0.70558	0.0927943
0.736939	0.090734
0.768298	0.088068
0.799657	0.0848694
0.831016	0.0812204
0.862375	0.0772083
0.893734	0.0729229
0.925093	0.0684534
0.956452	0.0638854
0.987811	0.0592987
1.01917	0.0547656
1.05053	0.050349
1.08189	0.0461017
1.11325	0.0420659
1.14461	0.0382733
1.17597	0.0347453
1.20733	0.0314939
1.23868	0.0285226
1.27004	0.0258274
1.3014	0.0233986
1.33276	0.0212214
1.36412	0.0192778
1.39548	0.0175473
1.42684	0.0160084
1.4582	0.0146391
1.48956	0.0134182
1.52092	0.0123255
1.55228	0.0113423
1.58363	0.010452
1.61499	0.00963997
1.64635	0.00889369
1.67771	0.00820281
1.70907	0.00755895
1.74043	0.00695556
1.77179	0.00638769
1.80315	0.00585182
1.83451	0.00534555
1.86587	0.00486741
1.89723	0.00441664
1.92858	0.00399297
1.95994	0.00359643
1.9913	0.00322724
2.02266	0.00288323
2.05402	0.00255687
2.08538	0.00224939
2.11674	0.00196195
2.1481	0.00169555
2.17946	0.00145097
2.21082	0.0012288
2.24218	0.00102933
2.27353	0.000852641
2.30489	0.000698555
2.33625	0.000566735
2.36761	0.000456745
2.39897	0.000368171
2.43033	0.000300776
2.46169	0.000254707
2.49305	0.000230768
2.50873	0.000230768
