-0.0156795	0.010567
0.0156795	0.010567
0.0470386	0.0113379
0.0783977	0.0128679
0.109757	0.0151336
0.141116	0.0180995
0.172475	0.0217185
0.203834	0.0259316
0.235193	0.0306686
0.266552	0.0358483
0.297911	0.0413794
0.32927	0.0471618
0.36063	0.053088
0.391989	0.0590452
0.423348	0.0649178
0.454707	0.0705897
0.486066	0.0759477
0.517425	0.0808841
0.548784	0.0853001
0.580143	0.0891083
0.611502	0.0922359
0.642861	0.0946261
0.674221	0.0962405
0.70558	0.0970595
0.736939	0.097083
0.768298	0.0963298
0.799657	0.0948366
0.831016	0.0926562
0.862375	0.0898554
0.893734	0.0865119
0.925093	0.0827118
0.956452	0.078546
0.987811	0.0741075
1.01917	0.069488
1.05053	0.0647753
1.08189	0.0600513
1.11325	0.0553894
1.14461	0.0508537
1.17597	0.0464977
1.20733	0.0423641
1.23868	0.0384846
1.27004	0.0348805
1.3014	0.0315636
1.33276	0.0285367
1.36412	0.0257955
1.39548	0.0233293
1.42684	0.0211228
1.4582	0.0191571
1.48956	0.017411
1.52092	0.0158621
1.55228	0.0144879
1.58363	0.0132664
1.61499	0.0121766
1.64635	0.0111996
1.67771	0.010318
1.70907	0.00951688
1.74043	0.00878326
1.77179	0.00810645
1.80315	0.0074778
1.83451	0.0068905
1.86587	0.0063394
1.89723	0.0058208
1.92858	0.00533216
1.95994	0.00487192
1.9913	0.00443923
2.02266	0.00403091
2.05402	0.00363761
2.08538	0.00326056
2.11674	0.00290124
2.1481	0.00256121
2.17946	0.0022421
2.21082	0.00194545
2.24218	0.00167273
2.27353	0.00142526
2.30489	0.00120419
2.33625	0.00101056
2.36761	0.000845329
2.39897	0.000709501
2.43033	0.00060429
2.46169	0.000531353
2.49305	0.000493103
2.50873	0.000493103
