-0.0156795	0.0280444
0.0156795	0.0280444
0.0470386	0.0280919
0.0783977	0.0281899
0.109757	0.0283438
0.141116	0.028562
0.172475	0.0288554
0.203834	0.0292374
0.235193	0.029724
0.266552	0.0303329
0.297911	0.0310839
0.32927	0.0319976
0.36063	0.0330956
0.391989	0.0343993
0.423348	0.0359293
0.454707	0.0377041
0.486066	0.0397393
0.517425	0.0420465
0.548784	0.0446315
0.580143	0.047494
0.611502	0.0506255
0.642861	0.054009
0.674221	0.0576177
0.70558	0.0614148
0.736939	0.0653532
0.768298	0.0693756
0.799657	0.0734153
0.831016	0.0773973
0.862375	0.0812401
0.893734	0.0848574
0.925093	0.0881609
0.956452	0.0910627
0.987811	0.0934787
1.01917	0.0953312
1.05053	0.096552
1.08189	0.0970852
1.11325	0.0968895
1.14461	0.09594
1.17597	0.0942293
1.20733	0.0917688
1.23868	0.0885875
1.27004	0.0847322
1.3014	0.0802653
1.33276	0.0752633
1.36412	0.0698134
1.39548	0.0640114
1.42684	0.0579579
1.4582	0.0517554
1.48956	0.045505
1.52092	0.0393036
1.55228	0.0332411
1.58363	0.0273985
1.61499	0.0218459
1.64635	0.0166418
1.67771	0.0118324
1.70907	0.00745106
1.74043	0.00351936
1.77179	4.73639e-05
1.80315	-0.00296515
1.83451	-0.00552744
1.86587	-0.00765641
1.89723	-0.00937515
1.92858	-0.0107115
1.95994	-0.0116967
1.9913	-0.0123641
2.02266	-0.0127509
2.05402	-0.012892
2.08538	-0.012809
2.11674	-0.0125256
2.1481	-0.0120674
2.17946	-0.0114619
2.21082	-0.0107381
2.24218	-0.00992661
2.27353	-0.00905958
2.30489	-0.00817063
2.33625	-0.00729493
2.36761	-0.00646909
2.39897	-0.00573102
2.43033	-0.00511956
2.46169	-0.0046739
2.49305	-0.0044327
2.50873	-0.0044327
