-0.0156795	0.000211793
0.0156795	0.000211793
0.0470386	0.000217246
0.0783977	0.000228085
0.109757	0.000244175
0.141116	0.000265307
0.172475	0.000291201
0.203834	0.000321493
0.235193	0.000355735
0.266552	0.000393389
0.297911	0.000433817
0.32927	0.000476281
0.36063	0.000519938
0.391989	0.000563842
0.423348	0.000606941
0.454707	0.000648089
0.486066	0.000686057
0.517425	0.000719549
0.548784	0.000747228
0.580143	0.000767748
0.611502	0.000779794
0.642861	0.000782126
0.674221	0.000773639
0.70558	0.000753414
0.736939	0.000720795
0.768298	0.000675446
0.799657	0.000617432
0.831016	0.000547282
0.862375	0.000466062
0.893734	0.000375432
0.925093	0.000277706
0.956452	0.000175901
0.987811	7.37746e-05
1.01917	-2.41398e-05
1.05053	-0.000112511
1.08189	-0.000185185
1.11325	-0.000235169
1.14461	-0.000254605
1.17597	-0.000234742
1.20733	-0.000165895
1.23868	-3.73818e-05
1.27004	0.000162544
1.3014	0.000446796
1.33276	0.000829561
1.36412	0.00132643
1.39548	0.0019545
1.42684	0.00273255
1.4582	0.00368105
1.48956	0.00482229
1.52092	0.0061803
1.55228	0.00778074
1.58363	0.00965072
1.61499	0.0118184
1.64635	0.0143124
1.67771	0.0171612
1.70907	0.0203925
1.74043	0.0240317
1.77179	0.0281014
1.80315	0.0326196
1.83451	0.0375989
1.86587	0.0430449
1.89723	0.0489551
1.92858	0.0553178
1.95994	0.0621113
1.9913	0.0693031
2.02266	0.0769026
2.05402	0.0850616
2.08538	0.0937448
2.11674	0.102899
2.1481	0.11245
2.17946	0.122303
2.21082	0.132338
2.24218	0.142412
2.27353	0.152354
2.30489	0.161969
2.33625	0.171037
2.36761	0.179313
2.39897	0.186531
2.43033	0.192405
2.46169	0.196633
2.49305	0.198905
2.50873	0.198905
