-0.0156795	0.00108222
0.0156795	0.00108222
0.0470386	0.00109605
0.0783977	0.00112403
0.109757	0.00116682
0.141116	0.0012254
0.172475	0.00130105
0.203834	0.00139535
0.235193	0.00151013
0.266552	0.00164747
0.297911	0.00180967
0.32927	0.00199915
0.36063	0.00221846
0.391989	0.00247017
0.423348	0.00275681
0.454707	0.00308084
0.486066	0.00344447
0.517425	0.00384968
0.548784	0.00429806
0.580143	0.00479078
0.611502	0.00532849
0.642861	0.00591131
0.674221	0.00653876
0.70558	0.00720975
0.736939	0.00792265
0.768298	0.0086753
0.799657	0.0094651
0.831016	0.0102892
0.862375	0.0111445
0.893734	0.0120282
0.925093	0.0129375
0.956452	0.0138704
0.987811	0.0148257
1.01917	0.0158032
1.05053	0.0168043
1.08189	0.0178319
1.11325	0.018891
1.14461	0.0199887
1.17597	0.0211343
1.20733	0.0223393
1.23868	0.0236176
1.27004	0.0249849
1.3014	0.0264588
1.33276	0.0280579
1.36412	0.0298013
1.39548	0.0317081
1.42684	0.0337958
1.4582	0.0360799
1.48956	0.0385723
1.52092	0.0412801
1.55228	0.0442046
1.58363	0.0473401
1.61499	0.0506726
1.64635	0.0541792
1.67771	0.0578276
1.70907	0.0615759
1.74043	0.0653729
1.77179	0.0691586
1.80315	0.0728659
1.83451	0.0764217
1.86587	0.0797496
1.89723	0.0827721
1.92858	0.0854139
1.95994	0.0876046
1.9913	0.089282
2.02266	0.0904032
2.05402	0.0909358
2.08538	0.0908178
2.11674	0.090002
2.1481	0.0884611
2.17946	0.086194
2.21082	0.0832303
2.24218	0.0796363
2.27353	0.0755184
2.30489	0.0710259
2.33625	0.0663522
2.36761	0.0617322
2.39897	0.0574371
2.43033	0.0537646
2.46169	0.0510249
2.49305	0.0495203
2.50873	0.0495203
