-0.0156795	0.000760546
0.0156795	0.000760546
0.0470386	0.000735349
0.0783977	0.000684833
0.109757	0.000608766
0.141116	0.000506831
0.172475	0.00037867
0.203834	0.000223931
0.235193	4.2328e-05
0.266552	-0.00016629
0.297911	-0.000401869
0.32927	-0.000664068
0.36063	-0.000952179
0.391989	-0.00126504
0.423348	-0.00160097
0.454707	-0.00195763
0.486066	-0.002332
0.517425	-0.00272024
0.548784	-0.0031176
0.580143	-0.00351831
0.611502	-0.00391547
0.642861	-0.00430093
0.674221	-0.00466514
0.70558	-0.004997
0.736939	-0.00528375
0.768298	-0.00551079
0.799657	-0.00566157
0.831016	-0.00571748
0.862375	-0.00565778
0.893734	-0.00545964
0.925093	-0.00509817
0.956452	-0.00454664
0.987811	-0.00377682
1.01917	-0.00275938
1.05053	-0.00146458
1.08189	0.000136964
1.11325	0.00207333
1.14461	0.00437014
1.17597	0.00704933
1.20733	0.0101278
1.23868	0.0136159
1.27004	0.0175163
1.3014	0.0218224
1.33276	0.0265177
1.36412	0.0315741
1.39548	0.0369523
1.42684	0.0426012
1.4582	0.0484583
1.48956	0.0544503
1.52092	0.0604953
1.55228	0.0665036
1.58363	0.0723806
1.61499	0.0780297
1.64635	0.0833547
1.67771	0.088263
1.70907	0.0926691
1.74043	0.0964972
1.77179	0.099684
1.80315	0.102181
1.83451	0.103956
1.86587	0.104993
1.89723	0.105297
1.92858	0.104888
1.95994	0.103802
1.9913	0.102092
2.02266	0.0998074
2.05402	0.0969455
2.08538	0.0935604
2.11674	0.0897203
2.1481	0.0855065
2.17946	0.081012
2.21082	0.0763394
2.24218	0.0715989
2.27353	0.0669057
2.30489	0.0623778
2.33625	0.0581349
2.36761	0.0542964
2.39897	0.0509814
2.43033	0.0483094
2.46169	0.0464013
2.49305	0.0453817
2.50873	0.0453817
