-0.0156795	-0.00161445
0.0156795	-0.00161445
0.0470386	-0.00166704
0.0783977	-0.0017712
0.109757	-0.00192486
0.141116	-0.00212494
0.172475	-0.00236728
0.203834	-0.00264669
0.235193	-0.00295683
0.266552	-0.00329026
0.297911	-0.00363832
0.32927	-0.00399106
0.36063	-0.00433717
0.391989	-0.00466386
0.423348	-0.00495673
0.454707	-0.00519969
0.486066	-0.00537477
0.517425	-0.00546211
0.548784	-0.00543986
0.580143	-0.00528418
0.611502	-0.00496935
0.642861	-0.00446795
0.674221	-0.00375116
0.70558	-0.00278925
0.736939	-0.00155219
0.768298	-1.04404e-05
0.799657	0.00186406
0.831016	0.0040968
0.862375	0.00670937
0.893734	0.00971819
0.925093	0.013133
0.956452	0.0169557
0.987811	0.0211785
1.01917	0.0257836
1.05053	0.0307417
1.08189	0.0360117
1.11325	0.0415405
1.14461	0.0472636
1.17597	0.0531057
1.20733	0.0589821
1.23868	0.0648009
1.27004	0.070465
1.3014	0.0758751
1.33276	0.0809325
1.36412	0.0855425
1.39548	0.0896176
1.42684	0.0930803
1.4582	0.095866
1.48956	0.0979255
1.52092	0.0992264
1.55228	0.0997546
1.58363	0.0995144
1.61499	0.0985285
1.64635	0.0968368
1.67771	0.0944949
1.70907	0.0915717
1.74043	0.088147
1.77179	0.0843084
1.80315	0.0801485
1.83451	0.0757613
1.86587	0.0712398
1.89723	0.0666727
1.92858	0.0621426
1.95994	0.0577238
1.9913	0.0534809
2.02266	0.0494396
2.05402	0.0455503
2.08538	0.0418586
2.11674	0.0384032
2.1481	0.0352152
2.17946	0.0323174
2.21082	0.0297242
2.24218	0.0274416
2.27353	0.025468
2.30489	0.0237945
2.33625	0.0224071
2.36761	0.0212874
2.39897	0.0204157
2.43033	0.0197733
2.46169	0.0193458
2.49305	0.0191278
2.50873	0.0191278
