-0.0156795	-0.00607706
0.0156795	-0.00607706
0.0470386	-0.00609471
0.0783977	-0.00612777
0.109757	-0.00617177
0.141116	-0.00621994
0.172475	-0.00626319
0.203834	-0.00628999
0.235193	-0.00628638
0.266552	-0.00623588
0.297911	-0.00611948
0.32927	-0.00591562
0.36063	-0.00560033
0.391989	-0.00514735
0.423348	-0.00452837
0.454707	-0.00371348
0.486066	-0.00267164
0.517425	-0.00137139
0.548784	0.000218284
0.580143	0.00212697
0.611502	0.00438164
0.642861	0.00700536
0.674221	0.0100159
0.70558	0.0134243
0.736939	0.0172336
0.768298	0.0214372
0.799657	0.0260182
0.831016	0.0309481
0.862375	0.0361865
0.893734	0.0416811
0.925093	0.0473678
0.956452	0.0531718
0.987811	0.0590087
1.01917	0.064787
1.05053	0.0704097
1.08189	0.0757776
1.11325	0.0807922
1.14461	0.0853586
1.17597	0.0893891
1.20733	0.092806
1.23868	0.0955444
1.27004	0.0975545
1.3014	0.0988035
1.33276	0.0992763
1.36412	0.0989764
1.39548	0.0979254
1.42684	0.0961619
1.4582	0.09374
1.48956	0.0907271
1.52092	0.0872011
1.55228	0.0832478
1.58363	0.0789575
1.61499	0.0744222
1.64635	0.0697325
1.67771	0.0649751
1.70907	0.0602305
1.74043	0.0555709
1.77179	0.0510594
1.80315	0.0467484
1.83451	0.04268
1.86587	0.0388855
1.89723	0.0353859
1.92858	0.0321931
1.95994	0.0293106
1.9913	0.0267348
2.02266	0.02444
2.05402	0.0223648
2.08538	0.0205047
2.11674	0.0188516
2.1481	0.0173946
2.17946	0.0161206
2.21082	0.0150153
2.24218	0.0140637
2.27353	0.013251
2.30489	0.0125636
2.33625	0.0119893
2.36761	0.011518
2.39897	0.0111423
2.43033	0.0108579
2.46169	0.0106638
2.49305	0.0105629
2.50873	0.0105629
