-0.0156795	0.00218231
0.0156795	0.00218231
0.0470386	0.00221406
0.0783977	0.00227793
0.109757	0.00237464
0.141116	0.00250522
0.172475	0.00267099
0.203834	0.00287345
0.235193	0.00311423
0.266552	0.00339499
0.297911	0.00371736
0.32927	0.0040828
0.36063	0.00449251
0.391989	0.00494739
0.423348	0.00544789
0.454707	0.00599402
0.486066	0.00658526
0.517425	0.00722056
0.548784	0.00789838
0.580143	0.00861673
0.611502	0.00937326
0.642861	0.0101654
0.674221	0.0109904
0.70558	0.0118459
0.736939	0.0127297
0.768298	0.0136404
0.799657	0.0145775
0.831016	0.0155415
0.862375	0.0165349
0.893734	0.0175616
0.925093	0.0186276
0.956452	0.0197413
0.987811	0.0209132
1.01917	0.0221562
1.05053	0.0234855
1.08189	0.0249183
1.11325	0.0264734
1.14461	0.0281706
1.17597	0.0300303
1.20733	0.0320722
1.23868	0.0343147
1.27004	0.0367733
1.3014	0.03946
1.33276	0.0423813
1.36412	0.0455374
1.39548	0.0489208
1.42684	0.052515
1.4582	0.0562944
1.48956	0.0602226
1.52092	0.0642533
1.55228	0.0683296
1.58363	0.0723855
1.61499	0.0763465
1.64635	0.0801312
1.67771	0.0836542
1.70907	0.0868276
1.74043	0.0895646
1.77179	0.0917821
1.80315	0.093404
1.83451	0.0943641
1.86587	0.0946091
1.89723	0.0941009
1.92858	0.0928185
1.95994	0.0907597
1.9913	0.0879412
2.02266	0.0843746
2.05402	0.0799969
2.08538	0.0748341
2.11674	0.0689357
2.1481	0.0623766
2.17946	0.055258
2.21082	0.0477076
2.24218	0.0398794
2.27353	0.031953
2.30489	0.0241312
2.33625	0.0166386
2.36761	0.00971828
2.39897	0.00362928
2.43033	-0.00135736
2.46169	-0.00496258
2.49305	-0.0069043
2.50873	-0.0069043
