-0.0156795	-0.0068477
0.0156795	-0.0068477
0.0470386	-0.00685296
0.0783977	-0.00686102
0.109757	-0.00686694
0.141116	-0.00686327
0.172475	-0.00683999
0.203834	-0.00678446
0.235193	-0.00668137
0.266552	-0.00651274
0.297911	-0.00625789
0.32927	-0.00589359
0.36063	-0.00539417
0.391989	-0.00473181
0.423348	-0.00387693
0.454707	-0.0027987
0.486066	-0.00146581
0.517425	0.000152764
0.548784	0.00208665
0.580143	0.00436294
0.611502	0.00700488
0.642861	0.0100305
0.674221	0.013451
0.70558	0.0172697
0.736939	0.0214803
0.768298	0.0260661
0.799657	0.030999
0.831016	0.0362388
0.862375	0.0417333
0.893734	0.0474188
0.925093	0.0532205
0.956452	0.0590543
0.987811	0.0648288
1.01917	0.0704472
1.05053	0.0758102
1.08189	0.0808196
1.11325	0.0853805
1.14461	0.0894054
1.17597	0.0928165
1.20733	0.095549
1.23868	0.0975531
1.27004	0.098796
1.3014	0.0992627
1.33276	0.0989567
1.36412	0.0978996
1.39548	0.0961299
1.42684	0.0937018
1.4582	0.0906826
1.48956	0.0871502
1.52092	0.0831902
1.55228	0.078893
1.58363	0.0743503
1.61499	0.0696526
1.64635	0.0648866
1.67771	0.0601324
1.70907	0.0554621
1.74043	0.0509385
1.77179	0.0466137
1.80315	0.0425294
1.83451	0.0387166
1.86587	0.035196
1.89723	0.031979
1.92858	0.0290687
1.95994	0.0264611
1.9913	0.0241463
2.02266	0.0220957
2.05402	0.0202495
2.08538	0.0185997
2.11674	0.0171356
2.1481	0.0158444
2.17946	0.0147123
2.21082	0.0137249
2.24218	0.0128682
2.27353	0.0121291
2.30489	0.0114959
2.33625	0.0109594
2.36761	0.0105124
2.39897	0.0101507
2.43033	0.00987312
2.46169	0.00968157
2.49305	0.00958128
2.50873	0.00958128
