-0.0156795	0.000391932
0.0156795	0.000391932
0.0470386	0.000398597
0.0783977	0.000412017
0.109757	0.000432372
0.141116	0.000459939
0.172475	0.000495102
0.203834	0.000538358
0.235193	0.000590332
0.266552	0.000651785
0.297911	0.000723633
0.32927	0.000806951
0.36063	0.000902983
0.391989	0.00101315
0.423348	0.00113906
0.454707	0.00128246
0.486066	0.0014453
0.517425	0.00162961
0.548784	0.00183756
0.580143	0.00207135
0.611502	0.00233321
0.642861	0.00262529
0.674221	0.00294959
0.70558	0.00330792
0.736939	0.00370175
0.768298	0.0041322
0.799657	0.00459986
0.831016	0.0051048
0.862375	0.00564646
0.893734	0.00622358
0.925093	0.00683427
0.956452	0.0074759
0.987811	0.00814524
1.01917	0.0088385
1.05053	0.00955149
1.08189	0.0102797
1.11325	0.0110188
1.14461	0.0117643
1.17597	0.0125127
1.20733	0.013261
1.23868	0.0140077
1.27004	0.0147526
1.3014	0.0154976
1.33276	0.0162471
1.36412	0.0170078
1.39548	0.0177893
1.42684	0.0186045
1.4582	0.0194693
1.48956	0.020403
1.52092	0.0214275
1.55228	0.022568
1.58363	0.0238516
1.61499	0.0253076
1.64635	0.0269661
1.67771	0.0288574
1.70907	0.0310111
1.74043	0.0334548
1.77179	0.0362132
1.80315	0.0393064
1.83451	0.0427493
1.86587	0.0465502
1.89723	0.0507099
1.92858	0.0552207
1.95994	0.0600663
1.9913	0.0652208
2.02266	0.0706878
2.05402	0.0765724
2.08538	0.0828446
2.11674	0.0894607
2.1481	0.0963618
2.17946	0.103473
2.21082	0.110703
2.24218	0.117944
2.27353	0.12507
2.30489	0.131941
2.33625	0.1384
2.36761	0.144276
2.39897	0.149385
2.43033	0.153532
2.46169	0.156511
2.49305	0.15811
2.50873	0.15811
