-0.0156795	-0.00912909
0.0156795	-0.00912909
0.0470386	-0.00908142
0.0783977	-0.00898283
0.109757	-0.0088268
0.141116	-0.00860357
0.172475	-0.00830015
0.203834	-0.00790038
0.235193	-0.00738502
0.266552	-0.00673193
0.297911	-0.00591641
0.32927	-0.00491151
0.36063	-0.00368866
0.391989	-0.00221835
0.423348	-0.000471005
0.454707	0.00158196
0.486066	0.00396691
0.517425	0.00670669
0.548784	0.00981918
0.580143	0.0133158
0.611502	0.0172
0.642861	0.0214662
0.674221	0.0260981
0.70558	0.0310682
0.736939	0.0363373
0.768298	0.041854
0.799657	0.0475551
0.831016	0.0533667
0.862375	0.0592055
0.893734	0.0649807
0.925093	0.070596
0.956452	0.075953
0.987811	0.0809536
1.01917	0.0855036
1.05053	0.0895158
1.08189	0.0929128
1.11325	0.0956301
1.14461	0.0976182
1.17597	0.0988443
1.20733	0.0992937
1.23868	0.0989701
1.27004	0.0978951
1.3014	0.0961073
1.33276	0.093661
1.36412	0.0906235
1.39548	0.0870727
1.42684	0.0830941
1.4582	0.0787781
1.48956	0.0742162
1.52092	0.069499
1.55228	0.0647126
1.58363	0.059937
1.61499	0.0552441
1.64635	0.0506959
1.67771	0.0463444
1.70907	0.0422306
1.74043	0.0383846
1.77179	0.0348264
1.80315	0.0315666
1.83451	0.0286073
1.86587	0.0259434
1.89723	0.023564
1.92858	0.0214535
1.95994	0.0195933
1.9913	0.0179627
2.02266	0.0165304
2.05402	0.0152453
2.08538	0.0140945
2.11674	0.0130644
2.1481	0.0121418
2.17946	0.0113144
2.21082	0.010571
2.24218	0.0099025
2.27353	0.00930176
2.30489	0.0087643
2.33625	0.00828826
2.36761	0.00787457
2.39897	0.00752685
2.43033	0.00725129
2.46169	0.00705641
2.49305	0.00695279
2.50873	0.00695279
