-0.0156795	-0.00116896
0.0156795	-0.00116896
0.0470386	-0.00122119
0.0783977	-0.00132477
0.109757	-0.00147794
0.141116	-0.00167803
0.172475	-0.00192149
0.203834	-0.00220383
0.235193	-0.00251962
0.266552	-0.00286242
0.297911	-0.00322474
0.32927	-0.00359799
0.36063	-0.00397235
0.391989	-0.00433668
0.423348	-0.00467841
0.454707	-0.00498338
0.486066	-0.00523576
0.517425	-0.00541785
0.548784	-0.00551006
0.580143	-0.0054908
0.611502	-0.00533647
0.642861	-0.00502158
0.674221	-0.00451892
0.70558	-0.00379986
0.736939	-0.00283484
0.768298	-0.00159398
0.799657	-4.78599e-05
0.831016	0.00183146
0.862375	0.00406937
0.893734	0.0066874
0.925093	0.00970189
0.956452	0.0131225
0.987811	0.0169511
1.01917	0.0211799
1.05053	0.0257911
1.08189	0.0307553
1.11325	0.0360314
1.14461	0.0415663
1.17597	0.0472956
1.20733	0.0531439
1.23868	0.0590266
1.27004	0.0648519
1.3014	0.0705226
1.33276	0.0759396
1.36412	0.0810044
1.39548	0.0856224
1.42684	0.0897061
1.4582	0.0931784
1.48956	0.0959748
1.52092	0.0980464
1.55228	0.0993612
1.58363	0.0999052
1.61499	0.0996833
1.64635	0.0987184
1.67771	0.0970509
1.70907	0.0947368
1.74043	0.0918453
1.77179	0.0884567
1.80315	0.0846589
1.83451	0.0805447
1.86587	0.0762083
1.89723	0.0717427
1.92858	0.0672368
1.95994	0.0627729
1.9913	0.058425
2.02266	0.054228
2.05402	0.0501371
2.08538	0.0462066
2.11674	0.0424843
2.1481	0.0390107
2.17946	0.0358182
2.21082	0.03293
2.24218	0.0303605
2.27353	0.0281152
2.30489	0.0261918
2.33625	0.0245809
2.36761	0.0232683
2.39897	0.0222371
2.43033	0.021471
2.46169	0.0209579
2.49305	0.020695
2.50873	0.020695
