-0.0156795	0.00892581
0.0156795	0.00892581
0.0470386	0.00900922
0.0783977	0.00917502
0.109757	0.00942119
0.141116	0.00974481
0.172475	0.0101421
0.203834	0.0106088
0.235193	0.0111398
0.266552	0.0117301
0.297911	0.0123744
0.32927	0.0130677
0.36063	0.0138054
0.391989	0.014584
0.423348	0.0154008
0.454707	0.0162547
0.486066	0.0171464
0.517425	0.0180785
0.548784	0.0190559
0.580143	0.020086
0.611502	0.0211787
0.642861	0.0223465
0.674221	0.0236043
0.70558	0.0249691
0.736939	0.02646
0.768298	0.0280972
0.799657	0.0299015
0.831016	0.0318933
0.862375	0.0340918
0.893734	0.0365138
0.925093	0.0391724
0.956452	0.0420753
0.987811	0.0452245
1.01917	0.0486138
1.05053	0.0522288
1.08189	0.0560455
1.11325	0.0600294
1.14461	0.064136
1.17597	0.0683103
1.20733	0.072488
1.23868	0.076596
1.27004	0.0805544
1.3014	0.0842786
1.33276	0.0876814
1.36412	0.0906763
1.39548	0.0931796
1.42684	0.0951143
1.4582	0.0964126
1.48956	0.0970187
1.52092	0.096891
1.55228	0.0960042
1.58363	0.0943507
1.61499	0.0919407
1.64635	0.0888025
1.67771	0.0849817
1.70907	0.0805394
1.74043	0.0755504
1.77179	0.0701007
1.80315	0.064284
1.83451	0.0581993
1.86587	0.0519472
1.89723	0.0456269
1.92858	0.0393334
1.95994	0.033155
1.9913	0.0271709
2.02266	0.0214099
2.05402	0.015795
2.08538	0.0103865
2.11674	0.00523881
2.1481	0.000398607
2.17946	-0.00409578
2.21082	-0.00821487
2.24218	-0.011938
2.27353	-0.015253
2.30489	-0.0181548
2.33625	-0.0206443
2.36761	-0.0227259
2.39897	-0.0244049
2.43033	-0.0256841
2.46169	-0.0265593
2.49305	-0.0270143
2.50873	-0.0270143
