-0.0156795	0.000200612
0.0156795	0.000200612
0.0470386	0.000206737
0.0783977	0.000218999
0.109757	0.00023742
0.141116	0.00026204
0.172475	0.000292915
0.203834	0.000330127
0.235193	0.000373786
0.266552	0.00042404
0.297911	0.000481084
0.32927	0.000545163
0.36063	0.000616589
0.391989	0.000695744
0.423348	0.000783091
0.454707	0.000879182
0.486066	0.000984661
0.517425	0.00110027
0.548784	0.00122685
0.580143	0.00136531
0.611502	0.00151669
0.642861	0.00168204
0.674221	0.00186248
0.70558	0.00205916
0.736939	0.00227319
0.768298	0.00250564
0.799657	0.00275745
0.831016	0.00302946
0.862375	0.00332227
0.893734	0.00363627
0.925093	0.00397153
0.956452	0.00432784
0.987811	0.00470462
1.01917	0.00510096
1.05053	0.00551559
1.08189	0.00594698
1.11325	0.00639335
1.14461	0.00685279
1.17597	0.0073234
1.20733	0.00780345
1.23868	0.00829161
1.27004	0.00878717
1.3014	0.00929039
1.33276	0.00980273
1.36412	0.0103273
1.39548	0.0108693
1.42684	0.0114363
1.4582	0.0120385
1.48956	0.0126897
1.52092	0.0134071
1.55228	0.0142119
1.58363	0.0151296
1.61499	0.0161898
1.64635	0.0174269
1.67771	0.018879
1.70907	0.0205884
1.74043	0.0226005
1.77179	0.0249629
1.80315	0.0277245
1.83451	0.0309338
1.86587	0.0346372
1.89723	0.038877
1.92858	0.0436887
1.95994	0.0490995
1.9913	0.0551248
2.02266	0.061813
2.05402	0.0693449
2.08538	0.0777411
2.11674	0.0869992
2.1481	0.0970879
2.17946	0.10794
2.21082	0.119444
2.24218	0.131441
2.27353	0.143714
2.30489	0.155987
2.33625	0.16792
2.36761	0.179112
2.39897	0.189105
2.43033	0.197396
2.46169	0.203453
2.49305	0.206737
2.50873	0.206737
