-0.0156795	0.0114203
0.0156795	0.0114203
0.0470386	0.0118439
0.0783977	0.0126922
0.109757	0.0139667
0.141116	0.0156688
0.172475	0.0177991
0.203834	0.020356
0.235193	0.0233344
0.266552	0.0267242
0.297911	0.0305093
0.32927	0.0346655
0.36063	0.03916
0.391989	0.0439505
0.423348	0.0489844
0.454707	0.0541989
0.486066	0.0595214
0.517425	0.0648707
0.548784	0.0701584
0.580143	0.0752906
0.611502	0.0801708
0.642861	0.0847022
0.674221	0.0887912
0.70558	0.09235
0.736939	0.0953
0.768298	0.0975744
0.799657	0.0991208
0.831016	0.099903
0.862375	0.0999026
0.893734	0.0991194
0.925093	0.0975718
0.956452	0.0952959
0.987811	0.0923436
1.01917	0.0887817
1.05053	0.0846883
1.08189	0.0801506
1.11325	0.0752616
1.14461	0.070117
1.17597	0.0648122
1.20733	0.0594393
1.23868	0.0540846
1.27004	0.0488267
1.3014	0.0437345
1.33276	0.0388664
1.36412	0.0342695
1.39548	0.0299795
1.42684	0.026021
1.4582	0.0224083
1.48956	0.0191459
1.52092	0.0162303
1.55228	0.0136509
1.58363	0.0113914
1.61499	0.00943147
1.64635	0.00774758
1.67771	0.00631449
1.70907	0.0051062
1.74043	0.00409684
1.77179	0.00326135
1.80315	0.00257605
1.83451	0.00201903
1.86587	0.00157037
1.89723	0.00121227
1.92858	0.000929113
1.95994	0.000707365
1.9913	0.000535491
2.02266	0.000402872
2.05402	0.000299311
2.08538	0.000219457
2.11674	0.000158692
2.1481	0.000113091
2.17946	7.93635e-05
2.21082	5.47978e-05
2.24218	3.71922e-05
2.27353	2.47889e-05
2.30489	1.62088e-05
2.33625	1.03894e-05
2.36761	6.52843e-06
2.39897	4.03389e-06
2.43033	2.48233e-06
2.46169	1.58608e-06
2.49305	1.17134e-06
2.50873	1.17134e-06
