-0.0156795	0.000852515
0.0156795	0.000852515
0.0470386	0.000863224
0.0783977	0.000884905
0.109757	0.000918088
0.141116	0.000963563
0.172475	0.00102238
0.203834	0.00109586
0.235193	0.00118556
0.266552	0.00129327
0.297911	0.00142103
0.32927	0.00157104
0.36063	0.00174571
0.391989	0.00194753
0.423348	0.0021791
0.454707	0.00244301
0.486066	0.00274181
0.517425	0.00307792
0.548784	0.00345353
0.580143	0.00387055
0.611502	0.00433052
0.642861	0.00483451
0.674221	0.00538306
0.70558	0.00597616
0.736939	0.00661314
0.768298	0.00729276
0.799657	0.00801314
0.831016	0.00877186
0.862375	0.00956603
0.893734	0.0103924
0.925093	0.0112477
0.956452	0.0121284
0.987811	0.0130315
1.01917	0.0139544
1.05053	0.0148954
1.08189	0.0158538
1.11325	0.0168304
1.14461	0.0178277
1.17597	0.0188502
1.20733	0.0199045
1.23868	0.0209995
1.27004	0.0221467
1.3014	0.0233597
1.33276	0.0246544
1.36412	0.0260485
1.39548	0.0275612
1.42684	0.0292122
1.4582	0.0310216
1.48956	0.0330081
1.52092	0.0351886
1.55228	0.0375768
1.58363	0.0401819
1.61499	0.0430076
1.64635	0.0460508
1.67771	0.0493004
1.70907	0.0527369
1.74043	0.0563317
1.77179	0.060047
1.80315	0.0638359
1.83451	0.0676435
1.86587	0.071408
1.89723	0.0750624
1.92858	0.0785368
1.95994	0.0817607
1.9913	0.0846663
2.02266	0.087209
2.05402	0.0893823
2.08538	0.0911137
2.11674	0.0923385
2.1481	0.0930041
2.17946	0.0930763
2.21082	0.0925443
2.24218	0.0914265
2.27353	0.0897754
2.30489	0.0876813
2.33625	0.0852739
2.36761	0.0827213
2.39897	0.0802254
2.43033	0.0780129
2.46169	0.0763212
2.49305	0.0753785
2.50873	0.0753785
