-0.0156795	0.00713426
0.0156795	0.00713426
0.0470386	0.00721295
0.0783977	0.00736957
0.109757	0.00760256
0.141116	0.00790965
0.172475	0.00828788
0.203834	0.0087337
0.235193	0.00924302
0.266552	0.00981136
0.297911	0.010434
0.32927	0.011106
0.36063	0.0118228
0.391989	0.0125799
0.423348	0.0133737
0.454707	0.014201
0.486066	0.0150603
0.517425	0.0159511
0.548784	0.0168749
0.580143	0.0178349
0.611502	0.0188369
0.642861	0.0198887
0.674221	0.0210008
0.70558	0.022186
0.736939	0.0234598
0.768298	0.0248396
0.799657	0.0263446
0.831016	0.0279951
0.862375	0.0298124
0.893734	0.0318168
0.925093	0.0340279
0.956452	0.0364622
0.987811	0.039133
1.01917	0.0420482
1.05053	0.0452095
1.08189	0.0486109
1.11325	0.0522379
1.14461	0.0560663
1.17597	0.0600619
1.20733	0.0641797
1.23868	0.0683649
1.27004	0.0725528
1.3014	0.0766704
1.33276	0.0806374
1.36412	0.0843691
1.39548	0.087778
1.42684	0.0907772
1.4582	0.0932828
1.48956	0.0952175
1.52092	0.0965129
1.55228	0.0971127
1.58363	0.096975
1.61499	0.096074
1.64635	0.0944013
1.67771	0.0919668
1.70907	0.0887983
1.74043	0.0849409
1.77179	0.0804552
1.80315	0.0754157
1.83451	0.0699081
1.86587	0.0640261
1.89723	0.0578688
1.92858	0.0515369
1.95994	0.0451302
1.9913	0.0387443
2.02266	0.0324243
2.05402	0.026097
2.08538	0.0198405
2.11674	0.0137304
2.1481	0.00783792
2.17946	0.00222812
2.21082	-0.00304111
2.24218	-0.00792006
2.27353	-0.0123674
2.30489	-0.0163498
2.33625	-0.0198408
2.36761	-0.0228188
2.39897	-0.0252644
2.43033	-0.0271563
2.46169	-0.0284661
2.49305	-0.0291523
2.50873	-0.0291523
