-0.0156795	-0.00266254
0.0156795	-0.00266254
0.0470386	-0.00271262
0.0783977	-0.00281145
0.109757	-0.00295638
0.141116	-0.00314339
0.172475	-0.00336711
0.203834	-0.00362077
0.235193	-0.00389618
0.266552	-0.00418364
0.297911	-0.00447191
0.32927	-0.00474808
0.36063	-0.00499754
0.391989	-0.00520384
0.423348	-0.0053486
0.454707	-0.00541149
0.486066	-0.00537012
0.517425	-0.00520015
0.548784	-0.00487533
0.580143	-0.0043677
0.611502	-0.00364799
0.642861	-0.00268599
0.674221	-0.00145126
0.70558	8.61194e-05
0.736939	0.00195455
0.768298	0.00417981
0.799657	0.00678376
0.831016	0.00978304
0.862375	0.0131876
0.893734	0.0169994
0.925093	0.021211
0.956452	0.0258045
0.987811	0.0307508
1.01917	0.0360088
1.05053	0.0415255
1.08189	0.0472365
1.11325	0.0530663
1.14461	0.0589305
1.17597	0.064737
1.20733	0.0703886
1.23868	0.075786
1.27004	0.0808304
1.3014	0.085427
1.33276	0.0894881
1.36412	0.0929359
1.39548	0.0957056
1.42684	0.0977476
1.4582	0.0990291
1.48956	0.0995356
1.52092	0.0992709
1.55228	0.098257
1.58363	0.0965332
1.61499	0.0941544
1.64635	0.0911887
1.67771	0.0877152
1.70907	0.0838207
1.74043	0.0795969
1.77179	0.0751372
1.80315	0.0705339
1.83451	0.0658752
1.86587	0.0612435
1.89723	0.0567127
1.92858	0.0523476
1.95994	0.0482025
1.9913	0.0443207
2.02266	0.0407096
2.05402	0.0373116
2.08538	0.034155
2.11674	0.0312609
2.1481	0.0286432
2.17946	0.0263087
2.21082	0.0242574
2.24218	0.0224831
2.27353	0.0209741
2.30489	0.0197145
2.33625	0.0186852
2.36761	0.0178655
2.39897	0.0172348
2.43033	0.0167745
2.46169	0.0164706
2.49305	0.0163164
2.50873	0.0163164
