-0.0156795	0.0162887
0.0156795	0.0162887
0.0470386	0.0163613
0.0783977	0.0165057
0.109757	0.016721
0.141116	0.0170055
0.172475	0.0173575
0.203834	0.0177755
0.235193	0.0182582
0.266552	0.0188053
0.297911	0.0194173
0.32927	0.0200966
0.36063	0.0208471
0.391989	0.0216748
0.423348	0.0225879
0.454707	0.0235971
0.486066	0.0247154
0.517425	0.0259578
0.548784	0.0273413
0.580143	0.0288842
0.611502	0.0306054
0.642861	0.0325237
0.674221	0.0346568
0.70558	0.0370199
0.736939	0.0396249
0.768298	0.0424786
0.799657	0.0455819
0.831016	0.048928
0.862375	0.0525017
0.893734	0.0562786
0.925093	0.0602238
0.956452	0.0642926
0.987811	0.0684298
1.01917	0.0725707
1.05053	0.0766425
1.08189	0.0805652
1.11325	0.0842543
1.14461	0.0876229
1.17597	0.0905844
1.20733	0.0930558
1.23868	0.0949602
1.27004	0.0962304
1.3014	0.0968109
1.33276	0.096661
1.36412	0.095756
1.39548	0.094089
1.42684	0.0916713
1.4582	0.0885322
1.48956	0.0847183
1.52092	0.080292
1.55228	0.0753293
1.58363	0.0699175
1.61499	0.0641519
1.64635	0.0581327
1.67771	0.0519617
1.70907	0.0457396
1.74043	0.0395623
1.77179	0.0335191
1.80315	0.0276898
1.83451	0.0221436
1.86587	0.0169378
1.89723	0.0121172
1.92858	0.00771397
1.95994	0.00374808
1.9913	0.000228162
2.02266	-0.00286916
2.05402	-0.0056168
2.08538	-0.00801167
2.11674	-0.0100582
2.1481	-0.0117681
2.17946	-0.0131594
2.21082	-0.0142561
2.24218	-0.0150873
2.27353	-0.0156857
2.30489	-0.0160872
2.33625	-0.016329
2.36761	-0.0164493
2.39897	-0.0164853
2.43033	-0.016472
2.46169	-0.0164409
2.49305	-0.0164171
2.50873	-0.0164171
