-0.0156795	0.00311614
0.0156795	0.00311614
0.0470386	0.00316182
0.0783977	0.00325337
0.109757	0.00339115
0.141116	0.00357564
0.172475	0.00380739
0.203834	0.00408696
0.235193	0.00441485
0.266552	0.00479139
0.297911	0.00521665
0.32927	0.00569042
0.36063	0.00621208
0.391989	0.00678062
0.423348	0.00739458
0.454707	0.00805205
0.486066	0.00875076
0.517425	0.00948815
0.548784	0.0102615
0.580143	0.0110679
0.611502	0.011905
0.642861	0.0127705
0.674221	0.013663
0.70558	0.014582
0.736939	0.0155282
0.768298	0.0165039
0.799657	0.0175133
0.831016	0.0185626
0.862375	0.0196601
0.893734	0.0208168
0.925093	0.0220457
0.956452	0.0233624
0.987811	0.0247843
1.01917	0.0263307
1.05053	0.0280218
1.08189	0.0298784
1.11325	0.031921
1.14461	0.0341684
1.17597	0.036637
1.20733	0.0393393
1.23868	0.0422828
1.27004	0.0454682
1.3014	0.0488888
1.33276	0.0525292
1.36412	0.056364
1.39548	0.0603578
1.42684	0.0644646
1.4582	0.0686278
1.48956	0.0727816
1.52092	0.0768511
1.55228	0.080755
1.58363	0.0844067
1.61499	0.0877176
1.64635	0.0905992
1.67771	0.0929667
1.70907	0.0947417
1.74043	0.0958555
1.77179	0.0962516
1.80315	0.0958883
1.83451	0.0947407
1.86587	0.092802
1.89723	0.0900841
1.92858	0.0866176
1.95994	0.0824514
1.9913	0.0776507
2.02266	0.0722578
2.05402	0.0662088
2.08538	0.0595725
2.11674	0.0524365
2.1481	0.0449055
2.17946	0.0371009
2.21082	0.0291581
2.24218	0.0212253
2.27353	0.0134605
2.30489	0.00602946
2.33625	-0.000895929
2.36761	-0.0071392
2.39897	-0.0125197
2.43033	-0.016852
2.46169	-0.0199444
2.49305	-0.0215965
2.50873	-0.0215965
