-0.0156795	0.0244172
0.0156795	0.0244172
0.0470386	0.0244664
0.0783977	0.0245664
0.109757	0.0247205
0.141116	0.0249336
0.172475	0.0252124
0.203834	0.0255656
0.235193	0.0260034
0.266552	0.0265383
0.297911	0.0271844
0.32927	0.0279577
0.36063	0.0288756
0.391989	0.0299568
0.423348	0.0312206
0.454707	0.0326865
0.486066	0.034373
0.517425	0.0362974
0.548784	0.0384739
0.580143	0.0409132
0.611502	0.0436204
0.642861	0.0465949
0.674221	0.0498281
0.70558	0.0533031
0.736939	0.0569936
0.768298	0.0608632
0.799657	0.0648655
0.831016	0.0689438
0.862375	0.0730323
0.893734	0.0770568
0.925093	0.0809365
0.956452	0.0845859
0.987811	0.0879174
1.01917	0.0908437
1.05053	0.0932814
1.08189	0.0951532
1.11325	0.0963915
1.14461	0.0969408
1.17597	0.09676
1.20733	0.0958245
1.23868	0.0941273
1.27004	0.0916797
1.3014	0.0885111
1.33276	0.0846682
1.36412	0.0802137
1.39548	0.0752239
1.42684	0.0697862
1.4582	0.0639964
1.48956	0.0579549
1.52092	0.0517644
1.55228	0.0455259
1.58363	0.0393361
1.61499	0.0332849
1.64635	0.027453
1.67771	0.0219107
1.70907	0.0167162
1.74043	0.0119154
1.77179	0.00754154
1.80315	0.00361592
1.83451	0.000148294
1.86587	-0.00286189
1.89723	-0.00542427
1.92858	-0.00755617
1.95994	-0.00928112
1.9913	-0.0106275
2.02266	-0.011634
2.05402	-0.0123481
2.08538	-0.0127893
2.11674	-0.0129805
2.1481	-0.0129477
2.17946	-0.0127197
2.21082	-0.0123278
2.24218	-0.011805
2.27353	-0.0111865
2.30489	-0.0105089
2.33625	-0.00981031
2.36761	-0.00912985
2.39897	-0.00850745
2.43033	-0.00798331
2.46169	-0.00759706
2.49305	-0.00738665
2.50873	-0.00738665
