-0.0156795	0.00395925
0.0156795	0.00395925
0.0470386	0.00401526
0.0783977	0.00412725
0.109757	0.00429513
0.141116	0.00451875
0.172475	0.00479782
0.203834	0.00513188
0.235193	0.00552025
0.266552	0.00596193
0.297911	0.00645561
0.32927	0.00699962
0.36063	0.00759189
0.391989	0.00823
0.423348	0.00891123
0.454707	0.00963258
0.486066	0.010391
0.517425	0.0111834
0.548784	0.0120071
0.580143	0.0128596
0.611502	0.0137394
0.642861	0.0146459
0.674221	0.0155798
0.70558	0.0165432
0.736939	0.0175404
0.768298	0.0185776
0.799657	0.0196631
0.831016	0.0208077
0.862375	0.0220249
0.893734	0.02333
0.925093	0.0247406
0.956452	0.0262761
0.987811	0.0279569
1.01917	0.029804
1.05053	0.031838
1.08189	0.0340779
1.11325	0.0365405
1.14461	0.0392384
1.17597	0.0421795
1.20733	0.045365
1.23868	0.0487886
1.27004	0.0524352
1.3014	0.05628
1.33276	0.0602881
1.36412	0.0644139
1.39548	0.0686017
1.42684	0.0727857
1.4582	0.076892
1.48956	0.0808392
1.52092	0.0845415
1.55228	0.0879102
1.58363	0.0908571
1.61499	0.0932972
1.64635	0.095152
1.67771	0.0963522
1.70907	0.0968407
1.74043	0.0965748
1.77179	0.0955285
1.80315	0.0936933
1.83451	0.0910796
1.86587	0.0877158
1.89723	0.0836484
1.92858	0.0789401
1.95994	0.0736677
1.9913	0.06792
2.02266	0.0617515
2.05402	0.0550974
2.08538	0.0480435
2.11674	0.040688
2.1481	0.03314
2.17946	0.0255167
2.21082	0.0179417
2.24218	0.0105422
2.27353	0.00344695
2.30489	-0.0032155
2.33625	-0.00931804
2.36761	-0.014735
2.39897	-0.0193411
2.43033	-0.0230091
2.46169	-0.0256054
2.49305	-0.0269851
2.50873	-0.0269851
