-0.0156795	0.000600801
0.0156795	0.000600801
0.0470386	0.000599452
0.0783977	0.000596526
0.109757	0.000591567
0.141116	0.000583898
0.172475	0.000572628
0.203834	0.000556664
0.235193	0.000534725
0.266552	0.00050536
0.297911	0.000466978
0.32927	0.00041787
0.36063	0.000356254
0.391989	0.000280312
0.423348	0.00018824
0.454707	7.83038e-05
0.486066	-5.11023e-05
0.517425	-0.000201389
0.548784	-0.000373703
0.580143	-0.000568854
0.611502	-0.00078724
0.642861	-0.00102877
0.674221	-0.00129277
0.70558	-0.00157792
0.736939	-0.00188217
0.768298	-0.00220261
0.799657	-0.00253542
0.831016	-0.00287573
0.862375	-0.00321754
0.893734	-0.00355355
0.925093	-0.00387506
0.956452	-0.00417181
0.987811	-0.00443182
1.01917	-0.00464126
1.05053	-0.00478424
1.08189	-0.00484275
1.11325	-0.00479649
1.14461	-0.00462287
1.17597	-0.00429697
1.20733	-0.00379169
1.23868	-0.00307797
1.27004	-0.00212512
1.3014	-0.00090135
1.33276	0.000625516
1.36412	0.0024872
1.39548	0.0047139
1.42684	0.00733308
1.4582	0.0103681
1.48956	0.0138369
1.52092	0.0177503
1.55228	0.0221106
1.58363	0.0269105
1.61499	0.0321315
1.64635	0.0377433
1.67771	0.0437033
1.70907	0.0499567
1.74043	0.0564363
1.77179	0.0630643
1.80315	0.0697535
1.83451	0.0764094
1.86587	0.0829327
1.89723	0.0892226
1.92858	0.0951798
1.95994	0.10071
1.9913	0.105728
2.02266	0.110192
2.05402	0.11413
2.08538	0.117462
2.11674	0.120118
2.1481	0.122048
2.17946	0.123224
2.21082	0.123646
2.24218	0.123348
2.27353	0.122397
2.30489	0.120898
2.33625	0.118995
2.36761	0.116866
2.39897	0.114718
2.43033	0.112777
2.46169	0.111277
2.49305	0.110436
2.50873	0.110436
