-0.0156795	0.00798928
0.0156795	0.00798928
0.0470386	0.00807079
0.0783977	0.0082329
0.109757	0.0084738
0.141116	0.00879085
0.172475	0.00918066
0.203834	0.00963918
0.235193	0.0101618
0.266552	0.0107437
0.297911	0.0113797
0.32927	0.0120647
0.36063	0.012794
0.391989	0.0135636
0.423348	0.0143699
0.454707	0.0152109
0.486066	0.0160858
0.517425	0.0169958
0.548784	0.0179437
0.580143	0.018935
0.611502	0.0199772
0.642861	0.0210806
0.674221	0.022258
0.70558	0.0235244
0.736939	0.0248972
0.768298	0.0263955
0.799657	0.0280396
0.831016	0.0298505
0.862375	0.0318488
0.893734	0.0340536
0.925093	0.0364819
0.956452	0.0391466
0.987811	0.0420557
1.01917	0.0452109
1.05053	0.0486063
1.08189	0.0522274
1.11325	0.05605
1.14461	0.0600399
1.17597	0.0641523
1.20733	0.0683323
1.23868	0.0725154
1.27004	0.0766286
1.3014	0.0805918
1.33276	0.0843204
1.36412	0.087727
1.39548	0.090725
1.42684	0.0932306
1.4582	0.0951665
1.48956	0.0964649
1.52092	0.0970696
1.55228	0.0969389
1.58363	0.0960473
1.61499	0.0943868
1.64635	0.0919673
1.67771	0.088817
1.70907	0.0849812
1.74043	0.0805207
1.77179	0.0755101
1.80315	0.0700352
1.83451	0.0641896
1.86587	0.0580722
1.89723	0.0517837
1.92858	0.0454234
1.95994	0.0390866
1.9913	0.0328617
2.02266	0.0267862
2.05402	0.0207849
2.08538	0.0149276
2.11674	0.00927962
2.1481	0.0039001
2.17946	-0.00115938
2.21082	-0.00585551
2.24218	-0.0101537
2.27353	-0.014028
2.30489	-0.0174603
2.33625	-0.0204387
2.36761	-0.0229559
2.39897	-0.0250059
2.43033	-0.0265807
2.46169	-0.0276651
2.49305	-0.0282313
2.50873	-0.0282313
