-0.0156795	0.000189822
0.0156795	0.000189822
0.0470386	0.000195485
0.0783977	0.000206755
0.109757	0.000223521
0.141116	0.000245611
0.172475	0.000272792
0.203834	0.000304766
0.235193	0.00034116
0.266552	0.000381527
0.297911	0.00042534
0.32927	0.000471985
0.36063	0.000520758
0.391989	0.000570869
0.423348	0.000621438
0.454707	0.000671504
0.486066	0.000720032
0.517425	0.000765931
0.548784	0.000808071
0.580143	0.000845313
0.611502	0.000876542
0.642861	0.000900706
0.674221	0.000916864
0.70558	0.000924239
0.736939	0.000922274
0.768298	0.000910689
0.799657	0.00088955
0.831016	0.000859319
0.862375	0.00082092
0.893734	0.000775786
0.925093	0.000725906
0.956452	0.000673862
0.987811	0.000622858
1.01917	0.00057674
1.05053	0.000540008
1.08189	0.000517829
1.11325	0.000516038
1.14461	0.000541159
1.17597	0.000600419
1.20733	0.000701791
1.23868	0.000854048
1.27004	0.00106685
1.3014	0.00135084
1.33276	0.00171781
1.36412	0.00218086
1.39548	0.00275455
1.42684	0.00345517
1.4582	0.00430085
1.48956	0.00531178
1.52092	0.00651032
1.55228	0.00792105
1.58363	0.00957069
1.61499	0.011488
1.64635	0.0137032
1.67771	0.0162478
1.70907	0.0191538
1.74043	0.0224526
1.77179	0.026174
1.80315	0.0303452
1.83451	0.034989
1.86587	0.0401226
1.89723	0.0457561
1.92858	0.0518908
1.95994	0.0585179
1.9913	0.0656173
2.02266	0.0732098
2.05402	0.0814599
2.08538	0.0903466
2.11674	0.0998289
2.1481	0.109842
2.17946	0.120295
2.21082	0.131065
2.24218	0.142
2.27353	0.152911
2.30489	0.163573
2.33625	0.173725
2.36761	0.183072
2.39897	0.191286
2.43033	0.198014
2.46169	0.20288
2.49305	0.205503
2.50873	0.205503
