-0.0156795	0.0140618
0.0156795	0.0140618
0.0470386	0.0145373
0.0783977	0.0154878
0.109757	0.0169116
0.141116	0.0188056
0.172475	0.0211638
0.203834	0.0239771
0.235193	0.0272312
0.266552	0.0309056
0.297911	0.0349727
0.32927	0.0393961
0.36063	0.0441305
0.391989	0.0491203
0.423348	0.0543007
0.454707	0.059597
0.486066	0.0649265
0.517425	0.0701991
0.548784	0.0753201
0.580143	0.080192
0.611502	0.0847173
0.642861	0.0888019
0.674221	0.0923575
0.70558	0.0953052
0.736939	0.097578
0.768298	0.0991233
0.799657	0.0999047
0.831016	0.0999037
0.862375	0.0991201
0.893734	0.0975723
0.925093	0.0952962
0.956452	0.0923439
0.987811	0.0887818
1.01917	0.0846884
1.05053	0.0801506
1.08189	0.0752616
1.11325	0.070117
1.14461	0.0648122
1.17597	0.0594393
1.20733	0.0540846
1.23868	0.0488267
1.27004	0.0437345
1.3014	0.0388664
1.33276	0.0342695
1.36412	0.0299795
1.39548	0.026021
1.42684	0.0224083
1.4582	0.0191459
1.48956	0.0162303
1.52092	0.0136508
1.55228	0.0113914
1.58363	0.00943143
1.61499	0.00774751
1.64635	0.00631439
1.67771	0.00510607
1.70907	0.00409664
1.74043	0.00326107
1.77179	0.00257566
1.80315	0.00201848
1.83451	0.00156959
1.86587	0.0012112
1.89723	0.000927638
1.92858	0.000705352
1.95994	0.000532765
1.9913	0.000400135
2.02266	0.000298672
2.05402	0.000220124
2.08538	0.000160086
2.11674	0.000114805
2.1481	8.11278e-05
2.17946	5.64461e-05
2.21082	3.86347e-05
2.24218	2.59891e-05
2.27353	1.7165e-05
2.30489	1.11196e-05
2.33625	7.05938e-06
2.36761	4.392e-06
2.39897	2.6854e-06
2.43033	1.63382e-06
2.46169	1.03125e-06
2.49305	7.54058e-07
2.50873	7.54058e-07
