-0.0156795	-0.00838992
0.0156795	-0.00838992
0.0470386	-0.00836278
0.0783977	-0.00830552
0.109757	-0.00821218
0.141116	-0.0080738
0.172475	-0.00787838
0.203834	-0.0076109
0.235193	-0.00725338
0.266552	-0.00678493
0.297911	-0.00618193
0.32927	-0.00541833
0.36063	-0.00446602
0.391989	-0.00329541
0.423348	-0.00187608
0.454707	-0.000177748
0.486066	0.00182878
0.517425	0.00417035
0.548784	0.00687014
0.580143	0.00994624
0.611502	0.0134102
0.642861	0.0172655
0.674221	0.0215065
0.70558	0.0261168
0.736939	0.0310687
0.768298	0.0363228
0.799657	0.0418273
0.831016	0.047519
0.862375	0.0533236
0.893734	0.0591576
0.925093	0.0649297
0.956452	0.0705437
0.987811	0.0759007
1.01917	0.0809026
1.05053	0.0854549
1.08189	0.0894702
1.11325	0.092871
1.14461	0.0955927
1.17597	0.0975856
1.20733	0.0988169
1.23868	0.0992718
1.27004	0.0989538
1.3014	0.0978846
1.33276	0.0961028
1.36412	0.0936625
1.39548	0.090631
1.42684	0.0870862
1.4582	0.0831138
1.48956	0.0788039
1.52092	0.0742482
1.55228	0.0695371
1.58363	0.0647571
1.61499	0.0599879
1.64635	0.0553016
1.67771	0.0507605
1.70907	0.0464164
1.74043	0.0423104
1.77179	0.0384731
1.80315	0.0349245
1.83451	0.0316754
1.86587	0.0287282
1.89723	0.0260782
1.92858	0.0237146
1.95994	0.0216223
1.9913	0.0197832
2.02266	0.0181656
2.05402	0.0167152
2.08538	0.0154199
2.11674	0.0142663
2.1481	0.0132408
2.17946	0.0123298
2.21082	0.0115209
2.24218	0.010803
2.27353	0.0101671
2.30489	0.00960613
2.33625	0.0091161
2.36761	0.00869554
2.39897	0.00834582
2.43033	0.00807106
2.46169	0.00787799
2.49305	0.00777573
2.50873	0.00777573
