-0.0156795	0.0208228
0.0156795	0.0208228
0.0470386	0.0213983
0.0783977	0.0225446
0.109757	0.0242518
0.141116	0.0265047
0.172475	0.0292819
0.203834	0.0325548
0.235193	0.0362874
0.266552	0.0404352
0.297911	0.0449446
0.32927	0.0497528
0.36063	0.0547878
0.391989	0.059969
0.423348	0.0652082
0.454707	0.0704107
0.486066	0.0754776
0.517425	0.0803083
0.548784	0.0848025
0.580143	0.0888637
0.611502	0.092402
0.642861	0.095337
0.674221	0.0976006
0.70558	0.0991391
0.736939	0.0999157
0.768298	0.0999113
0.799657	0.0991254
0.831016	0.0975759
0.862375	0.0952986
0.893734	0.0923455
0.925093	0.0887829
0.956452	0.0846891
0.987811	0.0801511
1.01917	0.0752619
1.05053	0.0701172
1.08189	0.0648123
1.11325	0.0594394
1.14461	0.0540847
1.17597	0.0488267
1.20733	0.0437345
1.23868	0.0388664
1.27004	0.0342695
1.3014	0.0299795
1.33276	0.026021
1.36412	0.0224083
1.39548	0.0191459
1.42684	0.0162303
1.4582	0.0136508
1.48956	0.0113914
1.52092	0.0094314
1.55228	0.00774747
1.58363	0.00631433
1.61499	0.00510597
1.64635	0.00409651
1.67771	0.00326087
1.70907	0.00257538
1.74043	0.00201807
1.77179	0.00156901
1.80315	0.00121037
1.83451	0.000926472
1.86587	0.000703726
1.89723	0.000530516
1.92858	0.00039705
1.95994	0.000295179
1.9913	0.000218214
2.02266	0.00016033
2.05402	0.000116284
2.08538	8.32008e-05
2.11674	5.8686e-05
2.1481	4.07772e-05
2.17946	2.78884e-05
2.21082	1.87573e-05
2.24218	1.23949e-05
2.27353	8.03875e-06
2.30489	5.11152e-06
2.33625	3.18364e-06
2.36761	1.94178e-06
2.39897	1.16264e-06
2.43033	6.91461e-07
2.46169	4.25985e-07
2.49305	3.05255e-07
2.50873	3.05255e-07
