-0.0156795	0.00172631
0.0156795	0.00172631
0.0470386	0.00175052
0.0783977	0.00179934
0.109757	0.00187356
0.141116	0.00197433
0.172475	0.00210312
0.203834	0.00226169
0.235193	0.00245199
0.266552	0.00267613
0.297911	0.00293627
0.32927	0.00323453
0.36063	0.00357293
0.391989	0.00395326
0.423348	0.00437702
0.454707	0.00484532
0.486066	0.0053588
0.517425	0.00591759
0.548784	0.0065213
0.580143	0.00716894
0.611502	0.00785903
0.642861	0.00858958
0.674221	0.00935826
0.70558	0.0101624
0.736939	0.0109995
0.768298	0.0118668
0.799657	0.0127622
0.831016	0.0136842
0.862375	0.014632
0.893734	0.0156064
0.925093	0.0166093
0.956452	0.0176446
0.987811	0.0187181
1.01917	0.0198378
1.05053	0.0210141
1.08189	0.0222594
1.11325	0.0235887
1.14461	0.0250185
1.17597	0.0265674
1.20733	0.0282546
1.23868	0.0301
1.27004	0.0321228
1.3014	0.0343408
1.33276	0.0367692
1.36412	0.0394192
1.39548	0.0422971
1.42684	0.0454027
1.4582	0.0487282
1.48956	0.0522572
1.52092	0.0559639
1.55228	0.0598123
1.58363	0.0637566
1.61499	0.0677405
1.64635	0.071699
1.67771	0.0755587
1.70907	0.0792399
1.74043	0.0826587
1.77179	0.0857295
1.80315	0.0883676
1.83451	0.0904928
1.86587	0.0920318
1.89723	0.0929218
1.92858	0.0931133
1.95994	0.092572
1.9913	0.0912816
2.02266	0.0892303
2.05402	0.0863592
2.08538	0.0826602
2.11674	0.0781489
2.1481	0.0728679
2.17946	0.0668895
2.21082	0.0603185
2.24218	0.0532931
2.27353	0.0459862
2.30489	0.0386045
2.33625	0.0313871
2.36761	0.0246024
2.39897	0.0185435
2.43033	0.0135219
2.46169	0.00985906
2.49305	0.00787529
2.50873	0.00787529
