-0.0156795	0.00194042
0.0156795	0.00194042
0.0470386	0.0019682
0.0783977	0.00202416
0.109757	0.00210907
0.141116	0.00222403
0.172475	0.00237048
0.203834	0.00255008
0.235193	0.00276466
0.266552	0.00301614
0.297911	0.00330647
0.32927	0.00363749
0.36063	0.00401086
0.391989	0.00442795
0.423348	0.00488979
0.454707	0.00539696
0.486066	0.00594954
0.517425	0.00654709
0.548784	0.00718861
0.580143	0.00787259
0.611502	0.00859707
0.642861	0.00935969
0.674221	0.0101579
0.70558	0.010989
0.736939	0.0118505
0.768298	0.0127402
0.799657	0.0136567
0.831016	0.0145994
0.862375	0.015569
0.893734	0.0165675
0.925093	0.017599
0.956452	0.0186694
0.987811	0.0197869
1.01917	0.0209619
1.05053	0.0222071
1.08189	0.0235377
1.11325	0.0249706
1.14461	0.0265243
1.17597	0.0282186
1.20733	0.0300734
1.23868	0.0321083
1.27004	0.0343413
1.3014	0.0367879
1.33276	0.0394595
1.36412	0.0423626
1.39548	0.0454971
1.42684	0.0488552
1.4582	0.0524206
1.48956	0.0561673
1.52092	0.0600592
1.55228	0.0640498
1.58363	0.0680828
1.61499	0.0720923
1.64635	0.0760042
1.67771	0.079738
1.70907	0.0832087
1.74043	0.0863295
1.77179	0.0890146
1.80315	0.091182
1.83451	0.092757
1.86587	0.0936748
1.89723	0.0938839
1.92858	0.0933479
1.95994	0.0920479
1.9913	0.0899837
2.02266	0.0871552
2.05402	0.0835007
2.08538	0.0790294
2.11674	0.0737741
2.1481	0.0677945
2.17946	0.0611786
2.21082	0.0540443
2.24218	0.0465398
2.27353	0.0388434
2.30489	0.0311625
2.33625	0.0237316
2.36761	0.016809
2.39897	0.0106737
2.43033	0.00561961
2.46169	0.00194961
2.49305	-3.24496e-05
2.50873	-3.24496e-05
