-0.0156795	0.000548512
0.0156795	0.000548512
0.0470386	0.000548572
0.0783977	0.000548483
0.109757	0.000547825
0.141116	0.000545977
0.172475	0.000542111
0.203834	0.000535208
0.235193	0.000524064
0.266552	0.000507301
0.297911	0.00048339
0.32927	0.00045067
0.36063	0.000407379
0.391989	0.00035169
0.423348	0.000281749
0.454707	0.000195725
0.486066	9.18686e-05
0.517425	-3.14356e-05
0.548784	-0.000175597
0.580143	-0.000341751
0.611502	-0.000530686
0.642861	-0.000742763
0.674221	-0.000977836
0.70558	-0.00123517
0.736939	-0.00151336
0.768298	-0.00181023
0.799657	-0.00212274
0.831016	-0.0024469
0.862375	-0.00277765
0.893734	-0.00310875
0.925093	-0.00343264
0.956452	-0.00374032
0.987811	-0.00402121
1.01917	-0.00426297
1.05053	-0.00445136
1.08189	-0.00457014
1.11325	-0.00460086
1.14461	-0.00452285
1.17597	-0.00431314
1.20733	-0.00394649
1.23868	-0.00339554
1.27004	-0.00263102
1.3014	-0.00162215
1.33276	-0.000337202
1.36412	0.00125586
1.39548	0.00318842
1.42684	0.00549022
1.4582	0.0081881
1.48956	0.0113047
1.52092	0.0148569
1.55228	0.0188545
1.58363	0.0232989
1.61499	0.0281815
1.64635	0.0334828
1.67771	0.0391714
1.70907	0.045204
1.74043	0.0515249
1.77179	0.058067
1.80315	0.0647524
1.83451	0.0714943
1.86587	0.0781994
1.89723	0.0847699
1.92858	0.0911074
1.95994	0.0971153
1.9913	0.102703
2.02266	0.107824
2.05402	0.112518
2.08538	0.116696
2.11674	0.120276
2.1481	0.123196
2.17946	0.125409
2.21082	0.126896
2.24218	0.127667
2.27353	0.127766
2.30489	0.127275
2.33625	0.12631
2.36761	0.125025
2.39897	0.123603
2.43033	0.122244
2.46169	0.121159
2.49305	0.120538
2.50873	0.120538
