-0.0156795	0.0073573
0.0156795	0.0073573
0.0470386	0.00768125
0.0783977	0.00833227
0.109757	0.0093163
0.141116	0.0106415
0.172475	0.0123175
0.203834	0.014354
0.235193	0.01676
0.266552	0.0195418
0.297911	0.0227019
0.32927	0.0262371
0.36063	0.0301372
0.391989	0.0343837
0.423348	0.0389485
0.454707	0.043793
0.486066	0.0488681
0.517425	0.0541137
0.548784	0.0594595
0.580143	0.0648262
0.611502	0.0701266
0.642861	0.0752681
0.674221	0.080155
0.70558	0.0846912
0.736939	0.0887836
0.768298	0.0923448
0.799657	0.0952965
0.831016	0.097572
0.862375	0.0991192
0.893734	0.0999019
0.925093	0.0999019
0.956452	0.0991189
0.987811	0.0975715
1.01917	0.0952957
1.05053	0.0923435
1.08189	0.0887816
1.11325	0.0846883
1.14461	0.0801506
1.17597	0.0752616
1.20733	0.070117
1.23868	0.0648122
1.27004	0.0594393
1.3014	0.0540846
1.33276	0.0488267
1.36412	0.0437345
1.39548	0.0388664
1.42684	0.0342695
1.4582	0.0299795
1.48956	0.0260211
1.52092	0.0224083
1.55228	0.0191459
1.58363	0.0162304
1.61499	0.013651
1.64635	0.0113916
1.67771	0.00943176
1.70907	0.00774799
1.74043	0.00631507
1.77179	0.00510703
1.80315	0.004098
1.83451	0.00326297
1.86587	0.0025783
1.89723	0.00202212
1.92858	0.00157457
1.95994	0.00121795
1.9913	0.000936723
2.02266	0.000715947
2.05402	0.000540505
2.08538	0.000402815
2.11674	0.00029615
2.1481	0.000214639
2.17946	0.000153236
2.21082	0.000107672
2.24218	7.43947e-05
2.27353	5.04968e-05
2.30489	3.36406e-05
2.33625	2.19809e-05
2.36761	1.40907e-05
2.39897	8.89257e-06
2.43033	5.59921e-06
2.46169	3.66599e-06
2.49305	2.76098e-06
2.50873	2.76098e-06
