-0.0156795	0.0250422
0.0156795	0.0250422
0.0470386	0.0256616
0.0783977	0.0268933
0.109757	0.0287226
0.141116	0.031127
0.172475	0.034076
0.203834	0.0375303
0.235193	0.0414417
0.266552	0.0457524
0.297911	0.0503955
0.32927	0.0552947
0.36063	0.0603654
0.391989	0.0655154
0.423348	0.0706468
0.454707	0.0756575
0.486066	0.0804442
0.517425	0.0849043
0.548784	0.0889394
0.580143	0.0924577
0.611502	0.0953777
0.642861	0.09763
0.674221	0.0991603
0.70558	0.0999308
0.736939	0.0999219
0.768298	0.0991328
0.799657	0.0975811
0.831016	0.0953021
0.862375	0.0923479
0.893734	0.0887846
0.925093	0.0846902
0.956452	0.0801518
0.987811	0.0752624
1.01917	0.0701176
1.05053	0.0648126
1.08189	0.0594395
1.11325	0.0540848
1.14461	0.0488268
1.17597	0.0437345
1.20733	0.0388664
1.23868	0.0342695
1.27004	0.0299795
1.3014	0.026021
1.33276	0.0224083
1.36412	0.0191459
1.39548	0.0162303
1.42684	0.0136508
1.4582	0.0113914
1.48956	0.0094314
1.52092	0.00774747
1.55228	0.00631432
1.58363	0.00510596
1.61499	0.00409649
1.64635	0.00326085
1.67771	0.00257533
1.70907	0.002018
1.74043	0.00156891
1.77179	0.00121023
1.80315	0.000926278
1.83451	0.000703449
1.86587	0.000530123
1.89723	0.000396496
1.92858	0.000294406
1.95994	0.000217142
1.9913	0.000159259
2.02266	0.000116093
2.05402	8.35277e-05
2.08538	5.92784e-05
2.11674	4.1467e-05
2.1481	2.85708e-05
2.17946	1.93732e-05
2.21082	1.29167e-05
2.24218	8.45961e-06
2.27353	5.43685e-06
2.30489	3.4251e-06
2.33625	2.11301e-06
2.36761	1.27613e-06
2.39897	7.56132e-07
2.43033	4.44625e-07
2.46169	2.70573e-07
2.49305	1.91961e-07
2.50873	1.91961e-07
