-0.0156795	0.000800869
0.0156795	0.000800869
0.0470386	0.000779249
0.0783977	0.000735833
0.109757	0.00067028
0.141116	0.000582114
0.172475	0.000470758
0.203834	0.000335586
0.235193	0.000175977
0.266552	-8.61225e-06
0.297911	-0.00021858
0.32927	-0.000454099
0.36063	-0.000715038
0.391989	-0.00100088
0.423348	-0.00131063
0.454707	-0.00164275
0.486066	-0.00199505
0.517425	-0.0023646
0.548784	-0.00274767
0.580143	-0.00313957
0.611502	-0.00353462
0.642861	-0.00392596
0.674221	-0.0043055
0.70558	-0.0046637
0.736939	-0.00498951
0.768298	-0.00527018
0.799657	-0.00549112
0.831016	-0.00563578
0.862375	-0.00568553
0.893734	-0.00561961
0.925093	-0.00541516
0.956452	-0.00504724
0.987811	-0.00448905
1.01917	-0.00371225
1.05053	-0.00268744
1.08189	-0.00138471
1.11325	0.000225486
1.14461	0.00217142
1.17597	0.00447894
1.20733	0.00717024
1.23868	0.0102625
1.27004	0.0137665
1.3014	0.0176851
1.33276	0.0220123
1.36412	0.0267318
1.39548	0.031816
1.42684	0.037226
1.4582	0.042911
1.48956	0.0488087
1.52092	0.0548465
1.55228	0.0609422
1.58363	0.0670065
1.61499	0.0729448
1.64635	0.0786601
1.67771	0.0840559
1.70907	0.0890393
1.74043	0.0935241
1.77179	0.0974337
1.80315	0.100704
1.83451	0.103285
1.86587	0.105144
1.89723	0.106264
1.92858	0.106648
1.95994	0.106316
1.9913	0.105303
2.02266	0.103649
2.05402	0.101355
2.08538	0.0984619
2.11674	0.0950275
2.1481	0.0911259
2.17946	0.0868462
2.21082	0.0822915
2.24218	0.0775763
2.27353	0.072825
2.30489	0.0681694
2.33625	0.0637465
2.36761	0.0596971
2.39897	0.0561644
2.43033	0.0532931
2.46169	0.0512299
2.49305	0.0501231
2.50873	0.0501231
