-0.0156795	-0.00982059
0.0156795	-0.00982059
0.0470386	-0.00974914
0.0783977	-0.0096027
0.109757	-0.00937421
0.141116	-0.00905315
0.172475	-0.00862557
0.203834	-0.00807427
0.235193	-0.00737893
0.266552	-0.0065165
0.297911	-0.00546152
0.32927	-0.00418674
0.36063	-0.00266384
0.391989	-0.000864262
0.423348	0.00123969
0.454707	0.00367365
0.486066	0.00645986
0.517425	0.00961573
0.548784	0.0131523
0.580143	0.0170729
0.611502	0.0213717
0.642861	0.0260325
0.674221	0.0310279
0.70558	0.0363186
0.736939	0.0418535
0.768298	0.0475696
0.799657	0.0533934
0.831016	0.0592416
0.862375	0.0650238
0.893734	0.070644
0.925093	0.0760039
0.956452	0.0810059
0.987811	0.0855558
1.01917	0.0895668
1.05053	0.0929615
1.08189	0.0956757
1.11325	0.0976599
1.14461	0.0988817
1.17597	0.0993263
1.20733	0.0989975
1.23868	0.097917
1.27004	0.0961236
1.3014	0.0936715
1.33276	0.0906281
1.36412	0.0870712
1.39548	0.0830867
1.42684	0.0787645
1.4582	0.0741966
1.48956	0.0694732
1.52092	0.0646806
1.55228	0.0598988
1.58363	0.0551996
1.61499	0.050645
1.64635	0.0462868
1.67771	0.042166
1.70907	0.0383126
1.74043	0.0347465
1.77179	0.0314781
1.80315	0.0285093
1.83451	0.0258346
1.86587	0.023443
1.89723	0.0213187
1.92858	0.0194427
1.95994	0.0177939
1.9913	0.0163505
2.02266	0.0150818
2.05402	0.0139406
2.08538	0.0129137
2.11674	0.011988
2.1481	0.0111514
2.17946	0.0103926
2.21082	0.00970234
2.24218	0.00907324
2.27353	0.00850029
2.30489	0.00798105
2.33625	0.00751575
2.36761	0.00710726
2.39897	0.00676102
2.43033	0.00648485
2.46169	0.00628863
2.49305	0.006184
2.50873	0.006184
