-0.0156795	0.0193577
0.0156795	0.0193577
0.0470386	0.0194201
0.0783977	0.019545
0.109757	0.0197327
0.141116	0.0199837
0.172475	0.0202989
0.203834	0.0206802
0.235193	0.0211302
0.266552	0.0216529
0.297911	0.0222538
0.32927	0.0229401
0.36063	0.0237212
0.391989	0.0246082
0.423348	0.0256145
0.454707	0.0267552
0.486066	0.0280472
0.517425	0.0295083
0.548784	0.031157
0.580143	0.0330115
0.611502	0.0350886
0.642861	0.0374029
0.674221	0.0399654
0.70558	0.0427822
0.736939	0.0458534
0.768298	0.0491715
0.799657	0.0527207
0.831016	0.0564759
0.862375	0.0604018
0.893734	0.0644531
0.925093	0.0685742
0.956452	0.0727002
0.987811	0.076758
1.01917	0.0806673
1.05053	0.0843434
1.08189	0.0876993
1.11325	0.0906484
1.14461	0.0931074
1.17597	0.0949996
1.20733	0.0962575
1.23868	0.0968259
1.27004	0.0966639
1.3014	0.095747
1.33276	0.0940682
1.36412	0.0916389
1.39548	0.0884885
1.42684	0.0846637
1.4582	0.0802271
1.48956	0.0752549
1.52092	0.0698345
1.55228	0.0640614
1.58363	0.0580361
1.61499	0.0518608
1.64635	0.0456363
1.67771	0.0394592
1.70907	0.0334188
1.74043	0.0275958
1.77179	0.0220596
1.80315	0.0168681
1.83451	0.0120666
1.86587	0.0076878
1.89723	0.00375223
1.92858	0.000268969
1.95994	-0.00276331
1.9913	-0.00535502
2.02266	-0.0075395
2.05402	-0.00938132
2.08538	-0.0108898
2.11674	-0.0120803
2.1481	-0.0129736
2.17946	-0.0135954
2.21082	-0.0139755
2.24218	-0.0141475
2.27353	-0.0141473
2.30489	-0.0140133
2.33625	-0.013785
2.36761	-0.0135026
2.39897	-0.0132058
2.43033	-0.0129334
2.46169	-0.0127216
2.49305	-0.0126028
2.50873	-0.0126028
