-0.0156795	-0.00326262
0.0156795	-0.00326262
0.0470386	-0.00330953
0.0783977	-0.00340187
0.109757	-0.00353665
0.141116	-0.00370938
0.172475	-0.00391403
0.203834	-0.00414301
0.235193	-0.00438709
0.266552	-0.00463535
0.297911	-0.00487515
0.32927	-0.00509195
0.36063	-0.00526936
0.391989	-0.00538892
0.423348	-0.00543019
0.454707	-0.00537061
0.486066	-0.0051856
0.517425	-0.00484867
0.548784	-0.00433163
0.580143	-0.00360491
0.611502	-0.00263804
0.642861	-0.00140032
0.674221	0.000138408
0.70558	0.00200678
0.736939	0.00423078
0.768298	0.00683246
0.799657	0.00982863
0.831016	0.0132294
0.862375	0.0170368
0.893734	0.0212436
0.925093	0.0258319
0.956452	0.0307727
0.987811	0.0360251
1.01917	0.041536
1.05053	0.047241
1.08189	0.0530649
1.11325	0.058923
1.14461	0.0647234
1.17597	0.0703689
1.20733	0.0757602
1.23868	0.0807985
1.27004	0.0853889
1.3014	0.0894436
1.33276	0.0928849
1.36412	0.095648
1.39548	0.097683
1.42684	0.0989572
1.4582	0.0994557
1.48956	0.0991824
1.52092	0.0981589
1.55228	0.0964244
1.58363	0.0940335
1.61499	0.0910539
1.64635	0.0875646
1.67771	0.0836518
1.70907	0.079407
1.74043	0.0749231
1.77179	0.070292
1.80315	0.0656016
1.83451	0.0609338
1.86587	0.0563622
1.89723	0.0519515
1.92858	0.0477555
1.95994	0.0438177
1.9913	0.0401707
2.02266	0.0368132
2.05402	0.0336851
2.08538	0.0308062
2.11674	0.02819
2.1481	0.0258431
2.17946	0.023766
2.21082	0.0219534
2.24218	0.0203952
2.27353	0.0190768
2.30489	0.017981
2.33625	0.0170882
2.36761	0.0163788
2.39897	0.0158333
2.43033	0.0154353
2.46169	0.0151724
2.49305	0.0150389
2.50873	0.0150389
