-0.0156795	0.19669
0.0156795	0.19669
0.0470386	0.195197
0.0783977	0.192245
0.109757	0.1879
0.141116	0.18226
0.172475	0.175446
0.203834	0.167605
0.235193	0.158899
0.266552	0.1495
0.297911	0.13959
0.32927	0.129346
0.36063	0.118944
0.391989	0.108547
0.423348	0.0983057
0.454707	0.0883541
0.486066	0.0788062
0.517425	0.0697555
0.548784	0.0612746
0.580143	0.0534154
0.611502	0.0462098
0.642861	0.0396719
0.674221	0.0337996
0.70558	0.0285773
0.736939	0.0239777
0.768298	0.0199651
0.799657	0.0164973
0.831016	0.0135279
0.862375	0.0110083
0.893734	0.00888962
0.925093	0.00712391
0.956452	0.00566531
0.987811	0.00447094
1.01917	0.00350141
1.05053	0.00272115
1.08189	0.0020986
1.11325	0.00160609
1.14461	0.00121976
1.17597	0.000919264
1.20733	0.000687491
1.23868	0.000510215
1.27004	0.000375748
1.3014	0.000274598
1.33276	0.000199138
1.36412	0.000143306
1.39548	0.000102336
1.42684	7.25175e-05
1.4582	5.09927e-05
1.48956	3.55813e-05
1.52092	2.46368e-05
1.55228	1.69275e-05
1.58363	1.15411e-05
1.61499	7.80807e-06
1.64635	5.24184e-06
1.67771	3.49193e-06
1.70907	2.30827e-06
1.74043	1.51407e-06
1.77179	9.85474e-07
1.80315	6.36473e-07
1.83451	4.07896e-07
1.86587	2.59391e-07
1.89723	1.63678e-07
1.92858	1.02485e-07
1.95994	6.37095e-08
1.9913	3.94182e-08
2.02266	2.42534e-08
2.05402	1.46713e-08
2.08538	8.72809e-09
2.11674	5.14868e-09
2.1481	3.01155e-09
2.17946	1.7466e-09
2.21082	1.00438e-09
2.24218	5.72649e-10
2.27353	3.23712e-10
2.30489	1.81425e-10
2.33625	1.00807e-10
2.36761	5.55301e-11
2.39897	3.03246e-11
2.43033	1.64164e-11
2.46169	9.00102e-12
2.49305	6.04329e-12
2.50873	6.04329e-12
