-0.0156795	0.00276567
0.0156795	0.00276567
0.0470386	0.00280642
0.0783977	0.00288819
0.109757	0.00301149
0.141116	0.00317705
0.172475	0.00338574
0.203834	0.00363853
0.235193	0.00393636
0.266552	0.00428012
0.297911	0.00467047
0.32927	0.00510786
0.36063	0.00559233
0.391989	0.00612356
0.423348	0.00670075
0.454707	0.00732263
0.486066	0.00798748
0.517425	0.00869316
0.548784	0.00943722
0.580143	0.010217
0.611502	0.0110298
0.642861	0.0118731
0.674221	0.0127447
0.70558	0.0136433
0.736939	0.0145684
0.768298	0.0155207
0.799657	0.0165025
0.831016	0.0175179
0.862375	0.018573
0.893734	0.0196764
0.925093	0.0208388
0.956452	0.0220732
0.987811	0.023395
1.01917	0.0248217
1.05053	0.0263724
1.08189	0.0280673
1.11325	0.0299271
1.14461	0.031972
1.17597	0.0342206
1.20733	0.0366893
1.23868	0.0393903
1.27004	0.0423307
1.3014	0.0455113
1.33276	0.0489249
1.36412	0.0525559
1.39548	0.0563786
1.42684	0.0603574
1.4582	0.0644459
1.48956	0.0685875
1.52092	0.072716
1.55228	0.0767567
1.58363	0.0806279
1.61499	0.0842433
1.64635	0.0875141
1.67771	0.0903524
1.70907	0.0926734
1.74043	0.0943995
1.77179	0.0954623
1.80315	0.0958061
1.83451	0.0953902
1.86587	0.0941907
1.89723	0.0922019
1.92858	0.0894371
1.95994	0.0859284
1.9913	0.0817262
2.02266	0.0768638
2.05402	0.0712773
2.08538	0.0650232
2.11674	0.058179
2.1481	0.0508424
2.17946	0.0431316
2.21082	0.0351832
2.24218	0.027151
2.27353	0.0192037
2.30489	0.0115229
2.33625	0.00430074
2.36761	-0.00226165
2.39897	-0.00795574
2.43033	-0.0125662
2.46169	-0.0158712
2.49305	-0.0176416
2.50873	-0.0176416
