-0.0156795	0.000665907
0.0156795	0.000665907
0.0470386	0.000674556
0.0783977	0.00069205
0.109757	0.000718787
0.141116	0.000755366
0.172475	0.000802594
0.203834	0.00086149
0.235193	0.000933286
0.266552	0.00101943
0.297911	0.0011216
0.32927	0.00124165
0.36063	0.00138167
0.391989	0.00154389
0.423348	0.00173071
0.454707	0.00194461
0.486066	0.00218816
0.517425	0.00246389
0.548784	0.00277427
0.580143	0.00312165
0.611502	0.0035081
0.642861	0.0039354
0.674221	0.00440491
0.70558	0.00491752
0.736939	0.00547355
0.768298	0.00607272
0.799657	0.00671407
0.831016	0.00739602
0.862375	0.00811631
0.893734	0.0088721
0.925093	0.00966006
0.956452	0.0104765
0.987811	0.0113174
1.01917	0.0121791
1.05053	0.0130577
1.08189	0.0139503
1.11325	0.0148546
1.14461	0.0157696
1.17597	0.0166957
1.20733	0.0176351
1.23868	0.0185923
1.27004	0.019574
1.3014	0.0205893
1.33276	0.02165
1.36412	0.0227706
1.39548	0.0239679
1.42684	0.0252608
1.4582	0.0266699
1.48956	0.0282168
1.52092	0.0299234
1.55228	0.031811
1.58363	0.0338992
1.61499	0.0362046
1.64635	0.0387397
1.67771	0.0415118
1.70907	0.0445219
1.74043	0.0477634
1.77179	0.0512219
1.80315	0.0548739
1.83451	0.0586878
1.86587	0.0626231
1.89723	0.0666321
1.92858	0.0706604
1.95994	0.0746491
1.9913	0.0785363
2.02266	0.0822863
2.05402	0.085926
2.08538	0.0893866
2.11674	0.0925989
2.1481	0.0954969
2.17946	0.0980224
2.21082	0.100129
2.24218	0.101788
2.27353	0.10299
2.30489	0.103753
2.33625	0.10412
2.36761	0.104163
2.39897	0.103977
2.43033	0.103674
2.46169	0.103373
2.49305	0.103182
2.50873	0.103182
