-0.0156795	0.00121696
0.0156795	0.00121696
0.0470386	0.00123282
0.0783977	0.00126491
0.109757	0.00131392
0.141116	0.00138092
0.172475	0.00146729
0.203834	0.00157469
0.235193	0.00170507
0.266552	0.0018606
0.297911	0.00204363
0.32927	0.00225663
0.36063	0.00250212
0.391989	0.00278261
0.423348	0.0031005
0.454707	0.00345804
0.486066	0.00385717
0.517425	0.0042995
0.548784	0.00478621
0.580143	0.005318
0.611502	0.00589501
0.642861	0.00651679
0.674221	0.00718233
0.70558	0.00789005
0.736939	0.00863788
0.768298	0.00942332
0.799657	0.0102436
0.831016	0.0110958
0.862375	0.0119772
0.893734	0.0128853
0.925093	0.0138181
0.956452	0.0147747
0.987811	0.0157552
1.01917	0.0167612
1.05053	0.0177958
1.08189	0.0188644
1.11325	0.0199742
1.14461	0.0211348
1.17597	0.022358
1.20733	0.0236579
1.23868	0.0250505
1.27004	0.0265532
1.3014	0.028185
1.33276	0.0299648
1.36412	0.0319115
1.39548	0.0340426
1.42684	0.0363732
1.4582	0.0389145
1.48956	0.0416733
1.52092	0.0446501
1.55228	0.0478382
1.58363	0.0512226
1.61499	0.0547793
1.64635	0.0584746
1.67771	0.0622651
1.70907	0.0660981
1.74043	0.0699116
1.77179	0.0736365
1.80315	0.0771976
1.83451	0.0805159
1.86587	0.0835113
1.89723	0.0861055
1.92858	0.0882247
1.95994	0.0898033
1.9913	0.0907867
2.02266	0.0911366
2.05402	0.0908112
2.08538	0.0897583
2.11674	0.0879438
2.1481	0.0853567
2.17946	0.0820142
2.21082	0.0779668
2.24218	0.0733026
2.27353	0.0681506
2.30489	0.0626828
2.33625	0.0571141
2.36761	0.0517003
2.39897	0.0467318
2.43033	0.042525
2.46169	0.0394085
2.49305	0.0377042
2.50873	0.0377042
