-0.0156795	0.000445313
0.0156795	0.000445313
0.0470386	0.000447583
0.0783977	0.000451952
0.109757	0.000458085
0.141116	0.000465473
0.172475	0.000473439
0.203834	0.000481133
0.235193	0.00048754
0.266552	0.000491477
0.297911	0.000491602
0.32927	0.000486429
0.36063	0.000474335
0.391989	0.000453591
0.423348	0.000422381
0.454707	0.000378842
0.486066	0.000321105
0.517425	0.000247344
0.548784	0.000155829
0.580143	4.49934e-05
0.611502	-8.64984e-05
0.642861	-0.000239678
0.674221	-0.000415193
0.70558	-0.000613224
0.736939	-0.000833399
0.768298	-0.00107471
0.799657	-0.0013354
0.831016	-0.00161291
0.862375	-0.00190374
0.893734	-0.00220337
0.925093	-0.00250614
0.956452	-0.00280515
0.987811	-0.00309214
1.01917	-0.00335736
1.05053	-0.00358943
1.08189	-0.00377522
1.11325	-0.00389975
1.14461	-0.00394603
1.17597	-0.00389498
1.20733	-0.00372542
1.23868	-0.00341402
1.27004	-0.00293539
1.3014	-0.00226223
1.33276	-0.00136565
1.36412	-0.000215487
1.39548	0.00121904
1.42684	0.00296872
1.4582	0.00506339
1.48956	0.00753098
1.52092	0.0103963
1.55228	0.0136799
1.58363	0.0173965
1.61499	0.0215537
1.64635	0.0261509
1.67771	0.0311779
1.70907	0.0366141
1.74043	0.0424277
1.77179	0.0485755
1.80315	0.0550029
1.83451	0.061645
1.86587	0.0684271
1.89723	0.075267
1.92858	0.0820768
1.95994	0.0887655
1.9913	0.0952423
2.02266	0.101463
2.05402	0.107488
2.08538	0.113226
2.11674	0.118583
2.1481	0.123474
2.17946	0.127826
2.21082	0.131581
2.24218	0.134703
2.27353	0.137181
2.30489	0.139036
2.33625	0.140316
2.36761	0.141102
2.39897	0.141499
2.43033	0.141629
2.46169	0.141618
2.49305	0.141576
2.50873	0.141576
