-0.0156795	0.000651742
0.0156795	0.000651742
0.0470386	0.000648755
0.0783977	0.000642536
0.109757	0.000632598
0.141116	0.000618218
0.172475	0.000598451
0.203834	0.000572144
0.235193	0.000537961
0.266552	0.000494402
0.297911	0.000439841
0.32927	0.000372562
0.36063	0.000290803
0.391989	0.000192805
0.423348	7.68675e-05
0.454707	-5.85875e-05
0.486066	-0.000214954
0.517425	-0.00039337
0.548784	-0.000594646
0.580143	-0.000819192
0.611502	-0.00106693
0.642861	-0.00133725
0.674221	-0.00162885
0.70558	-0.00193977
0.736939	-0.00226717
0.768298	-0.00260736
0.799657	-0.00295561
0.831016	-0.00330606
0.862375	-0.00365163
0.893734	-0.00398385
0.925093	-0.00429272
0.956452	-0.00456656
0.987811	-0.00479186
1.01917	-0.0049531
1.05053	-0.00503264
1.08189	-0.0050106
1.11325	-0.00486475
1.14461	-0.00457061
1.17597	-0.00410142
1.20733	-0.00342845
1.23868	-0.00252127
1.27004	-0.00134831
1.3014	0.000122551
1.33276	0.00192305
1.36412	0.00408356
1.39548	0.00663185
1.42684	0.00959181
1.4582	0.0129819
1.48956	0.0168138
1.52092	0.0210907
1.55228	0.0258063
1.58363	0.0309432
1.61499	0.0364723
1.64635	0.042352
1.67771	0.0485285
1.70907	0.0549356
1.74043	0.061496
1.77179	0.0681228
1.80315	0.0747214
1.83451	0.081192
1.86587	0.0874326
1.89723	0.0933426
1.92858	0.0988255
1.95994	0.103793
1.9913	0.108168
2.02266	0.111915
2.05402	0.115054
2.08538	0.117516
2.11674	0.119246
2.1481	0.120209
2.17946	0.120395
2.21082	0.119826
2.24218	0.118554
2.27353	0.116668
2.30489	0.114294
2.33625	0.111593
2.36761	0.108762
2.39897	0.106022
2.43033	0.103615
2.46169	0.101787
2.49305	0.100773
2.50873	0.100773
