-0.0156795	0.0298811
0.0156795	0.0298811
0.0470386	0.0305372
0.0783977	0.0318397
0.109757	0.0337685
0.141116	0.0362938
0.172475	0.0393754
0.203834	0.0429629
0.235193	0.0469953
0.266552	0.051402
0.297911	0.0561026
0.32927	0.0610081
0.36063	0.0660223
0.391989	0.0710431
0.423348	0.0759648
0.454707	0.0806803
0.486066	0.0850842
0.517425	0.0890753
0.548784	0.0925596
0.580143	0.0954534
0.611502	0.0976857
0.642861	0.0992009
0.674221	0.0999602
0.70558	0.0999431
0.736939	0.0991479
0.768298	0.0975917
0.799657	0.0953096
0.831016	0.0923531
0.862375	0.0887881
0.893734	0.0846926
0.925093	0.0801535
0.956452	0.0752635
0.987811	0.0701183
1.01917	0.0648131
1.05053	0.0594398
1.08189	0.054085
1.11325	0.0488269
1.14461	0.0437346
1.17597	0.0388665
1.20733	0.0342695
1.23868	0.0299795
1.27004	0.0260211
1.3014	0.0224083
1.33276	0.0191459
1.36412	0.0162303
1.39548	0.0136508
1.42684	0.0113914
1.4582	0.0094314
1.48956	0.00774747
1.52092	0.00631432
1.55228	0.00510596
1.58363	0.00409648
1.61499	0.00326083
1.64635	0.00257531
1.67771	0.00201798
1.70907	0.00156887
1.74043	0.00121017
1.77179	0.000926186
1.80315	0.000703315
1.83451	0.000529929
1.86587	0.000396219
1.89723	0.000294013
1.92858	0.000216588
1.95994	0.000158486
1.9913	0.000115322
2.02266	8.3404e-05
2.05402	5.95287e-05
2.08538	4.19037e-05
2.11674	2.90709e-05
2.1481	1.98617e-05
2.17946	1.33526e-05
2.21082	8.82508e-06
2.24218	5.7286e-06
2.27353	3.64836e-06
2.30489	2.27714e-06
2.33625	1.3915e-06
2.36761	8.32144e-07
2.39897	4.87971e-07
2.43033	2.83707e-07
2.46169	1.70499e-07
2.49305	1.19752e-07
2.50873	1.19752e-07
