-0.0156795	-0.000140179
0.0156795	-0.000140179
0.0470386	-0.000186609
0.0783977	-0.000279002
0.109757	-0.000416416
0.141116	-0.000597423
0.172475	-0.000820081
0.203834	-0.00108191
0.235193	-0.00137984
0.266552	-0.0017102
0.297911	-0.00206861
0.32927	-0.00244995
0.36063	-0.00284826
0.391989	-0.00325666
0.423348	-0.00366725
0.454707	-0.00407093
0.486066	-0.00445736
0.517425	-0.00481472
0.548784	-0.00512964
0.580143	-0.00538697
0.611502	-0.00556972
0.642861	-0.00565891
0.674221	-0.00563351
0.70558	-0.00547045
0.736939	-0.00514467
0.768298	-0.00462935
0.799657	-0.00389622
0.831016	-0.00291599
0.862375	-0.00165904
0.893734	-9.61559e-05
0.925093	0.00180044
0.956452	0.00405599
0.987811	0.00669191
1.01917	0.00972447
1.05053	0.0131633
1.08189	0.0170102
1.11325	0.0212575
1.14461	0.0258872
1.17597	0.0308702
1.20733	0.0361654
1.23868	0.04172
1.27004	0.0474696
1.3014	0.0533392
1.33276	0.0592447
1.36412	0.0650944
1.39548	0.0707919
1.42684	0.0762385
1.4582	0.0813365
1.48956	0.085992
1.52092	0.0901185
1.55228	0.0936398
1.58363	0.0964925
1.61499	0.0986288
1.64635	0.100018
1.67771	0.100647
1.70907	0.100521
1.74043	0.0996662
1.77179	0.098122
1.80315	0.0959456
1.83451	0.0932069
1.86587	0.0899861
1.89723	0.0863712
1.92858	0.0824543
1.95994	0.0783287
1.9913	0.0740859
2.02266	0.069783
2.05402	0.0653922
2.08538	0.0609874
2.11674	0.0566407
2.1481	0.0524204
2.17946	0.0483889
2.21082	0.0446013
2.24218	0.0411041
2.27353	0.037934
2.30489	0.0351183
2.33625	0.0326753
2.36761	0.0306158
2.39897	0.0289456
2.43033	0.0276692
2.46169	0.0267947
2.49305	0.0263397
2.50873	0.0263397
