-0.0156795	0.000158459
0.0156795	0.000158459
0.0470386	0.00016446
0.0783977	0.000176435
0.109757	0.000194332
0.141116	0.000218072
0.172475	0.000247548
0.203834	0.000282624
0.235193	0.000323136
0.266552	0.000368888
0.297911	0.000419656
0.32927	0.000475185
0.36063	0.000535189
0.391989	0.000599357
0.423348	0.000667352
0.454707	0.000738819
0.486066	0.000813391
0.517425	0.000890697
0.548784	0.000970376
0.580143	0.00105209
0.611502	0.00113553
0.642861	0.00122046
0.674221	0.00130672
0.70558	0.00139424
0.736939	0.00148309
0.768298	0.00157347
0.799657	0.00166575
0.831016	0.00176049
0.862375	0.00185846
0.893734	0.00196062
0.925093	0.00206816
0.956452	0.0021825
0.987811	0.00230525
1.01917	0.00243823
1.05053	0.00258349
1.08189	0.00274325
1.11325	0.00291994
1.14461	0.0031162
1.17597	0.00333492
1.20733	0.0035793
1.23868	0.00385293
1.27004	0.00415995
1.3014	0.00450516
1.33276	0.0048943
1.36412	0.00533429
1.39548	0.00583352
1.42684	0.00640227
1.4582	0.007053
1.48956	0.00780083
1.52092	0.00866388
1.55228	0.00966364
1.58363	0.0108253
1.61499	0.0121777
1.64635	0.0137539
1.67771	0.0155904
1.70907	0.0177273
1.74043	0.0202074
1.77179	0.0230753
1.80315	0.0263766
1.83451	0.0301556
1.86587	0.0344545
1.89723	0.0393104
1.92858	0.0447538
1.95994	0.0508055
1.9913	0.0574748
2.02266	0.0648079
2.05402	0.072995
2.08538	0.0820494
2.11674	0.0919611
2.1481	0.10269
2.17946	0.114161
2.21082	0.126254
2.24218	0.138801
2.27353	0.151578
2.30489	0.164302
2.33625	0.176629
2.36761	0.188153
2.39897	0.198415
2.43033	0.206912
2.46169	0.213108
2.49305	0.216464
2.50873	0.216464
