-0.0156795	0.000449528
0.0156795	0.000449528
0.0470386	0.000456495
0.0783977	0.00047054
0.109757	0.000491891
0.141116	0.000520894
0.172475	0.000558025
0.203834	0.000603896
0.235193	0.000659271
0.266552	0.00072507
0.297911	0.000802386
0.32927	0.000892492
0.36063	0.000996845
0.391989	0.00111709
0.423348	0.00125504
0.454707	0.0014127
0.486066	0.00159219
0.517425	0.00179577
0.548784	0.00202576
0.580143	0.00228451
0.611502	0.00257432
0.642861	0.00289736
0.674221	0.00325563
0.70558	0.00365081
0.736939	0.00408424
0.768298	0.00455678
0.799657	0.00506873
0.831016	0.0056198
0.862375	0.00620903
0.893734	0.00683475
0.925093	0.0074946
0.956452	0.00818556
0.987811	0.00890402
1.01917	0.0096459
1.05053	0.0104068
1.08189	0.0111822
1.11325	0.0119678
1.14461	0.0127595
1.17597	0.0135543
1.20733	0.0143499
1.23868	0.0151458
1.27004	0.0159431
1.3014	0.0167452
1.33276	0.0175578
1.36412	0.0183894
1.39548	0.0192515
1.42684	0.0201586
1.4582	0.0211281
1.48956	0.0221805
1.52092	0.0233386
1.55228	0.0246275
1.58363	0.0260739
1.61499	0.0277053
1.64635	0.0295489
1.67771	0.0316311
1.70907	0.0339761
1.74043	0.0366045
1.77179	0.0395327
1.80315	0.0427713
1.83451	0.0463243
1.86587	0.0501884
1.89723	0.0543522
1.92858	0.0587958
1.95994	0.0634912
1.9913	0.068402
2.02266	0.0735202
2.05402	0.0789315
2.08538	0.0845935
2.11674	0.0904532
2.1481	0.0964468
2.17946	0.1025
2.21082	0.108529
2.24218	0.114443
2.27353	0.120144
2.30489	0.125529
2.33625	0.130491
2.36761	0.134922
2.39897	0.13871
2.43033	0.14174
2.46169	0.143892
2.49305	0.145038
2.50873	0.145038
