-0.0156795	0.000309236
0.0156795	0.000309236
0.0470386	0.000313603
0.0783977	0.000322226
0.109757	0.00033488
0.141116	0.000351225
0.172475	0.000370801
0.203834	0.000393023
0.235193	0.000417177
0.266552	0.000442414
0.297911	0.000467746
0.32927	0.00049205
0.36063	0.000514064
0.391989	0.000532396
0.423348	0.000545532
0.454707	0.00055186
0.486066	0.000549686
0.517425	0.000537271
0.548784	0.000512867
0.580143	0.000474767
0.611502	0.00042136
0.642861	0.000351196
0.674221	0.000263055
0.70558	0.000156024
0.736939	2.95814e-05
0.768298	-0.000116321
0.799657	-0.000281169
0.831016	-0.0004638
0.862375	-0.000662315
0.893734	-0.000873993
0.925093	-0.00109521
0.956452	-0.00132136
0.987811	-0.00154676
1.01917	-0.00176463
1.05053	-0.00196693
1.08189	-0.00214437
1.11325	-0.00228629
1.14461	-0.00238058
1.17597	-0.00241364
1.20733	-0.00237029
1.23868	-0.0022337
1.27004	-0.00198535
1.3014	-0.00160503
1.33276	-0.00107082
1.36412	-0.000359199
1.39548	0.000554854
1.42684	0.00169761
1.4582	0.00309629
1.48956	0.00477857
1.52092	0.00677209
1.55228	0.00910364
1.58363	0.0117984
1.61499	0.014879
1.64635	0.0183644
1.67771	0.0222686
1.70907	0.0265999
1.74043	0.0313596
1.77179	0.0365407
1.80315	0.0421276
1.83451	0.0480951
1.86587	0.0544083
1.89723	0.0610226
1.92858	0.0678843
1.95994	0.0749313
1.9913	0.0820945
2.02266	0.0893502
2.05402	0.0968045
2.08538	0.104383
2.11674	0.112001
2.1481	0.119566
2.17946	0.126983
2.21082	0.134151
2.24218	0.14097
2.27353	0.147345
2.30489	0.153185
2.33625	0.158408
2.36761	0.162939
2.39897	0.166711
2.43033	0.16966
2.46169	0.171715
2.49305	0.172797
2.50873	0.172797
