-0.0156795	-0.000433437
0.0156795	-0.000433437
0.0470386	-0.000482446
0.0783977	-0.000579866
0.109757	-0.00072449
0.141116	-0.000914497
0.172475	-0.00114743
0.203834	-0.00142017
0.235193	-0.00172891
0.266552	-0.0020691
0.297911	-0.0024354
0.32927	-0.00282161
0.36063	-0.00322059
0.391989	-0.00362416
0.423348	-0.00402298
0.454707	-0.00440642
0.486066	-0.00476243
0.517425	-0.00507741
0.548784	-0.005336
0.580143	-0.00552102
0.611502	-0.00561332
0.642861	-0.00559173
0.674221	-0.00543303
0.70558	-0.00511207
0.736939	-0.00460193
0.768298	-0.00387425
0.799657	-0.00289968
0.831016	-0.00164855
0.862375	-9.15916e-05
0.893734	0.001799
0.925093	0.0040485
0.956452	0.00667835
0.987811	0.00970481
1.01917	0.0131375
1.05053	0.0169782
1.08189	0.0212193
1.11325	0.0258427
1.14461	0.0308192
1.17597	0.0361078
1.20733	0.0416554
1.23868	0.0473977
1.27004	0.0532594
1.3014	0.0591561
1.33276	0.0649963
1.36412	0.0706831
1.39548	0.0761176
1.42684	0.0812017
1.4582	0.0858414
1.48956	0.0899497
1.52092	0.0934499
1.55228	0.0962784
1.58363	0.0983869
1.61499	0.0997441
1.64635	0.100337
1.67771	0.100171
1.70907	0.09927
1.74043	0.097675
1.77179	0.0954426
1.80315	0.0926427
1.83451	0.0893558
1.86587	0.08567
1.89723	0.081678
1.92858	0.0774737
1.95994	0.0731494
1.9913	0.0687931
2.02266	0.0644555
2.05402	0.0601034
2.08538	0.0558053
2.11674	0.0516263
2.1481	0.047626
2.17946	0.0438567
2.21082	0.0403625
2.24218	0.0371781
2.27353	0.0343286
2.30489	0.0318294
2.33625	0.0296875
2.36761	0.027903
2.39897	0.0264715
2.43033	0.025388
2.46169	0.0246513
2.49305	0.0242701
2.50873	0.0242701
