-0.0156795	0.00446222
0.0156795	0.00446222
0.0470386	0.0045234
0.0783977	0.0046456
0.109757	0.00482847
0.141116	0.00507146
0.172475	0.00537377
0.203834	0.00573435
0.235193	0.00615182
0.266552	0.00662447
0.297911	0.00715022
0.32927	0.00772663
0.36063	0.00835092
0.391989	0.00902002
0.423348	0.00973067
0.454707	0.0104795
0.486066	0.0112633
0.517425	0.012079
0.548784	0.0129242
0.580143	0.013797
0.611502	0.0146969
0.642861	0.0156243
0.674221	0.0165814
0.70558	0.0175724
0.736939	0.0186034
0.768298	0.0196827
0.799657	0.0208213
0.831016	0.0220324
0.862375	0.0233314
0.893734	0.024736
0.925093	0.0262656
0.956452	0.0279406
0.987811	0.0297821
1.01917	0.0318105
1.05053	0.0340453
1.08189	0.036503
1.11325	0.0391966
1.14461	0.0421339
1.17597	0.0453163
1.20733	0.0487376
1.23868	0.052383
1.27004	0.0562277
1.3014	0.0602372
1.33276	0.064366
1.36412	0.0685586
1.39548	0.0727496
1.42684	0.0768653
1.4582	0.0808247
1.48956	0.084542
1.52092	0.0879289
1.55228	0.0908974
1.58363	0.0933627
1.61499	0.0952464
1.64635	0.0964793
1.67771	0.0970041
1.70907	0.0967783
1.74043	0.0957753
1.77179	0.0939866
1.80315	0.0914218
1.83451	0.0881091
1.86587	0.0840939
1.89723	0.0794381
1.92858	0.0742177
1.95994	0.0685201
1.9913	0.0624416
2.02266	0.0560394
2.05402	0.0492478
2.08538	0.0421565
2.11674	0.0348645
2.1481	0.0274779
2.17946	0.0201076
2.21082	0.0128669
2.24218	0.00586912
2.27353	-0.000774049
2.30489	-0.00695429
2.33625	-0.0125671
2.36761	-0.0175112
2.39897	-0.0216873
2.43033	-0.0249945
2.46169	-0.0273256
2.49305	-0.028561
2.50873	-0.028561
