-0.0156795	0.0318647
0.0156795	0.0318647
0.0470386	0.0319218
0.0783977	0.03204
0.109757	0.0322268
0.141116	0.0324938
0.172475	0.0328554
0.203834	0.0333294
0.235193	0.0339358
0.266552	0.0346967
0.297911	0.0356352
0.32927	0.0367746
0.36063	0.0381375
0.391989	0.0397448
0.423348	0.0416143
0.454707	0.0437593
0.486066	0.0461878
0.517425	0.0489007
0.548784	0.0518909
0.580143	0.0551423
0.611502	0.0586288
0.642861	0.0623139
0.674221	0.0661506
0.70558	0.0700814
0.736939	0.0740394
0.768298	0.0779489
0.799657	0.0817279
0.831016	0.0852892
0.862375	0.0885439
0.893734	0.0914032
0.925093	0.0937823
0.956452	0.0956027
0.987811	0.0967955
1.01917	0.0973042
1.05053	0.0970868
1.08189	0.0961179
1.11325	0.0943898
1.14461	0.0919132
1.17597	0.088717
1.20733	0.0848477
1.23868	0.0803674
1.27004	0.0753524
1.3014	0.0698898
1.33276	0.0640753
1.36412	0.0580095
1.39548	0.0517947
1.42684	0.0455322
1.4582	0.0393186
1.48956	0.0332441
1.52092	0.0273894
1.55228	0.021825
1.58363	0.0166094
1.61499	0.0117886
1.64635	0.00739649
1.67771	0.00345451
1.70907	-2.70228e-05
1.74043	-0.00304816
1.77179	-0.00561792
1.80315	-0.00775297
1.83451	-0.00947608
1.86587	-0.0108148
1.89723	-0.0117998
1.92858	-0.0124643
1.95994	-0.0128422
1.9913	-0.0129677
2.02266	-0.0128737
2.05402	-0.012583
2.08538	-0.0121169
2.11674	-0.0114978
2.1481	-0.0107496
2.17946	-0.00989688
2.21082	-0.00896555
2.24218	-0.0079827
2.27353	-0.00697673
2.30489	-0.00597745
2.33625	-0.00501621
2.36761	-0.00412594
2.39897	-0.00334104
2.43033	-0.00269729
2.46169	-0.00223137
2.49305	-0.00198025
2.50873	-0.00198025
