-0.0156795	0.0171789
0.0156795	0.0171789
0.0470386	0.0177057
0.0783977	0.0187568
0.109757	0.0203267
0.141116	0.0224067
0.172475	0.0249836
0.203834	0.028039
0.235193	0.0315483
0.266552	0.0354796
0.297911	0.0397925
0.32927	0.0444377
0.36063	0.0493564
0.391989	0.0544806
0.423348	0.0597329
0.454707	0.0650283
0.486066	0.0702747
0.517425	0.0753758
0.548784	0.0802327
0.580143	0.0847468
0.611502	0.088823
0.642861	0.0923726
0.674221	0.0953159
0.70558	0.0975855
0.736939	0.0991284
0.768298	0.0999082
0.799657	0.0999061
0.831016	0.0991218
0.862375	0.0975734
0.893734	0.0952969
0.925093	0.0923443
0.956452	0.0887822
0.987811	0.0846886
1.01917	0.0801508
1.05053	0.0752617
1.08189	0.0701171
1.11325	0.0648123
1.14461	0.0594393
1.17597	0.0540846
1.20733	0.0488267
1.23868	0.0437345
1.27004	0.0388664
1.3014	0.0342695
1.33276	0.0299795
1.36412	0.026021
1.39548	0.0224083
1.42684	0.0191459
1.4582	0.0162303
1.48956	0.0136508
1.52092	0.0113914
1.55228	0.00943141
1.58363	0.00774749
1.61499	0.00631435
1.64635	0.005106
1.67771	0.00409655
1.70907	0.00326094
1.74043	0.00257547
1.77179	0.0020182
1.80315	0.0015692
1.83451	0.00121065
1.86587	0.000926865
1.89723	0.000704279
1.92858	0.00053129
1.95994	0.000398122
1.9913	0.000296654
2.02266	0.00021969
2.05402	0.00016062
2.08538	0.000115864
2.11674	8.2405e-05
2.1481	5.7743e-05
2.17946	3.98323e-05
2.21082	2.70259e-05
2.24218	1.80186e-05
2.27353	1.17929e-05
2.30489	7.56872e-06
2.33625	4.75931e-06
2.36761	2.93174e-06
2.39897	1.77384e-06
2.43033	1.06703e-06
2.46169	6.65371e-07
2.49305	4.81646e-07
2.50873	4.81646e-07
