-0.0156795	0.000778851
0.0156795	0.000778851
0.0470386	0.000769431
0.0783977	0.000750321
0.109757	0.000720993
0.141116	0.000680677
0.172475	0.000628381
0.203834	0.000562928
0.235193	0.000482995
0.266552	0.00038716
0.297911	0.000273956
0.32927	0.000141929
0.36063	-1.02915e-05
0.391989	-0.000183929
0.423348	-0.000379983
0.454707	-0.000599157
0.486066	-0.000841779
0.517425	-0.00110773
0.548784	-0.00139635
0.580143	-0.00170638
0.611502	-0.00203586
0.642861	-0.00238206
0.674221	-0.00274139
0.70558	-0.00310927
0.736939	-0.00348008
0.768298	-0.003847
0.799657	-0.00420191
0.831016	-0.00453524
0.862375	-0.00483582
0.893734	-0.00509073
0.925093	-0.00528516
0.956452	-0.00540224
0.987811	-0.00542299
1.01917	-0.00532616
1.05053	-0.00508831
1.08189	-0.0046838
1.11325	-0.00408505
1.14461	-0.00326278
1.17597	-0.00218652
1.20733	-0.000825216
1.23868	0.000851981
1.27004	0.00287471
1.3014	0.00527027
1.33276	0.00806234
1.36412	0.0112696
1.39548	0.0149041
1.42684	0.0189703
1.4582	0.0234631
1.48956	0.028367
1.52092	0.0336552
1.55228	0.0392888
1.58363	0.0452167
1.61499	0.0513761
1.64635	0.0576927
1.67771	0.0640826
1.70907	0.0704539
1.74043	0.0767093
1.77179	0.0827482
1.80315	0.0884704
1.83451	0.0937792
1.86587	0.0985843
1.89723	0.102805
1.92858	0.106375
1.95994	0.109241
1.9913	0.111367
2.02266	0.112748
2.05402	0.113392
2.08538	0.113274
2.11674	0.112389
2.1481	0.110758
2.17946	0.108423
2.21082	0.105458
2.24218	0.101962
2.27353	0.0980628
2.30489	0.0939166
2.33625	0.0897038
2.36761	0.0856269
2.39897	0.0819061
2.43033	0.0787728
2.46169	0.0764621
2.49305	0.0752025
2.50873	0.0752025
