-0.0156795	0.000805503
0.0156795	0.000805503
0.0470386	0.000793405
0.0783977	0.000768947
0.109757	0.000731617
0.141116	0.00068067
0.172475	0.000615157
0.203834	0.000533965
0.235193	0.000435861
0.266552	0.000319546
0.297911	0.000183716
0.32927	2.7128e-05
0.36063	-0.000151328
0.391989	-0.000352559
0.423348	-0.000577186
0.454707	-0.000825471
0.486066	-0.00109724
0.517425	-0.00139178
0.548784	-0.00170781
0.580143	-0.00204335
0.611502	-0.00239563
0.642861	-0.00276105
0.674221	-0.00313506
0.70558	-0.00351203
0.736939	-0.00388517
0.768298	-0.00424639
0.799657	-0.00458617
0.831016	-0.00489342
0.862375	-0.00515529
0.893734	-0.0053571
0.925093	-0.00548212
0.956452	-0.00551151
0.987811	-0.00542425
1.01917	-0.0051971
1.05053	-0.00480471
1.08189	-0.00421979
1.11325	-0.00341338
1.14461	-0.00235538
1.17597	-0.00101511
1.20733	0.000637877
1.23868	0.00263282
1.27004	0.00499664
1.3014	0.00775262
1.33276	0.0109191
1.36412	0.014508
1.39548	0.0185233
1.42684	0.0229601
1.4582	0.0278028
1.48956	0.0330248
1.52092	0.0385876
1.55228	0.0444404
1.58363	0.0505211
1.61499	0.0567561
1.64635	0.0630626
1.67771	0.0693497
1.70907	0.075521
1.74043	0.0814772
1.77179	0.0871191
1.80315	0.0923511
1.83451	0.0970836
1.86587	0.101237
1.89723	0.104744
1.92858	0.107553
1.95994	0.109627
1.9913	0.110949
2.02266	0.111525
2.05402	0.11136
2.08538	0.110447
2.11674	0.1088
2.1481	0.106455
2.17946	0.10347
2.21082	0.099931
2.24218	0.0959462
2.27353	0.0916487
2.30489	0.087194
2.33625	0.0827577
2.36761	0.0785325
2.39897	0.0747247
2.43033	0.0715491
2.46169	0.0692236
2.49305	0.0679612
2.50873	0.0679612
