-0.0156795	0.00153642
0.0156795	0.00153642
0.0470386	0.00155746
0.0783977	0.00159992
0.109757	0.0016646
0.141116	0.00175265
0.172475	0.00186553
0.203834	0.00200504
0.235193	0.00217317
0.266552	0.00237212
0.297911	0.00260419
0.32927	0.00287171
0.36063	0.00317693
0.391989	0.003522
0.423348	0.00390878
0.454707	0.00433885
0.486066	0.00481337
0.517425	0.005333
0.548784	0.00589793
0.580143	0.00650773
0.611502	0.00716146
0.642861	0.00785759
0.674221	0.00859415
0.70558	0.00936875
0.736939	0.0101788
0.768298	0.0110214
0.799657	0.0118942
0.831016	0.0127948
0.862375	0.0137216
0.893734	0.0146738
0.925093	0.015652
0.956452	0.016658
0.987811	0.0176956
1.01917	0.0187703
1.05053	0.0198901
1.08189	0.021065
1.11325	0.0223074
1.14461	0.0236318
1.17597	0.0250546
1.20733	0.026594
1.23868	0.0282692
1.27004	0.0300995
1.3014	0.0321041
1.33276	0.0343005
1.36412	0.0367037
1.39548	0.0393248
1.42684	0.04217
1.4582	0.0452392
1.48956	0.0485247
1.52092	0.0520104
1.55228	0.0556706
1.58363	0.0594701
1.61499	0.0633633
1.64635	0.0672951
1.67771	0.0712009
1.70907	0.0750087
1.74043	0.0786398
1.77179	0.0820117
1.80315	0.0850402
1.83451	0.0876424
1.86587	0.0897398
1.89723	0.0912611
1.92858	0.0921459
1.95994	0.092347
1.9913	0.0918328
2.02266	0.0905813
2.05402	0.0885375
2.08538	0.0856768
2.11674	0.0819974
2.1481	0.0775237
2.17946	0.0723108
2.21082	0.0664473
2.24218	0.0600578
2.27353	0.053305
2.30489	0.0463896
2.33625	0.0395494
2.36761	0.0330561
2.39897	0.0272104
2.43033	0.0223344
2.46169	0.0187609
2.49305	0.0168198
2.50873	0.0168198
