-0.0156795	0.0415541
0.0156795	0.0415541
0.0470386	0.0422513
0.0783977	0.0436303
0.109757	0.0456609
0.141116	0.0482978
0.172475	0.0514819
0.203834	0.055141
0.235193	0.0591906
0.266552	0.0635358
0.297911	0.068073
0.32927	0.0726923
0.36063	0.0772795
0.391989	0.0817194
0.423348	0.0858984
0.454707	0.0897077
0.486066	0.0930467
0.517425	0.0958254
0.548784	0.0979675
0.580143	0.0994125
0.611502	0.100118
0.642861	0.100059
0.674221	0.0992331
0.70558	0.0976536
0.736939	0.0953542
0.768298	0.0923849
0.799657	0.0888107
0.831016	0.0847085
0.862375	0.0801645
0.893734	0.0752712
0.925093	0.0701235
0.956452	0.0648166
0.987811	0.0594422
1.01917	0.0540866
1.05053	0.048828
1.08189	0.0437353
1.11325	0.0388669
1.14461	0.0342698
1.17597	0.0299797
1.20733	0.0260212
1.23868	0.0224084
1.27004	0.0191459
1.3014	0.0162303
1.33276	0.0136508
1.36412	0.0113914
1.39548	0.0094314
1.42684	0.00774747
1.4582	0.00631432
1.48956	0.00510595
1.52092	0.00409648
1.55228	0.00326083
1.58363	0.0025753
1.61499	0.00201796
1.64635	0.00156884
1.67771	0.00121013
1.70907	0.000926124
1.74043	0.000703223
1.77179	0.000529794
1.80315	0.000396022
1.83451	0.000293726
1.86587	0.000216177
1.89723	0.000157899
1.92858	0.000114492
1.95994	8.24602e-05
1.9913	5.90601e-05
2.02266	4.20445e-05
2.05402	2.95312e-05
2.08538	2.04515e-05
2.11674	1.3955e-05
2.1481	9.37484e-06
2.17946	6.19525e-06
2.21082	4.02364e-06
2.24218	2.56573e-06
2.27353	1.6046e-06
2.30489	9.83101e-07
2.33625	5.89436e-07
2.36761	3.45654e-07
2.39897	1.98575e-07
2.43033	1.12888e-07
2.46169	6.61778e-08
2.49305	4.53917e-08
2.50873	4.53917e-08
