-0.0156795	0.00060061
0.0156795	0.00060061
0.0470386	0.000567959
0.0783977	0.00050268
0.109757	0.000404837
0.141116	0.000274556
0.172475	0.000112063
0.203834	-8.22646e-05
0.235193	-0.000307845
0.266552	-0.000563825
0.297911	-0.000849009
0.32927	-0.00116178
0.36063	-0.00150004
0.391989	-0.00186107
0.423348	-0.00224152
0.454707	-0.00263723
0.486066	-0.00304321
0.517425	-0.00345347
0.548784	-0.0038609
0.580143	-0.0042572
0.611502	-0.00463267
0.642861	-0.00497613
0.674221	-0.00527469
0.70558	-0.00551371
0.736939	-0.00567657
0.768298	-0.00574463
0.799657	-0.00569714
0.831016	-0.00551126
0.862375	-0.00516213
0.893734	-0.00462307
0.925093	-0.00386592
0.956452	-0.00286145
0.987811	-0.00158008
1.01917	7.42495e-06
1.05053	0.00192889
1.08189	0.00420968
1.11325	0.00687137
1.14461	0.00993044
1.17597	0.0133969
1.20733	0.0172727
1.23868	0.0215509
1.27004	0.0262141
1.3014	0.0312336
1.33276	0.0365694
1.36412	0.0421695
1.39548	0.0479705
1.42684	0.0538987
1.4582	0.0598712
1.48956	0.0657977
1.52092	0.0715832
1.55228	0.0771306
1.58363	0.0823436
1.61499	0.0871297
1.64635	0.0914037
1.67771	0.0950905
1.70907	0.0981277
1.74043	0.100468
1.77179	0.102081
1.80315	0.102952
1.83451	0.103089
1.86587	0.102512
1.89723	0.101262
1.92858	0.099393
1.95994	0.0969713
1.9913	0.0940742
2.02266	0.0907627
2.05402	0.0870285
2.08538	0.0829433
2.11674	0.0785871
2.1481	0.0740471
2.17946	0.069415
2.21082	0.0647843
2.24218	0.0602487
2.27353	0.0558992
2.30489	0.051823
2.33625	0.0481022
2.36761	0.0448141
2.39897	0.0420315
2.43033	0.0398262
2.46169	0.0382713
2.49305	0.0374473
2.50873	0.0374473
