-0.0156795	0.000351023
0.0156795	0.000351023
0.0470386	0.000354826
0.0783977	0.000362304
0.109757	0.000373196
0.141116	0.000387109
0.172475	0.000403514
0.203834	0.000421742
0.235193	0.000440977
0.266552	0.000460261
0.297911	0.000478486
0.32927	0.000494398
0.36063	0.000506604
0.391989	0.000513581
0.423348	0.000513692
0.454707	0.000505209
0.486066	0.000486341
0.517425	0.000455271
0.548784	0.000410204
0.580143	0.000349417
0.611502	0.000271322
0.642861	0.000174532
0.674221	5.79384e-05
0.70558	-7.92127e-05
0.736939	-0.000237233
0.768298	-0.000415907
0.799657	-0.000614401
0.831016	-0.000831174
0.862375	-0.00106389
0.893734	-0.00130931
0.925093	-0.00156324
0.956452	-0.0018204
0.987811	-0.00207435
1.01917	-0.00231741
1.05053	-0.00254053
1.08189	-0.00273325
1.11325	-0.00288355
1.14461	-0.00297779
1.17597	-0.00300063
1.20733	-0.00293492
1.23868	-0.00276168
1.27004	-0.00246005
1.3014	-0.00200735
1.33276	-0.00137914
1.36412	-0.000549373
1.39548	0.000509321
1.42684	0.00182527
1.4582	0.00342728
1.48956	0.00534396
1.52092	0.00760298
1.55228	0.0102301
1.58363	0.0132483
1.61499	0.0166763
1.64635	0.0205278
1.67771	0.02481
1.70907	0.0295224
1.74043	0.0346559
1.77179	0.0401921
1.80315	0.0461025
1.83451	0.0523482
1.86587	0.0588804
1.89723	0.0656406
1.92858	0.072562
1.95994	0.0795709
1.9913	0.0865884
2.02266	0.0935818
2.05402	0.100642
2.08538	0.107684
2.11674	0.114619
2.1481	0.121353
2.17946	0.127794
2.21082	0.133854
2.24218	0.139453
2.27353	0.144523
2.30489	0.149012
2.33625	0.152883
2.36761	0.156118
2.39897	0.158713
2.43033	0.160671
2.46169	0.161998
2.49305	0.162682
2.50873	0.162682
