-0.0156795	0.0353761
0.0156795	0.0353761
0.0470386	0.0360591
0.0783977	0.0374124
0.109757	0.0394109
0.141116	0.042017
0.172475	0.0451807
0.203834	0.0488404
0.235193	0.0529232
0.266552	0.0573454
0.297911	0.0620146
0.32927	0.0668302
0.36063	0.0716858
0.391989	0.0764717
0.423348	0.0810767
0.454707	0.0853914
0.486066	0.0893114
0.517425	0.0927395
0.548784	0.0955893
0.580143	0.0977876
0.611502	0.0992766
0.642861	0.100016
0.674221	0.0999838
0.70558	0.0991774
0.736939	0.0976129
0.768298	0.0953247
0.799657	0.0923637
0.831016	0.0887956
0.862375	0.0846978
0.893734	0.0801571
0.925093	0.075266
0.956452	0.07012
0.987811	0.0648142
1.01917	0.0594406
1.05053	0.0540855
1.08189	0.0488272
1.11325	0.0437348
1.14461	0.0388666
1.17597	0.0342696
1.20733	0.0299796
1.23868	0.0260211
1.27004	0.0224083
1.3014	0.0191459
1.33276	0.0162303
1.36412	0.0136508
1.39548	0.0113914
1.42684	0.0094314
1.4582	0.00774747
1.48956	0.00631432
1.52092	0.00510595
1.55228	0.00409648
1.58363	0.00326083
1.61499	0.0025753
1.64635	0.00201796
1.67771	0.00156885
1.70907	0.00121014
1.74043	0.000926143
1.77179	0.000703251
1.80315	0.000529837
1.83451	0.000396085
1.86587	0.000293819
1.89723	0.000216311
1.92858	0.000158092
1.95994	0.000114769
1.9913	8.28533e-05
2.02266	5.94503e-05
2.05402	4.20931e-05
2.08538	2.93897e-05
2.11674	2.02209e-05
2.1481	1.36992e-05
2.17946	9.13101e-06
2.21082	5.98239e-06
2.24218	3.84889e-06
2.27353	2.42906e-06
2.30489	1.50209e-06
2.33625	9.09208e-07
2.36761	5.38406e-07
2.39897	3.12499e-07
2.43033	1.79638e-07
2.46169	1.06619e-07
2.49305	7.40648e-08
2.50873	7.40648e-08
