-0.0156795	0.00920243
0.0156795	0.00920243
0.0470386	0.00957514
0.0783977	0.0103228
0.109757	0.0114494
0.141116	0.0129602
0.172475	0.0148609
0.203834	0.0171564
0.235193	0.0198491
0.266552	0.022938
0.297911	0.026417
0.32927	0.0302732
0.36063	0.0344856
0.391989	0.0390241
0.423348	0.0438487
0.454707	0.0489088
0.486066	0.0541431
0.517425	0.0594807
0.548784	0.0648413
0.580143	0.0701372
0.611502	0.0752756
0.642861	0.0801601
0.674221	0.0846948
0.70558	0.088786
0.736939	0.0923464
0.768298	0.0952976
0.799657	0.0975728
0.831016	0.0991197
0.862375	0.0999023
0.893734	0.0999021
0.925093	0.0991191
0.956452	0.0975716
0.987811	0.0952957
1.01917	0.0923436
1.05053	0.0887817
1.08189	0.0846883
1.11325	0.0801506
1.14461	0.0752616
1.17597	0.070117
1.20733	0.0648122
1.23868	0.0594393
1.27004	0.0540846
1.3014	0.0488267
1.33276	0.0437345
1.36412	0.0388664
1.39548	0.0342695
1.42684	0.0299795
1.4582	0.0260211
1.48956	0.0224083
1.52092	0.0191459
1.55228	0.0162303
1.58363	0.0136509
1.61499	0.0113915
1.64635	0.00943156
1.67771	0.00774771
1.70907	0.00631468
1.74043	0.00510648
1.77179	0.00409723
1.80315	0.0032619
1.83451	0.00257683
1.86587	0.00202011
1.89723	0.00157184
1.92858	0.00121428
1.95994	0.00093184
1.9913	0.000711028
2.02266	0.000539174
2.05402	0.0004038
2.08538	0.000298492
2.11674	0.00021764
2.1481	0.000156413
2.17946	0.000110713
2.21082	7.7115e-05
2.24218	5.28082e-05
2.27353	3.55193e-05
2.30489	2.34428e-05
2.33625	1.51711e-05
2.36761	9.62865e-06
2.39897	6.01258e-06
2.43033	3.74254e-06
2.46169	2.42067e-06
2.49305	1.80538e-06
2.50873	1.80538e-06
