-0.0156795	0.000699695
0.0156795	0.000699695
0.0470386	0.000694826
0.0783977	0.000684827
0.109757	0.000669188
0.141116	0.000647151
0.172475	0.000617734
0.203834	0.000579747
0.235193	0.000531821
0.266552	0.000472441
0.297911	0.000399986
0.32927	0.000312774
0.36063	0.000209112
0.391989	8.73583e-05
0.423348	-5.40231e-05
0.454707	-0.00021639
0.486066	-0.000400855
0.517425	-0.000608211
0.548784	-0.000838858
0.580143	-0.00109273
0.611502	-0.0013692
0.642861	-0.00166702
0.674221	-0.00198424
0.70558	-0.0023181
0.736939	-0.00266496
0.768298	-0.00302017
0.799657	-0.00337801
0.831016	-0.00373151
0.862375	-0.00407238
0.893734	-0.00439081
0.925093	-0.00467536
0.956452	-0.00491277
0.987811	-0.00508784
1.01917	-0.00518324
1.05053	-0.00517946
1.08189	-0.00505465
1.11325	-0.00478471
1.14461	-0.00434331
1.17597	-0.00370209
1.20733	-0.002831
1.23868	-0.00169878
1.27004	-0.000273604
1.3014	0.00147609
1.33276	0.00358059
1.36412	0.00606771
1.39548	0.00896147
1.42684	0.0122807
1.4582	0.0160374
1.48956	0.0202357
1.52092	0.0248697
1.55228	0.0299232
1.58363	0.035368
1.61499	0.0411637
1.64635	0.0472575
1.67771	0.0535843
1.70907	0.0600679
1.74043	0.0666222
1.77179	0.0731531
1.80315	0.0795612
1.83451	0.0857446
1.86587	0.0916018
1.89723	0.0970355
1.92858	0.101956
1.95994	0.106283
1.9913	0.109953
2.02266	0.112936
2.05402	0.115249
2.08538	0.116835
2.11674	0.117654
2.1481	0.11769
2.17946	0.116952
2.21082	0.11548
2.24218	0.113344
2.27353	0.110651
2.30489	0.107542
2.33625	0.104191
2.36761	0.100803
2.39897	0.0976066
2.43033	0.0948484
2.46169	0.0927792
2.49305	0.0916395
2.50873	0.0916395
