-0.0156795	0.00136756
0.0156795	0.00136756
0.0470386	0.00138582
0.0783977	0.00142272
0.109757	0.00147901
0.141116	0.00155581
0.172475	0.00165456
0.203834	0.00177701
0.235193	0.00192516
0.266552	0.00210123
0.297911	0.00230756
0.32927	0.00254659
0.36063	0.00282077
0.391989	0.00313246
0.423348	0.00348383
0.454707	0.00387683
0.486066	0.00431306
0.517425	0.0047937
0.548784	0.00531944
0.580143	0.00589044
0.611502	0.0065063
0.642861	0.00716602
0.674221	0.00786808
0.70558	0.00861046
0.736939	0.00939072
0.768298	0.0102062
0.799657	0.011054
0.831016	0.0119316
0.862375	0.0128366
0.893734	0.0137672
0.925093	0.0147225
0.956452	0.0157029
0.987811	0.0167102
1.01917	0.0177479
1.05053	0.0188213
1.08189	0.0199381
1.11325	0.0211081
1.14461	0.0223435
1.17597	0.0236584
1.20733	0.0250692
1.23868	0.0265936
1.27004	0.0282505
1.3014	0.0300592
1.33276	0.0320386
1.36412	0.0342061
1.39548	0.0365766
1.42684	0.0391613
1.4582	0.0419666
1.48956	0.0449924
1.52092	0.0482315
1.55228	0.0516681
1.58363	0.0552773
1.61499	0.0590246
1.64635	0.0628652
1.67771	0.0667451
1.70907	0.0706009
1.74043	0.0743617
1.77179	0.0779506
1.80315	0.0812865
1.83451	0.0842872
1.86587	0.0868718
1.89723	0.0889639
1.92858	0.0904948
1.95994	0.0914068
1.9913	0.0916555
2.02266	0.0912097
2.05402	0.09002
2.08538	0.0880471
2.11674	0.0852722
2.1481	0.0817017
2.17946	0.0773719
2.21082	0.0723531
2.24218	0.0667532
2.27353	0.06072
2.30489	0.0544426
2.33625	0.048151
2.36761	0.0421128
2.39897	0.0366282
2.43033	0.0320213
2.46169	0.0286279
2.49305	0.0267788
2.50873	0.0267788
