-0.0156795	0.192867
0.0156795	0.192867
0.0470386	0.191462
0.0783977	0.188683
0.109757	0.18459
0.141116	0.179269
0.172475	0.172833
0.203834	0.165413
0.235193	0.157156
0.266552	0.148221
0.297911	0.138773
0.32927	0.128977
0.36063	0.118996
0.391989	0.108983
0.423348	0.0990817
0.454707	0.0894188
0.486066	0.0801057
0.517425	0.0712349
0.548784	0.0628803
0.580143	0.0550966
0.611502	0.0479203
0.642861	0.0413709
0.674221	0.0354524
0.70558	0.0301557
0.736939	0.0254602
0.768298	0.0213362
0.799657	0.0177473
0.831016	0.0146522
0.862375	0.0120067
0.893734	0.00976542
0.925093	0.00788316
0.956452	0.00631607
0.987811	0.00502259
1.01917	0.00396402
1.05053	0.00310506
1.08189	0.00241393
1.11325	0.00186249
1.14461	0.00142618
1.17597	0.00108384
1.20733	0.000817444
1.23868	0.000611859
1.27004	0.000454506
1.3014	0.000335058
1.33276	0.000245126
1.36412	0.000177968
1.39548	0.000128226
1.42684	9.16828e-05
1.4582	6.50539e-05
1.48956	4.58067e-05
1.52092	3.20075e-05
1.55228	2.21942e-05
1.58363	1.52717e-05
1.61499	1.04279e-05
1.64635	7.06573e-06
1.67771	4.75085e-06
1.70907	3.16983e-06
1.74043	2.09869e-06
1.77179	1.37881e-06
1.80315	8.98879e-07
1.83451	5.81486e-07
1.86587	3.73262e-07
1.89723	2.37752e-07
1.92858	1.50304e-07
1.95994	9.44053e-08
1.9913	5.89933e-08
2.02266	3.66505e-08
2.05402	2.24127e-08
2.08538	1.34519e-08
2.11674	7.93366e-09
2.1481	4.63742e-09
2.17946	2.68642e-09
2.21082	1.54222e-09
2.24218	8.77358e-10
2.27353	4.94588e-10
2.30489	2.76263e-10
2.33625	1.52894e-10
2.36761	8.38345e-11
2.39897	4.55395e-11
2.43033	2.46111e-11
2.46169	1.39474e-11
2.49305	9.72245e-12
2.50873	9.72245e-12
