-0.0156795	0.000925732
0.0156795	0.000925732
0.0470386	0.000996851
0.0783977	0.00114217
0.109757	0.00136785
0.141116	0.00168308
0.172475	0.00210005
0.203834	0.00263383
0.235193	0.00330223
0.266552	0.00412554
0.297911	0.00512619
0.32927	0.0063283
0.36063	0.00775705
0.391989	0.00943791
0.423348	0.0113958
0.454707	0.0136538
0.486066	0.0162322
0.517425	0.0191472
0.548784	0.0224091
0.580143	0.0260216
0.611502	0.0299799
0.642861	0.0342697
0.674221	0.0388665
0.70558	0.0437346
0.736939	0.0488267
0.768298	0.0540846
0.799657	0.0594393
0.831016	0.0648122
0.862375	0.070117
0.893734	0.0752616
0.925093	0.0801506
0.956452	0.0846882
0.987811	0.0887816
1.01917	0.0923435
1.05053	0.0952956
1.08189	0.0975715
1.11325	0.0991189
1.14461	0.0999017
1.17597	0.0999017
1.20733	0.0991189
1.23868	0.0975715
1.27004	0.0952957
1.3014	0.0923436
1.33276	0.0887817
1.36412	0.0846884
1.39548	0.0801508
1.42684	0.0752619
1.4582	0.0701175
1.48956	0.064813
1.52092	0.0594404
1.55228	0.0540861
1.58363	0.0488288
1.61499	0.0437375
1.64635	0.0388705
1.67771	0.0342752
1.70907	0.0299873
1.74043	0.0260317
1.77179	0.0224225
1.80315	0.019165
1.83451	0.0162556
1.86587	0.0136842
1.89723	0.011435
1.92858	0.00948803
1.95994	0.00782047
1.9913	0.00640775
2.02266	0.00521637
2.05402	0.0041988
2.08538	0.00333989
2.11674	0.00262378
2.1481	0.00203436
2.17946	0.00155569
2.21082	0.00117244
2.24218	0.000870126
2.27353	0.000635423
2.30489	0.00045631
2.33625	0.000322198
2.36761	0.000223989
2.39897	0.000154115
2.43033	0.000106552
2.46169	7.68698e-05
2.49305	6.23656e-05
2.50873	6.23656e-05
