-0.0156795	0.00277896
0.0156795	0.00277896
0.0470386	0.00294406
0.0783977	0.0032785
0.109757	0.00379058
0.141116	0.00449245
0.172475	0.0053996
0.203834	0.00653038
0.235193	0.00790519
0.266552	0.00954564
0.297911	0.0114735
0.32927	0.0137094
0.36063	0.0162717
0.391989	0.0191749
0.423348	0.0224285
0.454707	0.026035
0.486066	0.0299891
0.517425	0.034276
0.548784	0.0388708
0.580143	0.0437374
0.611502	0.0488286
0.642861	0.0540859
0.674221	0.0594401
0.70558	0.0648128
0.736939	0.0701174
0.768298	0.0752618
0.799657	0.0801507
0.831016	0.0846883
0.862375	0.0887817
0.893734	0.0923435
0.925093	0.0952956
0.956452	0.0975715
0.987811	0.0991189
1.01917	0.0999017
1.05053	0.0999017
1.08189	0.0991189
1.11325	0.0975715
1.14461	0.0952956
1.17597	0.0923435
1.20733	0.0887816
1.23868	0.0846883
1.27004	0.0801506
1.3014	0.0752616
1.33276	0.070117
1.36412	0.0648122
1.39548	0.0594393
1.42684	0.0540847
1.4582	0.0488268
1.48956	0.0437347
1.52092	0.0388666
1.55228	0.0342699
1.58363	0.02998
1.61499	0.0260218
1.64635	0.0224093
1.67771	0.0191474
1.70907	0.0162324
1.74043	0.0136538
1.77179	0.0113955
1.80315	0.00943713
1.83451	0.00775529
1.86587	0.00632493
1.89723	0.00512024
1.92858	0.00411557
1.95994	0.00328615
1.9913	0.00260866
2.02266	0.00205773
2.05402	0.0016041
2.08538	0.00123507
2.11674	0.000938629
2.1481	0.000703628
2.17946	0.000519895
2.21082	0.000378324
2.24218	0.000270905
2.27353	0.00019072
2.30489	0.000131902
2.33625	8.95778e-05
2.36761	5.97826e-05
2.39897	3.93789e-05
2.43033	2.59732e-05
2.46169	1.7854e-05
2.49305	1.39682e-05
2.50873	1.39682e-05
