-0.0156795	0.00162931
0.0156795	0.00162931
0.0470386	0.00173988
0.0783977	0.00196481
0.109757	0.0023116
0.141116	0.00279136
0.172475	0.00341855
0.203834	0.00421072
0.235193	0.00518805
0.266552	0.00637285
0.297911	0.00778887
0.32927	0.00946046
0.36063	0.0114116
0.391989	0.0136648
0.423348	0.0162398
0.454707	0.0191524
0.486066	0.0224127
0.517425	0.026024
0.548784	0.0299815
0.580143	0.0342708
0.611502	0.0388672
0.642861	0.043735
0.674221	0.048827
0.70558	0.0540848
0.736939	0.0594394
0.768298	0.0648123
0.799657	0.0701171
0.831016	0.0752616
0.862375	0.0801506
0.893734	0.0846883
0.925093	0.0887816
0.956452	0.0923435
0.987811	0.0952956
1.01917	0.0975715
1.05053	0.0991189
1.08189	0.0999017
1.11325	0.0999017
1.14461	0.0991189
1.17597	0.0975715
1.20733	0.0952956
1.23868	0.0923435
1.27004	0.0887816
1.3014	0.0846883
1.33276	0.0801506
1.36412	0.0752616
1.39548	0.0701171
1.42684	0.0648124
1.4582	0.0594395
1.48956	0.054085
1.52092	0.0488272
1.55228	0.0437352
1.58363	0.0388675
1.61499	0.034271
1.64635	0.0299817
1.67771	0.026024
1.70907	0.0224124
1.74043	0.0191516
1.77179	0.0162381
1.80315	0.0136614
1.83451	0.0114057
1.86587	0.00945049
1.89723	0.00777279
1.92858	0.00634768
1.95994	0.00514958
1.9913	0.00415311
2.02266	0.00332807
2.05402	0.00263629
2.08538	0.00206313
2.11674	0.00159414
2.1481	0.00121535
2.17946	0.000913558
2.21082	0.000676537
2.24218	0.000493186
2.27353	0.000353617
2.30489	0.0002492
2.33625	0.000172557
2.36761	0.000117527
2.39897	7.91127e-05
2.43033	5.34196e-05
2.46169	3.76211e-05
2.49305	2.99798e-05
2.50873	2.99798e-05
