-0.0156795	0.00459325
0.0156795	0.00459325
0.0470386	0.00482966
0.0783977	0.0053066
0.109757	0.00603206
0.141116	0.00701752
0.172475	0.00827722
0.203834	0.00982737
0.235193	0.011685
0.266552	0.0138669
0.297911	0.016388
0.32927	0.0192601
0.36063	0.0224904
0.391989	0.0260796
0.423348	0.0300209
0.454707	0.0342986
0.486066	0.0388866
0.517425	0.0437485
0.548784	0.0488363
0.580143	0.0540911
0.611502	0.0594437
0.642861	0.0648152
0.674221	0.070119
0.70558	0.0752629
0.736939	0.0801514
0.768298	0.0846888
0.799657	0.088782
0.831016	0.0923437
0.862375	0.0952958
0.893734	0.0975716
0.925093	0.0991189
0.956452	0.0999017
0.987811	0.0999017
1.01917	0.0991189
1.05053	0.0975715
1.08189	0.0952956
1.11325	0.0923435
1.14461	0.0887816
1.17597	0.0846882
1.20733	0.0801506
1.23868	0.0752616
1.27004	0.070117
1.3014	0.0648122
1.33276	0.0594393
1.36412	0.0540846
1.39548	0.0488267
1.42684	0.0437345
1.4582	0.0388664
1.48956	0.0342696
1.52092	0.0299796
1.55228	0.0260212
1.58363	0.0224085
1.61499	0.0191462
1.64635	0.0162308
1.67771	0.0136516
1.70907	0.0113924
1.74043	0.00943292
1.77179	0.00774961
1.80315	0.00631732
1.83451	0.00511012
1.86587	0.00410221
1.89723	0.00326865
1.92858	0.00258591
1.95994	0.00203224
1.9913	0.00158793
2.02266	0.00123297
2.05402	0.000945877
2.08538	0.000716503
2.11674	0.000535579
2.1481	0.000394772
2.17946	0.00028672
2.21082	0.000205023
2.24218	0.00014421
2.27353	9.96878e-05
2.30489	6.76646e-05
2.33625	4.50724e-05
2.36761	2.94791e-05
2.39897	1.90049e-05
2.43033	1.22464e-05
2.46169	8.21592e-06
2.49305	6.3079e-06
2.50873	6.3079e-06
