-0.0156795	0.00123296
0.0156795	0.00123296
0.0470386	0.00132208
0.0783977	0.00150377
0.109757	0.0017849
0.141116	0.00217568
0.172475	0.00268954
0.203834	0.00334292
0.235193	0.00415501
0.266552	0.00514736
0.297911	0.00634338
0.32927	0.0077677
0.36063	0.00944538
0.391989	0.0114009
0.423348	0.0136573
0.454707	0.0162347
0.486066	0.0191488
0.517425	0.0224102
0.548784	0.0260223
0.580143	0.0299803
0.611502	0.03427
0.642861	0.0388667
0.674221	0.0437347
0.70558	0.0488268
0.736939	0.0540847
0.768298	0.0594393
0.799657	0.0648122
0.831016	0.070117
0.862375	0.0752616
0.893734	0.0801506
0.925093	0.0846882
0.956452	0.0887816
0.987811	0.0923435
1.01917	0.0952956
1.05053	0.0975715
1.08189	0.0991189
1.11325	0.0999017
1.14461	0.0999017
1.17597	0.0991189
1.20733	0.0975715
1.23868	0.0952957
1.27004	0.0923435
1.3014	0.0887817
1.33276	0.0846883
1.36412	0.0801507
1.39548	0.0752617
1.42684	0.0701173
1.4582	0.0648126
1.48956	0.0594398
1.52092	0.0540854
1.55228	0.0488278
1.58363	0.043736
1.61499	0.0388685
1.64635	0.0342725
1.67771	0.0299837
1.70907	0.0260268
1.74043	0.0224161
1.77179	0.0191565
1.80315	0.0162445
1.83451	0.0136699
1.86587	0.0114167
1.89723	0.00946476
1.92858	0.00779109
1.95994	0.00637095
1.9913	0.00517896
2.02266	0.00418296
2.05402	0.00334012
2.08538	0.00263532
2.11674	0.0020532
2.1481	0.00157859
2.17946	0.00119683
2.21082	0.000894116
2.24218	0.000657656
2.27353	0.000475881
2.30489	0.000338533
2.33625	0.000236711
2.36761	0.000162879
2.39897	0.000110845
2.43033	7.57344e-05
2.46169	5.3984e-05
2.49305	4.34094e-05
2.50873	4.34094e-05
