-0.0156795	0.00358679
0.0156795	0.00358679
0.0470386	0.00378542
0.0783977	0.00418693
0.109757	0.00479968
0.141116	0.00563571
0.172475	0.00671029
0.203834	0.00804111
0.235193	0.00964746
0.266552	0.0115491
0.297911	0.0137651
0.32927	0.0163124
0.36063	0.0192044
0.391989	0.0224497
0.423348	0.0260501
0.454707	0.0299997
0.486066	0.0342835
0.517425	0.038876
0.548784	0.043741
0.580143	0.0488311
0.611502	0.0540876
0.642861	0.0594412
0.674221	0.0648135
0.70558	0.0701179
0.736939	0.0752621
0.768298	0.0801509
0.799657	0.0846885
0.831016	0.0887818
0.862375	0.0923436
0.893734	0.0952957
0.925093	0.0975715
0.956452	0.0991189
0.987811	0.0999017
1.01917	0.0999017
1.05053	0.0991189
1.08189	0.0975715
1.11325	0.0952956
1.14461	0.0923435
1.17597	0.0887816
1.20733	0.0846882
1.23868	0.0801506
1.27004	0.0752616
1.3014	0.070117
1.33276	0.0648122
1.36412	0.0594393
1.39548	0.0540846
1.42684	0.0488267
1.4582	0.0437346
1.48956	0.0388665
1.52092	0.0342697
1.55228	0.0299798
1.58363	0.0260214
1.61499	0.0224088
1.64635	0.0191466
1.67771	0.0162313
1.70907	0.0136524
1.74043	0.0113935
1.77179	0.0094344
1.80315	0.00775163
1.83451	0.00632005
1.86587	0.00511378
1.89723	0.00410709
1.92858	0.00327511
1.95994	0.00259439
1.9913	0.00204328
2.02266	0.0015991
2.05402	0.00123662
2.08538	0.000944407
2.11674	0.000711809
2.1481	0.000529115
2.17946	0.000387607
2.21082	0.000279601
2.24218	0.000198432
2.27353	0.000138427
2.30489	9.48435e-05
2.33625	6.37898e-05
2.36761	4.21438e-05
2.39897	2.74627e-05
2.43033	1.79034e-05
2.46169	1.21582e-05
2.49305	9.42342e-06
2.50873	9.42342e-06
