-0.0156795	0.00583612
0.0156795	0.00583612
0.0470386	0.00611443
0.0783977	0.00667479
0.109757	0.00752444
0.141116	0.00867357
0.172475	0.0101346
0.203834	0.0119211
0.235193	0.0140468
0.266552	0.0165239
0.297911	0.0193619
0.32927	0.022566
0.36063	0.0261353
0.391989	0.0300616
0.423348	0.034328
0.454707	0.0389078
0.486066	0.0437635
0.517425	0.0488469
0.548784	0.0540986
0.580143	0.0594489
0.611502	0.0648187
0.642861	0.0701214
0.674221	0.0752645
0.70558	0.0801525
0.736939	0.0846895
0.768298	0.0887825
0.799657	0.0923441
0.831016	0.095296
0.862375	0.0975717
0.893734	0.099119
0.925093	0.0999018
0.956452	0.0999018
0.987811	0.0991189
1.01917	0.0975715
1.05053	0.0952956
1.08189	0.0923435
1.11325	0.0887816
1.14461	0.0846882
1.17597	0.0801506
1.20733	0.0752616
1.23868	0.070117
1.27004	0.0648122
1.3014	0.0594393
1.33276	0.0540846
1.36412	0.0488267
1.39548	0.0437345
1.42684	0.0388664
1.4582	0.0342695
1.48956	0.0299796
1.52092	0.0260211
1.55228	0.0224084
1.58363	0.019146
1.61499	0.0162305
1.64635	0.0136512
1.67771	0.0113919
1.70907	0.00943215
1.74043	0.00774854
1.77179	0.00631585
1.80315	0.0051081
1.83451	0.00409948
1.86587	0.00326499
1.89723	0.00258103
1.92858	0.00202578
1.95994	0.00157945
1.9913	0.00122441
2.02266	0.000943239
2.05402	0.000717831
2.08538	0.000539345
2.11674	0.000399828
2.1481	0.000292236
2.17946	0.000210434
2.21082	0.000149162
2.24218	0.000103986
2.27353	7.12289e-05
2.30489	4.78976e-05
2.33625	3.15992e-05
2.36761	2.04604e-05
2.39897	1.30505e-05
2.43033	8.31266e-06
2.46169	5.50931e-06
2.49305	4.18957e-06
2.50873	4.18957e-06
