-0.0156795	0.000689621
0.0156795	0.000689621
0.0470386	0.000745824
0.0783977	0.000860931
0.109757	0.00104035
0.141116	0.00129222
0.172475	0.00162737
0.203834	0.00205936
0.235193	0.00260436
0.266552	0.00328106
0.297911	0.00411046
0.32927	0.00511554
0.36063	0.00632084
0.391989	0.00775186
0.423348	0.00943434
0.454707	0.0113933
0.486066	0.0136521
0.517425	0.0162311
0.548784	0.0191464
0.580143	0.0224086
0.611502	0.0260213
0.642861	0.0299796
0.674221	0.0342696
0.70558	0.0388664
0.736939	0.0437345
0.768298	0.0488267
0.799657	0.0540846
0.831016	0.0594393
0.862375	0.0648122
0.893734	0.070117
0.925093	0.0752616
0.956452	0.0801506
0.987811	0.0846882
1.01917	0.0887816
1.05053	0.0923435
1.08189	0.0952956
1.11325	0.0975715
1.14461	0.0991189
1.17597	0.0999017
1.20733	0.0999017
1.23868	0.0991189
1.27004	0.0975716
1.3014	0.0952957
1.33276	0.0923437
1.36412	0.0887819
1.39548	0.0846886
1.42684	0.0801511
1.4582	0.0752623
1.48956	0.0701181
1.52092	0.0648137
1.55228	0.0594414
1.58363	0.0540876
1.61499	0.0488308
1.64635	0.0437402
1.67771	0.0388742
1.70907	0.0342801
1.74043	0.0299938
1.77179	0.0260401
1.80315	0.0224336
1.83451	0.0191792
1.86587	0.0162739
1.89723	0.0137075
1.92858	0.0114644
1.95994	0.00952483
1.9913	0.0078662
2.02266	0.00645429
2.05402	0.00523699
2.08538	0.00419977
2.11674	0.00332673
2.1481	0.00260124
2.17946	0.00200636
2.21082	0.00152539
2.24218	0.00114225
2.27353	0.000841838
2.30489	0.000610279
2.33625	0.000435159
2.36761	0.000305653
2.39897	0.000212636
2.43033	0.000148767
2.46169	0.000108619
2.49305	8.89021e-05
2.50873	8.89021e-05
