-0.0156795	0.000509714
0.0156795	0.000509714
0.0470386	0.000553701
0.0783977	0.000644004
0.109757	0.000785299
0.141116	0.000984644
0.172475	0.00125153
0.203834	0.0015979
0.235193	0.00203819
0.266552	0.00258928
0.297911	0.00327041
0.32927	0.00410299
0.36063	0.00511035
0.391989	0.00631726
0.423348	0.00774942
0.454707	0.00943269
0.486066	0.0113922
0.517425	0.0136514
0.548784	0.0162306
0.580143	0.0191461
0.611502	0.0224084
0.642861	0.0260211
0.674221	0.0299796
0.70558	0.0342695
0.736939	0.0388664
0.768298	0.0437345
0.799657	0.0488267
0.831016	0.0540846
0.862375	0.0594393
0.893734	0.0648122
0.925093	0.070117
0.956452	0.0752616
0.987811	0.0801506
1.01917	0.0846882
1.05053	0.0887816
1.08189	0.0923435
1.11325	0.0952956
1.14461	0.0975715
1.17597	0.0991189
1.20733	0.0999018
1.23868	0.0999018
1.27004	0.099119
1.3014	0.0975717
1.33276	0.0952959
1.36412	0.0923439
1.39548	0.0887821
1.42684	0.084689
1.4582	0.0801516
1.48956	0.0752631
1.52092	0.0701192
1.55228	0.0648152
1.58363	0.0594435
1.61499	0.0540903
1.64635	0.0488345
1.67771	0.0437451
1.70907	0.0388807
1.74043	0.0342886
1.77179	0.0300048
1.80315	0.0260544
1.83451	0.0224519
1.86587	0.0192025
1.89723	0.0163033
1.92858	0.0137443
1.95994	0.0115101
1.9913	0.00958123
2.02266	0.00792364
2.05402	0.00648088
2.08538	0.00523977
2.11674	0.00418506
2.1481	0.00330009
2.17946	0.00256736
2.21082	0.00196909
2.24218	0.00148779
2.27353	0.00110661
2.30489	0.000809854
2.33625	0.000583173
2.36761	0.000413881
2.39897	0.000291136
2.43033	0.000206126
2.46169	0.000152305
2.49305	0.000125743
2.50873	0.000125743
