-0.0156795	0.00213623
0.0156795	0.00213623
0.0470386	0.00227204
0.0783977	0.00254771
0.109757	0.00297127
0.141116	0.00355447
0.172475	0.00431254
0.203834	0.00526368
0.235193	0.00642856
0.266552	0.00782956
0.297911	0.00948993
0.32927	0.0114328
0.36063	0.0136799
0.391989	0.0162505
0.423348	0.0191599
0.454707	0.0224178
0.486066	0.0260276
0.517425	0.0299839
0.548784	0.0342724
0.580143	0.0388683
0.611502	0.0437358
0.642861	0.0488275
0.674221	0.0540852
0.70558	0.0594396
0.736939	0.0648124
0.768298	0.0701172
0.799657	0.0752617
0.831016	0.0801506
0.862375	0.0846883
0.893734	0.0887816
0.925093	0.0923435
0.956452	0.0952956
0.987811	0.0975715
1.01917	0.0991189
1.05053	0.0999017
1.08189	0.0999017
1.11325	0.0991189
1.14461	0.0975715
1.17597	0.0952956
1.20733	0.0923435
1.23868	0.0887816
1.27004	0.0846883
1.3014	0.0801506
1.33276	0.0752616
1.36412	0.0701171
1.39548	0.0648123
1.42684	0.0594394
1.4582	0.0540848
1.48956	0.0488269
1.52092	0.0437348
1.55228	0.0388669
1.58363	0.0342702
1.61499	0.0299806
1.64635	0.0260226
1.67771	0.0224104
1.70907	0.0191489
1.74043	0.0162344
1.77179	0.0136566
1.80315	0.0113992
1.83451	0.00944201
1.86587	0.00776175
1.89723	0.00633341
1.92858	0.00513128
1.95994	0.00412984
1.9913	0.00330445
2.02266	0.00262721
2.05402	0.00206451
2.08538	0.00160256
2.11674	0.00122805
2.1481	0.000928382
2.17946	0.000691879
2.21082	0.000507904
2.24218	0.000366959
2.27353	0.000260715
2.30489	0.000182012
2.33625	0.000124813
2.36761	8.41476e-05
2.39897	5.60312e-05
2.43033	3.7392e-05
2.46169	2.60169e-05
2.49305	2.05438e-05
2.50873	2.05438e-05
