-0.0156795	4.93005e-05
0.0156795	4.93005e-05
0.0470386	5.53904e-05
0.0783977	6.81199e-05
0.109757	8.86167e-05
0.141116	0.000118642
0.172475	0.000160675
0.203834	0.000218019
0.235193	0.00029494
0.266552	0.000396814
0.297911	0.000530308
0.32927	0.000703553
0.36063	0.000926334
0.391989	0.00121026
0.423348	0.00156893
0.454707	0.00201801
0.486066	0.00257533
0.517425	0.00326085
0.548784	0.00409649
0.580143	0.00510596
0.611502	0.00631432
0.642861	0.00774747
0.674221	0.0094314
0.70558	0.0113914
0.736939	0.0136508
0.768298	0.0162303
0.799657	0.0191459
0.831016	0.0224083
0.862375	0.026021
0.893734	0.0299795
0.925093	0.0342695
0.956452	0.0388664
0.987811	0.0437345
1.01917	0.0488268
1.05053	0.0540847
1.08189	0.0594395
1.11325	0.0648125
1.14461	0.0701174
1.17597	0.0752621
1.20733	0.0801513
1.23868	0.0846893
1.27004	0.0887832
1.3014	0.0923457
1.33276	0.0952986
1.36412	0.0975757
1.39548	0.0991246
1.42684	0.0999095
1.4582	0.0999123
1.48956	0.0991331
1.52092	0.0975906
1.55228	0.095321
1.58363	0.0923769
1.61499	0.0888252
1.64635	0.0847449
1.67771	0.0802236
1.70907	0.075355
1.74043	0.0702357
1.77179	0.064962
1.80315	0.059627
1.83451	0.0543182
1.86587	0.0491154
1.89723	0.0440888
1.92858	0.0392983
1.95994	0.0347923
1.9913	0.0306083
2.02266	0.0267452
2.05402	0.0231344
2.08538	0.0197996
2.11674	0.0167576
2.1481	0.0140176
2.17946	0.0115819
2.21082	0.00944653
2.24218	0.00760149
2.27353	0.00603215
2.30489	0.00472025
2.33625	0.00364518
2.36761	0.00278552
2.39897	0.00212068
2.43033	0.00163278
2.46169	0.00130892
2.49305	0.00114389
2.50873	0.00114389
