-0.0156795	7.04704e-05
0.0156795	7.04704e-05
0.0470386	7.8773e-05
0.0783977	9.60804e-05
0.109757	0.000123828
0.141116	0.000164249
0.172475	0.000220462
0.203834	0.000296595
0.235193	0.000397927
0.266552	0.00053105
0.297911	0.000704044
0.32927	0.000926656
0.36063	0.00121047
0.391989	0.00156906
0.423348	0.0020181
0.454707	0.00257539
0.486066	0.00326088
0.517425	0.00409651
0.548784	0.00510597
0.580143	0.00631433
0.611502	0.00774747
0.642861	0.0094314
0.674221	0.0113914
0.70558	0.0136508
0.736939	0.0162303
0.768298	0.0191459
0.799657	0.0224083
0.831016	0.026021
0.862375	0.0299795
0.893734	0.0342695
0.925093	0.0388664
0.956452	0.0437345
0.987811	0.0488267
1.01917	0.0540847
1.05053	0.0594394
1.08189	0.0648123
1.11325	0.0701172
1.14461	0.0752618
1.17597	0.0801509
1.20733	0.0846888
1.23868	0.0887824
1.27004	0.0923446
1.3014	0.0952972
1.33276	0.0975736
1.36412	0.0991219
1.39548	0.0999059
1.42684	0.0999074
1.4582	0.0991267
1.48956	0.0975821
1.52092	0.0953099
1.55228	0.0923626
1.58363	0.088807
1.61499	0.0847216
1.64635	0.0801942
1.67771	0.0753182
1.70907	0.07019
1.74043	0.0649056
1.77179	0.059558
1.80315	0.0542344
1.83451	0.0490144
1.86587	0.0439681
1.89723	0.0391551
1.92858	0.0346238
1.95994	0.0304114
1.9913	0.0265439
2.02266	0.0230124
2.05402	0.0197472
2.08538	0.0167639
2.11674	0.0140714
2.1481	0.0116717
2.17946	0.00956101
2.21082	0.00772984
2.24218	0.00616416
2.27353	0.00484624
2.30489	0.0037558
2.33625	0.00287118
2.36761	0.00217063
2.39897	0.00163373
2.43033	0.00124286
2.46169	0.000985062
2.49305	0.000854269
2.50873	0.000854269
