-0.0156795	0.000140633
0.0156795	0.000140633
0.0470386	0.000155651
0.0783977	0.000186793
0.109757	0.000236301
0.141116	0.000307633
0.172475	0.000405556
0.203834	0.000536279
0.235193	0.0007076
0.266552	0.000929054
0.297911	0.00121208
0.32927	0.00157013
0.36063	0.0020188
0.391989	0.00257585
0.423348	0.00326118
0.454707	0.0040967
0.486066	0.00510609
0.517425	0.00631441
0.548784	0.00774752
0.580143	0.00943143
0.611502	0.0113914
0.642861	0.0136508
0.674221	0.0162303
0.70558	0.0191459
0.736939	0.0224083
0.768298	0.026021
0.799657	0.0299795
0.831016	0.0342695
0.862375	0.0388664
0.893734	0.0437345
0.925093	0.0488267
0.956452	0.0540846
0.987811	0.0594393
1.01917	0.0648122
1.05053	0.070117
1.08189	0.0752616
1.11325	0.0801506
1.14461	0.0846884
1.17597	0.0887818
1.20733	0.0923438
1.23868	0.095296
1.27004	0.097572
1.3014	0.0991196
1.33276	0.0999028
1.36412	0.0999032
1.39548	0.099121
1.42684	0.0975745
1.4582	0.0952998
1.48956	0.0923492
1.52092	0.0887894
1.55228	0.0846989
1.58363	0.0801648
1.61499	0.0752807
1.64635	0.0701423
1.67771	0.0648456
1.70907	0.0594829
1.74043	0.0541412
1.77179	0.0488997
1.80315	0.0438279
1.83451	0.0389851
1.86587	0.0344193
1.89723	0.0301673
1.92858	0.0262547
1.95994	0.022697
1.9913	0.0195002
2.02266	0.0166422
2.05402	0.0140544
2.08538	0.0117388
2.11674	0.0096916
2.1481	0.00790439
2.17946	0.0063645
2.21082	0.00505583
2.24218	0.00395976
2.27353	0.00305593
2.30489	0.00232325
2.33625	0.0017407
2.36761	0.00128827
2.39897	0.000947794
2.43033	0.000703931
2.46169	0.000545206
2.49305	0.000465387
2.50873	0.000465387
