-0.0156795	1.61037e-05
0.0156795	1.61037e-05
0.0470386	1.83813e-05
0.0783977	2.3183e-05
0.109757	3.10188e-05
0.141116	4.26971e-05
0.172475	5.93781e-05
0.203834	8.26448e-05
0.235193	0.000114596
0.266552	0.000157955
0.297911	0.000216206
0.32927	0.00029374
0.36063	0.000396027
0.391989	0.000529795
0.423348	0.000703222
0.454707	0.000926122
0.486066	0.00121013
0.517425	0.00156884
0.548784	0.00201796
0.580143	0.0025753
0.611502	0.00326083
0.642861	0.00409648
0.674221	0.00510596
0.70558	0.00631432
0.736939	0.00774747
0.768298	0.00943141
0.799657	0.0113914
0.831016	0.0136508
0.862375	0.0162303
0.893734	0.0191459
0.925093	0.0224083
0.956452	0.0260212
0.987811	0.0299797
1.01917	0.0342697
1.05053	0.0388667
1.08189	0.043735
1.11325	0.0488274
1.14461	0.0540857
1.17597	0.0594408
1.20733	0.0648144
1.23868	0.07012
1.27004	0.0752657
1.3014	0.0801563
1.33276	0.0846961
1.36412	0.0887922
1.39548	0.0923578
1.42684	0.0953147
1.4582	0.0975968
1.48956	0.0991522
1.52092	0.0999453
1.55228	0.0999583
1.58363	0.0991919
1.61499	0.0976649
1.64635	0.0954144
1.67771	0.0924933
1.70907	0.0889694
1.74043	0.0849219
1.77179	0.0804393
1.80315	0.0756159
1.83451	0.0705489
1.86587	0.0653351
1.89723	0.0600681
1.92858	0.0548357
1.95994	0.0497181
1.9913	0.0447855
2.02266	0.0400647
2.05402	0.0354951
2.08538	0.0311278
2.11674	0.0270073
2.1481	0.0231706
2.17946	0.0196462
2.21082	0.0164539
2.24218	0.0136054
2.27353	0.0111042
2.30489	0.00894693
2.33625	0.00712458
2.36761	0.00562459
2.39897	0.00443311
2.43033	0.00353802
2.46169	0.00293263
2.49305	0.00262032
2.50873	0.00262032
