-0.0156795	3.42205e-05
0.0156795	3.42205e-05
0.0470386	3.86474e-05
0.0783977	4.79267e-05
0.109757	6.29339e-05
0.141116	8.50429e-05
0.172475	0.0001162
0.203834	0.000159019
0.235193	0.000216906
0.266552	0.000294197
0.297911	0.000396323
0.32927	0.000529985
0.36063	0.000703343
0.391989	0.000926199
0.423348	0.00121018
0.454707	0.00156887
0.486066	0.00201798
0.517425	0.00257531
0.548784	0.00326083
0.580143	0.00409648
0.611502	0.00510596
0.642861	0.00631432
0.674221	0.00774747
0.70558	0.0094314
0.736939	0.0113914
0.768298	0.0136508
0.799657	0.0162303
0.831016	0.0191459
0.862375	0.0224083
0.893734	0.0260211
0.925093	0.0299795
0.956452	0.0342695
0.987811	0.0388665
1.01917	0.0437346
1.05053	0.0488268
1.08189	0.0540849
1.11325	0.0594396
1.14461	0.0648127
1.17597	0.0701178
1.20733	0.0752627
1.23868	0.0801521
1.27004	0.0846904
1.3014	0.0887846
1.33276	0.0923477
1.36412	0.0953014
1.39548	0.0975793
1.42684	0.0991295
1.4582	0.099916
1.48956	0.0999208
1.52092	0.0991442
1.55228	0.0976049
1.58363	0.0953393
1.61499	0.0924001
1.64635	0.0888546
1.67771	0.0847817
1.70907	0.0802693
1.74043	0.0754114
1.77179	0.0703048
1.80315	0.0650458
1.83451	0.059728
1.86587	0.0544389
1.89723	0.0492585
1.92858	0.0442573
1.95994	0.0394952
1.9913	0.0350206
2.02266	0.0308417
2.05402	0.0268916
2.08538	0.023203
2.11674	0.0198012
2.1481	0.0167039
2.17946	0.0139209
2.21082	0.0114548
2.24218	0.00930128
2.27353	0.00745025
2.30489	0.00588675
2.33625	0.00459249
2.36761	0.00354751
2.39897	0.00273205
2.43033	0.00212888
2.46169	0.00172595
2.49305	0.00151977
2.50873	0.00151977
