-0.0156795	2.35673e-05
0.0156795	2.35673e-05
0.0470386	2.67568e-05
0.0783977	3.34613e-05
0.109757	4.43529e-05
0.141116	6.04913e-05
0.172475	8.33872e-05
0.203834	0.000115087
0.235193	0.000158277
0.266552	0.000216415
0.297911	0.000293875
0.32927	0.000396113
0.36063	0.00052985
0.391989	0.000703257
0.423348	0.000926144
0.454707	0.00121014
0.486066	0.00156885
0.517425	0.00201796
0.548784	0.0025753
0.580143	0.00326083
0.611502	0.00409648
0.642861	0.00510595
0.674221	0.00631432
0.70558	0.00774747
0.736939	0.0094314
0.768298	0.0113914
0.799657	0.0136508
0.831016	0.0162303
0.862375	0.0191459
0.893734	0.0224083
0.925093	0.0260211
0.956452	0.0299796
0.987811	0.0342696
1.01917	0.0388666
1.05053	0.0437347
1.08189	0.048827
1.11325	0.0540851
1.14461	0.05944
1.17597	0.0648133
1.20733	0.0701185
1.23868	0.0752637
1.27004	0.0801536
1.3014	0.0846924
1.33276	0.0887874
1.36412	0.0923513
1.39548	0.0953062
1.42684	0.0975858
1.4582	0.0991379
1.48956	0.099927
1.52092	0.0999351
1.55228	0.0991625
1.58363	0.0976281
1.61499	0.0953686
1.64635	0.0924369
1.67771	0.0889004
1.70907	0.0848381
1.74043	0.0803383
1.77179	0.0754952
1.80315	0.0704057
1.83451	0.0651665
1.86587	0.0598712
1.89723	0.0546075
1.92858	0.0494554
1.95994	0.0444856
1.9913	0.0397578
2.02266	0.0352893
2.05402	0.031016
2.08538	0.0269799
2.11674	0.0232157
2.1481	0.0197502
2.17946	0.0166021
2.21082	0.0137822
2.24218	0.0112931
2.27353	0.00913077
2.30489	0.00728521
2.33625	0.00574194
2.36761	0.00448382
2.39897	0.00349326
2.43033	0.00275482
2.46169	0.00225844
2.49305	0.00200339
2.50873	0.00200339
