-0.0156795	0.000271974
0.0156795	0.000271974
0.0470386	0.000298161
0.0783977	0.000352185
0.109757	0.000437379
0.141116	0.000558823
0.172475	0.000723439
0.203834	0.000940092
0.235193	0.00121971
0.266552	0.00157536
0.297911	0.00202235
0.32927	0.00257824
0.36063	0.00326278
0.391989	0.00409776
0.423348	0.0051068
0.454707	0.00631487
0.486066	0.00774782
0.517425	0.00943162
0.548784	0.0113915
0.580143	0.0136509
0.611502	0.0162303
0.642861	0.0191459
0.674221	0.0224083
0.70558	0.0260211
0.736939	0.0299795
0.768298	0.0342695
0.799657	0.0388664
0.831016	0.0437345
0.862375	0.0488267
0.893734	0.0540846
0.925093	0.0594393
0.956452	0.0648122
0.987811	0.070117
1.01917	0.0752616
1.05053	0.0801506
1.08189	0.0846883
1.11325	0.0887817
1.14461	0.0923436
1.17597	0.0952957
1.20733	0.0975716
1.23868	0.099119
1.27004	0.099902
1.3014	0.0999021
1.33276	0.0991194
1.36412	0.0975722
1.39548	0.0952967
1.42684	0.092345
1.4582	0.0887838
1.48956	0.0846912
1.52092	0.0801547
1.55228	0.0752673
1.58363	0.0701248
1.61499	0.0648228
1.64635	0.0594536
1.67771	0.0541037
1.70907	0.048852
1.74043	0.0437678
1.77179	0.03891
1.80315	0.0343261
1.83451	0.0300525
1.86587	0.0261145
1.89723	0.022527
1.92858	0.0192957
1.95994	0.016418
1.9913	0.0138844
2.02266	0.0116646
2.05402	0.00969454
2.08538	0.00796659
2.11674	0.00646926
2.1481	0.00518803
2.17946	0.0041061
2.21082	0.00320502
2.24218	0.00246546
2.27353	0.00186788
2.30489	0.00139319
2.33625	0.00102326
2.36761	0.000741516
2.39897	0.00053338
2.43033	0.000386763
2.46169	0.000292626
2.49305	0.000245721
2.50873	0.000245721
