-0.0156795	9.99429e-05
0.0156795	9.99429e-05
0.0470386	0.00011116
0.0783977	0.000134482
0.109757	0.000171713
0.141116	0.000225648
0.172475	0.000300169
0.203834	0.00040037
0.235193	0.000532706
0.266552	0.000705157
0.297911	0.000927399
0.32927	0.00121096
0.36063	0.00156939
0.391989	0.00201831
0.423348	0.00257552
0.454707	0.00326097
0.486066	0.00409657
0.517425	0.00510601
0.548784	0.00631435
0.580143	0.00774749
0.611502	0.00943141
0.642861	0.0113914
0.674221	0.0136508
0.70558	0.0162303
0.736939	0.0191459
0.768298	0.0224083
0.799657	0.026021
0.831016	0.0299795
0.862375	0.0342695
0.893734	0.0388664
0.925093	0.0437345
0.956452	0.0488267
0.987811	0.0540846
1.01917	0.0594393
1.05053	0.0648123
1.08189	0.0701171
1.11325	0.0752617
1.14461	0.0801507
1.17597	0.0846885
1.20733	0.088782
1.23868	0.092344
1.27004	0.0952964
1.3014	0.0975726
1.33276	0.0991204
1.36412	0.0999039
1.39548	0.0999047
1.42684	0.099123
1.4582	0.0975772
1.48956	0.0953035
1.52092	0.0923541
1.55228	0.0887959
1.58363	0.0847073
1.61499	0.0801759
1.64635	0.0752949
1.67771	0.0701606
1.70907	0.0648688
1.74043	0.0595123
1.77179	0.054178
1.80315	0.0489454
1.83451	0.0438843
1.86587	0.0390541
1.89723	0.0345031
1.92858	0.0302682
1.95994	0.0263754
1.9913	0.0228401
2.02266	0.0196464
2.05402	0.0167247
2.08538	0.0140831
2.11674	0.0117237
2.1481	0.00964274
2.17946	0.00783127
2.21082	0.00627594
2.24218	0.00495981
2.27353	0.00386335
2.30489	0.00296539
2.33625	0.00224422
2.36761	0.00167863
2.39897	0.00124909
2.43033	0.000938907
2.46169	0.000735665
2.49305	0.000633001
2.50873	0.000633001
