-0.0156795	0.000373793
0.0156795	0.000373793
0.0470386	0.000407894
0.0783977	0.000478069
0.109757	0.000588296
0.141116	0.000744609
0.172475	0.000955172
0.203834	0.00123036
0.235193	0.00158282
0.266552	0.00202754
0.297911	0.00258182
0.32927	0.00326522
0.36063	0.00409942
0.391989	0.00510791
0.423348	0.00631561
0.454707	0.00774831
0.486066	0.00943194
0.517425	0.0113917
0.548784	0.013651
0.580143	0.0162304
0.611502	0.019146
0.642861	0.0224083
0.674221	0.0260211
0.70558	0.0299795
0.736939	0.0342695
0.768298	0.0388664
0.799657	0.0437345
0.831016	0.0488267
0.862375	0.0540846
0.893734	0.0594393
0.925093	0.0648122
0.956452	0.070117
0.987811	0.0752616
1.01917	0.0801506
1.05053	0.0846883
1.08189	0.0887816
1.11325	0.0923435
1.14461	0.0952957
1.17597	0.0975715
1.20733	0.0991189
1.23868	0.0999018
1.27004	0.0999019
1.3014	0.0991191
1.33276	0.0975719
1.36412	0.0952962
1.39548	0.0923443
1.42684	0.0887827
1.4582	0.0846898
1.48956	0.0801527
1.52092	0.0752646
1.55228	0.0701212
1.58363	0.0648179
1.61499	0.0594471
1.64635	0.0540952
1.67771	0.048841
1.70907	0.0437536
1.74043	0.0388917
1.77179	0.0343029
1.80315	0.0300231
1.83451	0.0260777
1.86587	0.0224813
1.89723	0.0192393
1.92858	0.016349
1.95994	0.0138007
1.9913	0.0115791
2.02266	0.00965156
2.05402	0.0079576
2.08538	0.00648626
2.11674	0.00522372
2.1481	0.004154
2.17946	0.00325956
2.21082	0.00252202
2.24218	0.00192273
2.27353	0.00144334
2.30489	0.00106635
2.33625	0.000775488
2.36761	0.000556123
2.39897	0.000395573
2.43033	0.000283429
2.46169	0.000211925
2.49305	0.000176466
2.50873	0.000176466
