-0.0156795	0.187639
0.0156795	0.187639
0.0470386	0.186353
0.0783977	0.183807
0.109757	0.180052
0.141116	0.175163
0.172475	0.169236
0.203834	0.162384
0.235193	0.154735
0.266552	0.146428
0.297911	0.137608
0.32927	0.128423
0.36063	0.119017
0.391989	0.109531
0.423348	0.100097
0.454707	0.0908332
0.486066	0.0818475
0.517425	0.0732305
0.548784	0.0650569
0.580143	0.0573853
0.611502	0.0502577
0.642861	0.0437009
0.674221	0.037727
0.70558	0.0323354
0.736939	0.0275142
0.768298	0.0232423
0.799657	0.0194911
0.831016	0.0162261
0.862375	0.0134093
0.893734	0.0110002
0.925093	0.00895758
0.956452	0.00724043
0.987811	0.00580915
1.01917	0.00462624
1.05053	0.00365679
1.08189	0.00286895
1.11325	0.00223402
1.14461	0.00172657
1.17597	0.00132436
1.20733	0.00100821
1.23868	0.000761736
1.27004	0.000571169
1.3014	0.000425034
1.33276	0.000313888
1.36412	0.000230046
1.39548	0.000167315
1.42684	0.000120762
1.4582	8.64967e-05
1.48956	6.148e-05
1.52092	4.33641e-05
1.55228	3.03518e-05
1.58363	2.1081e-05
1.61499	1.45294e-05
1.64635	9.93688e-06
1.67771	6.74364e-06
1.70907	4.54127e-06
1.74043	3.03456e-06
1.77179	2.01209e-06
1.80315	1.32382e-06
1.83451	8.64245e-07
1.86587	5.59847e-07
1.89723	3.59888e-07
1.92858	2.29673e-07
1.95994	1.45588e-07
1.9913	9.17936e-08
2.02266	5.75425e-08
2.05402	3.55097e-08
2.08538	2.15513e-08
2.11674	1.28194e-08
2.1481	7.49157e-09
2.17946	4.33678e-09
2.21082	2.48671e-09
2.24218	1.41227e-09
2.27353	7.94352e-10
2.30489	4.42463e-10
2.33625	2.44046e-10
2.36761	1.33278e-10
2.39897	7.21208e-11
2.43033	3.91487e-11
2.46169	2.25933e-11
2.49305	1.56097e-11
2.50873	1.56097e-11
