-0.0156795	0.000196341
0.0156795	0.000196341
0.0470386	0.000216265
0.0783977	0.000257471
0.109757	0.000322713
0.141116	0.000416209
0.172475	0.000543743
0.203834	0.000712786
0.235193	0.000932628
0.266552	0.00121452
0.297911	0.00157178
0.32927	0.00201991
0.36063	0.00257659
0.391989	0.00326167
0.423348	0.00409702
0.454707	0.0051063
0.486066	0.00631454
0.517425	0.00774761
0.548784	0.00943149
0.580143	0.0113914
0.611502	0.0136509
0.642861	0.0162303
0.674221	0.0191459
0.70558	0.0224083
0.736939	0.026021
0.768298	0.0299795
0.799657	0.0342695
0.831016	0.0388664
0.862375	0.0437345
0.893734	0.0488267
0.925093	0.0540846
0.956452	0.0594393
0.987811	0.0648122
1.01917	0.070117
1.05053	0.0752616
1.08189	0.0801506
1.11325	0.0846883
1.14461	0.0887817
1.17597	0.0923436
1.20733	0.0952958
1.23868	0.0975717
1.27004	0.0991192
1.3014	0.0999022
1.33276	0.0999025
1.36412	0.0991199
1.39548	0.097573
1.42684	0.0952978
1.4582	0.0923465
1.48956	0.0887858
1.52092	0.084694
1.55228	0.0801584
1.58363	0.0752722
1.61499	0.0701313
1.64635	0.0648313
1.67771	0.0594646
1.70907	0.054118
1.74043	0.0488703
1.77179	0.0437911
1.80315	0.0389394
1.83451	0.0343629
1.86587	0.0300982
1.89723	0.0261709
1.92858	0.022596
1.95994	0.0193795
1.9913	0.016519
2.02266	0.0139875
2.05402	0.0117185
2.08538	0.00970842
2.11674	0.00794924
2.1481	0.0064289
2.17946	0.00513212
2.21082	0.0040412
2.24218	0.00313675
2.27353	0.0023985
2.30489	0.00180609
2.33625	0.00133978
2.36761	0.000981138
2.39897	0.000713724
2.43033	0.000523768
2.46169	0.000400964
2.49305	0.00033949
2.50873	0.00033949
