-0.0156795	5.7686e-07
0.0156795	5.7686e-07
0.0470386	6.89371e-07
0.0783977	9.32576e-07
0.109757	1.34511e-06
0.141116	1.9908e-06
0.172475	2.96623e-06
0.203834	4.41175e-06
0.235193	6.52667e-06
0.266552	9.58969e-06
0.297911	1.39856e-05
0.32927	2.02402e-05
0.36063	2.90645e-05
0.391989	4.141e-05
0.423348	5.85377e-05
0.454707	8.21019e-05
0.486066	0.00011425
0.517425	0.000157739
0.548784	0.000216077
0.580143	0.000293672
0.611502	0.000396004
0.642861	0.000529811
0.674221	0.000703277
0.70558	0.000926223
0.736939	0.00121029
0.768298	0.00156909
0.799657	0.00201832
0.831016	0.00257582
0.862375	0.00326158
0.893734	0.00409755
0.925093	0.00510748
0.956452	0.00631647
0.987811	0.00775047
1.01917	0.00943556
1.05053	0.0113971
1.08189	0.0136587
1.11325	0.0162409
1.14461	0.0191602
1.17597	0.0224274
1.20733	0.0260464
1.23868	0.0300129
1.27004	0.0343131
1.3014	0.038923
1.33276	0.0438075
1.36412	0.0489201
1.39548	0.0542033
1.42684	0.0595891
1.4582	0.065
1.48956	0.0703506
1.52092	0.0755503
1.55228	0.0805049
1.58363	0.0851201
1.61499	0.0893045
1.64635	0.0929723
1.67771	0.0960468
1.70907	0.0984629
1.74043	0.10017
1.77179	0.101133
1.80315	0.101335
1.83451	0.100777
1.86587	0.0994784
1.89723	0.0974754
1.92858	0.0948207
1.95994	0.0915809
1.9913	0.0878344
2.02266	0.0836389
2.05402	0.0789672
2.08538	0.073894
2.11674	0.0685051
2.1481	0.0628958
2.17946	0.057168
2.21082	0.0514289
2.24218	0.0457878
2.27353	0.0403544
2.30489	0.0352365
2.33625	0.0305394
2.36761	0.0263654
2.39897	0.0228144
2.43033	0.0199866
2.46169	0.0179853
2.49305	0.0169219
2.50873	0.0169219
