-0.0156795	7.34382e-06
0.0156795	7.34382e-06
0.0470386	8.47505e-06
0.0783977	1.08741e-05
0.109757	1.48255e-05
0.141116	2.07849e-05
0.172475	2.94146e-05
0.203834	4.16327e-05
0.235193	5.86775e-05
0.266552	8.21875e-05
0.297911	0.000114299
0.32927	0.000157765
0.36063	0.000216084
0.391989	0.000293663
0.423348	0.000395979
0.454707	0.000529766
0.486066	0.000703204
0.517425	0.000926112
0.548784	0.00121012
0.580143	0.00156884
0.611502	0.00201796
0.642861	0.0025753
0.674221	0.00326083
0.70558	0.00409648
0.736939	0.00510597
0.768298	0.00631434
0.799657	0.0077475
0.831016	0.00943145
0.862375	0.0113914
0.893734	0.0136509
0.925093	0.0162304
0.956452	0.0191461
0.987811	0.0224086
1.01917	0.0260216
1.05053	0.0299803
1.08189	0.0342706
1.11325	0.0388679
1.14461	0.0437366
1.17597	0.0488297
1.20733	0.0540888
1.23868	0.059445
1.27004	0.06482
1.3014	0.0701276
1.33276	0.0752759
1.36412	0.0801696
1.39548	0.0847136
1.42684	0.088815
1.4582	0.0923871
1.48956	0.0953523
1.52092	0.0976445
1.55228	0.0992123
1.58363	0.10002
1.61499	0.100052
1.64635	0.0993066
1.67771	0.0978051
1.70907	0.0955843
1.74043	0.0926978
1.77179	0.0892135
1.80315	0.0852111
1.83451	0.0807793
1.86587	0.0760127
1.89723	0.0710084
1.92858	0.0658632
1.95994	0.0606706
1.9913	0.055518
2.02266	0.0504496
2.05402	0.0454134
2.08538	0.0404774
2.11674	0.0357053
2.1481	0.0311549
2.17946	0.0268765
2.21082	0.022912
2.24218	0.0192945
2.27353	0.016048
2.30489	0.0131879
2.33625	0.0107221
2.36761	0.0086532
2.39897	0.00698085
2.43033	0.00570537
2.46169	0.00483236
2.49305	0.00437844
2.50873	0.00437844
