-0.0156795	3.67276e-07
0.0156795	3.67276e-07
0.0470386	4.41593e-07
0.0783977	6.02776e-07
0.109757	8.77588e-07
0.141116	1.31048e-06
0.172475	1.96916e-06
0.203834	2.95286e-06
0.235193	4.40367e-06
0.266552	6.52195e-06
0.297911	9.58708e-06
0.32927	1.39844e-05
0.36063	2.02401e-05
0.391989	2.90652e-05
0.423348	4.14118e-05
0.454707	5.8541e-05
0.486066	8.21071e-05
0.517425	0.000114258
0.548784	0.000157752
0.580143	0.000216097
0.611502	0.000293701
0.642861	0.000396047
0.674221	0.000529874
0.70558	0.000703369
0.736939	0.000926358
0.768298	0.00121048
0.799657	0.00156936
0.831016	0.00201871
0.862375	0.00257638
0.893734	0.00326235
0.925093	0.00409863
0.956452	0.00510896
0.987811	0.00631848
1.01917	0.00775319
1.05053	0.00943922
1.08189	0.011402
1.11325	0.0136651
1.14461	0.0162493
1.17597	0.0191712
1.20733	0.0224416
1.23868	0.0260647
1.27004	0.0300361
1.3014	0.0343425
1.33276	0.0389598
1.36412	0.0438532
1.39548	0.0489765
1.42684	0.0542724
1.4582	0.0596729
1.48956	0.0651009
1.52092	0.0704713
1.55228	0.0756934
1.58363	0.0806734
1.61499	0.085317
1.64635	0.0895327
1.67771	0.0932349
1.70907	0.0963467
1.74043	0.0988028
1.77179	0.100552
1.80315	0.10156
1.83451	0.101809
1.86587	0.101299
1.89723	0.100049
1.92858	0.0980949
1.95994	0.0954897
1.9913	0.0922992
2.02266	0.0885756
2.05402	0.0842943
2.08538	0.0795216
2.11674	0.0743379
2.1481	0.0688363
2.17946	0.0631205
2.21082	0.0573029
2.24218	0.0515021
2.27353	0.045841
2.30489	0.0404441
2.33625	0.0354366
2.36761	0.0309431
2.39897	0.0270879
2.43033	0.0239962
2.46169	0.0217964
2.49305	0.0206237
2.50873	0.0206237
