-0.0156795	3.24548e-06
0.0156795	3.24548e-06
0.0470386	3.78803e-06
0.0783977	4.94573e-06
0.109757	6.87085e-06
0.141116	9.80966e-06
0.172475	1.41249e-05
0.203834	2.03275e-05
0.235193	2.91184e-05
0.266552	4.14424e-05
0.297911	5.85563e-05
0.32927	8.21108e-05
0.36063	0.000114251
0.391989	0.000157735
0.423348	0.000216066
0.454707	0.000293653
0.486066	0.000395973
0.517425	0.000529763
0.548784	0.000703203
0.580143	0.000926113
0.611502	0.00121013
0.642861	0.00156885
0.674221	0.00201797
0.70558	0.00257532
0.736939	0.00326086
0.768298	0.00409653
0.799657	0.00510603
0.831016	0.00631443
0.862375	0.00774763
0.893734	0.00943164
0.925093	0.0113917
0.956452	0.0136513
0.987811	0.016231
1.01917	0.0191469
1.05053	0.0224098
1.08189	0.0260232
1.11325	0.0299825
1.14461	0.0342737
1.17597	0.0388721
1.20733	0.0437423
1.23868	0.0488373
1.27004	0.0540989
1.3014	0.0594584
1.33276	0.0648375
1.36412	0.0701504
1.39548	0.0753052
1.42684	0.0802072
1.4582	0.0847612
1.48956	0.0888751
1.52092	0.0924622
1.55228	0.0954455
1.58363	0.0977592
1.61499	0.0993525
1.64635	0.10019
1.67771	0.100256
1.70907	0.0995507
1.74043	0.0980943
1.77179	0.0959244
1.80315	0.0930946
1.83451	0.089673
1.86587	0.0857393
1.89723	0.0813819
1.92858	0.076695
1.95994	0.0717754
1.9913	0.0667191
2.02266	0.0615832
2.05402	0.0563249
2.08538	0.051024
2.11674	0.0457598
2.1481	0.0406093
2.17946	0.035645
2.21082	0.0309332
2.24218	0.0265325
2.27353	0.0224933
2.30489	0.018857
2.33625	0.0156572
2.36761	0.0129206
2.39897	0.0106701
2.43033	0.00892815
2.46169	0.00772208
2.49305	0.00709028
2.50873	0.00709028
