-0.0156795	0.181125
0.0156795	0.181125
0.0470386	0.179984
0.0783977	0.177722
0.109757	0.17438
0.141116	0.170019
0.172475	0.164714
0.203834	0.158558
0.235193	0.151656
0.266552	0.144122
0.297911	0.136078
0.32927	0.127648
0.36063	0.118958
0.391989	0.11013
0.423348	0.101283
0.454707	0.0925253
0.486066	0.0839581
0.517425	0.0756695
0.548784	0.0677354
0.580143	0.060218
0.611502	0.0531659
0.642861	0.0466138
0.674221	0.0405838
0.70558	0.0350855
0.736939	0.0301175
0.768298	0.0256691
0.799657	0.0217212
0.831016	0.0182482
0.862375	0.0152197
0.893734	0.0126015
0.925093	0.0103575
0.956452	0.00845066
0.987811	0.00684408
1.01917	0.00550192
1.05053	0.00439013
1.08189	0.00347689
1.11325	0.00273303
1.14461	0.0021322
1.17597	0.00165094
1.20733	0.00126866
1.23868	0.000967517
1.27004	0.000732263
1.3014	0.000549999
1.33276	0.000409954
1.36412	0.000303235
1.39548	0.000222582
1.42684	0.000162129
1.4582	0.000117189
1.48956	8.40541e-05
1.52092	5.98243e-05
1.55228	4.22509e-05
1.58363	2.96095e-05
1.61499	2.059e-05
1.64635	1.42073e-05
1.67771	9.72729e-06
1.70907	6.60837e-06
1.74043	4.45468e-06
1.77179	2.97958e-06
1.80315	1.97746e-06
1.83451	1.30218e-06
1.86587	8.50871e-07
1.89723	5.51768e-07
1.92858	3.55172e-07
1.95994	2.27061e-07
1.9913	1.44377e-07
2.02266	9.12585e-08
2.05402	5.68093e-08
2.08538	3.47868e-08
2.11674	2.09323e-08
2.1481	1.233e-08
2.17946	7.1362e-09
2.21082	4.08917e-09
2.24218	2.31968e-09
2.27353	1.30258e-09
2.30489	7.23971e-10
2.33625	3.98222e-10
2.36761	2.1679e-10
2.39897	1.17118e-10
2.43033	6.38149e-11
2.46169	3.67608e-11
2.49305	2.51468e-11
2.50873	2.51468e-11
