-0.0156795	2.13227e-06
0.0156795	2.13227e-06
0.0470386	2.50315e-06
0.0783977	3.29705e-06
0.109757	4.62364e-06
0.141116	6.66127e-06
0.172475	9.6744e-06
0.203834	1.40383e-05
0.235193	2.02726e-05
0.266552	2.90838e-05
0.297911	4.14208e-05
0.32927	5.85429e-05
0.36063	8.21028e-05
0.391989	0.000114247
0.423348	0.000157732
0.454707	0.000216065
0.486066	0.000293652
0.517425	0.000395974
0.548784	0.000529765
0.580143	0.000703207
0.611502	0.000926119
0.642861	0.00121013
0.674221	0.00156886
0.70558	0.00201799
0.736939	0.00257535
0.768298	0.0032609
0.799657	0.00409659
0.831016	0.00510612
0.862375	0.00631457
0.893734	0.00774783
0.925093	0.00943192
0.956452	0.0113921
0.987811	0.0136519
1.01917	0.0162318
1.05053	0.019148
1.08189	0.0224113
1.11325	0.0260252
1.14461	0.0299852
1.17597	0.0342773
1.20733	0.038877
1.23868	0.0437488
1.27004	0.0488458
1.3014	0.0541099
1.33276	0.0594726
1.36412	0.0648558
1.39548	0.0701736
1.42684	0.0753346
1.4582	0.080244
1.48956	0.084807
1.52092	0.0889315
1.55228	0.0925313
1.58363	0.0955293
1.61499	0.0978602
1.64635	0.0994732
1.67771	0.100334
1.70907	0.100425
1.74043	0.0997476
1.77179	0.0983226
1.80315	0.096187
1.83451	0.0933945
1.86587	0.0900129
1.89723	0.0861216
1.92858	0.0818089
1.95994	0.0771685
1.9913	0.0722968
2.02266	0.0672542
2.05402	0.0620027
2.08538	0.0566248
2.11674	0.0512051
2.1481	0.0458284
2.17946	0.0405772
2.21082	0.0355298
2.24218	0.0307583
2.27353	0.0263278
2.30489	0.0222951
2.33625	0.0187095
2.36761	0.0156136
2.39897	0.0130458
2.43033	0.0110439
2.46169	0.00964997
2.49305	0.00891712
2.50873	0.00891712
