-0.0156795	8.98955e-07
0.0156795	8.98955e-07
0.0470386	1.06784e-06
0.0783977	1.4317e-06
0.109757	2.04579e-06
0.141116	3.00087e-06
0.172475	4.43339e-06
0.203834	6.54004e-06
0.235193	9.59777e-06
0.266552	1.39903e-05
0.297911	2.02428e-05
0.32927	2.90657e-05
0.36063	4.14101e-05
0.391989	5.8537e-05
0.423348	8.21e-05
0.454707	0.000114246
0.486066	0.000157734
0.517425	0.000216069
0.548784	0.00029366
0.580143	0.000395985
0.611502	0.000529783
0.642861	0.000703234
0.674221	0.00092616
0.70558	0.0012102
0.736939	0.00156895
0.768298	0.00201812
0.799657	0.00257555
0.831016	0.00326119
0.862375	0.004097
0.893734	0.00510671
0.925093	0.0063154
0.956452	0.00774899
0.987811	0.00943355
1.01917	0.0113944
1.05053	0.013655
1.08189	0.016236
1.11325	0.0191537
1.14461	0.0224189
1.17597	0.0260353
1.20733	0.0299986
1.23868	0.0342948
1.27004	0.0388997
1.3014	0.0437781
1.33276	0.0488833
1.36412	0.0541576
1.39548	0.0595327
1.42684	0.0649309
1.4582	0.0702668
1.48956	0.0754493
1.52092	0.0803842
1.55228	0.0849769
1.58363	0.0891359
1.61499	0.0927754
1.64635	0.0958185
1.67771	0.0982003
1.70907	0.09987
1.74043	0.100793
1.77179	0.100953
1.80315	0.10035
1.83451	0.0990049
1.86587	0.096954
1.89723	0.0942504
1.92858	0.0909614
1.95994	0.0871654
1.9913	0.0829499
2.02266	0.0783758
2.05402	0.0734131
2.08538	0.0681417
2.11674	0.06265
2.1481	0.0570321
2.17946	0.051386
2.21082	0.0458107
2.24218	0.0404045
2.27353	0.0352624
2.30489	0.0304752
2.33625	0.0261285
2.36761	0.0223028
2.39897	0.0190756
2.43033	0.0165236
2.46169	0.0147271
2.49305	0.0137759
2.50873	0.0137759
