-0.0156795	1.09176e-05
0.0156795	1.09176e-05
0.0470386	1.25298e-05
0.0783977	1.59387e-05
0.109757	2.15272e-05
0.141116	2.99056e-05
0.172475	4.19548e-05
0.203834	5.88871e-05
0.235193	8.23227e-05
0.266552	0.000114386
0.297911	0.00015782
0.32927	0.000216119
0.36063	0.000293685
0.391989	0.000395992
0.423348	0.000529774
0.454707	0.000703209
0.486066	0.000926114
0.517425	0.00121012
0.548784	0.00156884
0.580143	0.00201796
0.611502	0.0025753
0.642861	0.00326083
0.674221	0.00409648
0.70558	0.00510596
0.736939	0.00631433
0.768298	0.00774748
0.799657	0.00943142
0.831016	0.0113914
0.862375	0.0136509
0.893734	0.0162303
0.925093	0.019146
0.956452	0.0224084
0.987811	0.0260213
1.01917	0.0299799
1.05053	0.03427
1.08189	0.0388671
1.11325	0.0437356
1.14461	0.0488282
1.17597	0.0540868
1.20733	0.0594423
1.23868	0.0648164
1.27004	0.0701227
1.3014	0.0752694
1.33276	0.0801612
1.36412	0.0847025
1.39548	0.0888007
1.42684	0.0923688
1.4582	0.095329
1.48956	0.0976151
1.52092	0.0991755
1.55228	0.0999747
1.58363	0.0999951
1.61499	0.0992376
1.64635	0.0977213
1.67771	0.0954834
1.70907	0.0925771
1.74043	0.0890703
1.77179	0.0850426
1.80315	0.0805824
1.83451	0.0757844
1.86587	0.0707458
1.89723	0.0655633
1.92858	0.0603307
1.95994	0.0551356
1.9913	0.050058
2.02266	0.0451335
2.05402	0.0403057
2.08538	0.0356345
2.11674	0.0311744
2.1481	0.0269725
2.17946	0.0230681
2.21082	0.0194917
2.24218	0.0162649
2.27353	0.0134006
2.30489	0.0109039
2.33625	0.00877328
2.36761	0.00700266
2.39897	0.00558382
2.43033	0.00450978
2.46169	0.00377898
2.49305	0.00340047
2.50873	0.00340047
