-0.0156795	4.90124e-06
0.0156795	4.90124e-06
0.0470386	5.68807e-06
0.0783977	7.36184e-06
0.109757	1.01318e-05
0.141116	1.43345e-05
0.172475	2.04628e-05
0.203834	2.9205e-05
0.235193	4.14974e-05
0.266552	5.85909e-05
0.297911	8.21325e-05
0.32927	0.000114265
0.36063	0.000157743
0.391989	0.000216071
0.423348	0.000293655
0.454707	0.000395974
0.486066	0.000529763
0.517425	0.000703203
0.548784	0.000926112
0.580143	0.00121012
0.611502	0.00156884
0.642861	0.00201796
0.674221	0.00257531
0.70558	0.00326084
0.736939	0.0040965
0.768298	0.00510599
0.799657	0.00631437
0.831016	0.00774754
0.862375	0.00943151
0.893734	0.0113915
0.925093	0.0136511
0.956452	0.0162306
0.987811	0.0191464
1.01917	0.022409
1.05053	0.0260221
1.08189	0.029981
1.11325	0.0342716
1.14461	0.0388694
1.17597	0.0437386
1.20733	0.0488324
1.23868	0.0540924
1.27004	0.0594499
1.3014	0.0648265
1.33276	0.0701361
1.36412	0.0752869
1.39548	0.0801839
1.42684	0.0847319
1.4582	0.0888383
1.48956	0.0924165
1.52092	0.0953891
1.55228	0.0976902
1.58363	0.0992687
1.61499	0.100089
1.64635	0.100135
1.67771	0.0994076
1.70907	0.0979258
1.74043	0.0957275
1.77179	0.0928664
1.80315	0.0894104
1.83451	0.0854394
1.86587	0.081042
1.89723	0.0763126
1.92858	0.0713483
1.95994	0.0662456
1.9913	0.0610976
2.02266	0.0559556
2.05402	0.0507723
2.08538	0.0456225
2.11674	0.0405783
2.1481	0.0357075
2.17946	0.0310717
2.21082	0.026725
2.24218	0.0227129
2.27353	0.0190719
2.30489	0.0158295
2.33625	0.0130054
2.36761	0.0106132
2.39897	0.00866263
2.43033	0.00716392
2.46169	0.00613214
2.49305	0.00559364
2.50873	0.00559364
