-0.0156795	2.32009e-07
0.0156795	2.32009e-07
0.0470386	2.80681e-07
0.0783977	3.86606e-07
0.109757	5.68142e-07
0.141116	8.5595e-07
0.172475	1.2971e-06
0.203834	1.96108e-06
0.235193	2.94814e-06
0.266552	4.40106e-06
0.297911	6.52074e-06
0.32927	9.58691e-06
0.36063	1.39852e-05
0.391989	2.02419e-05
0.423348	2.90685e-05
0.454707	4.14171e-05
0.486066	5.85493e-05
0.517425	8.21198e-05
0.548784	0.000114277
0.580143	0.000157781
0.611502	0.000216139
0.642861	0.000293764
0.674221	0.00039614
0.70558	0.000530009
0.736939	0.000703563
0.768298	0.000926635
0.799657	0.00121088
0.831016	0.00156992
0.862375	0.00201948
0.893734	0.00257745
0.925093	0.00326383
0.956452	0.00410064
0.987811	0.00511168
1.01917	0.00632215
1.05053	0.00775808
1.08189	0.00944568
1.11325	0.0114105
1.14461	0.0136762
1.17597	0.0162636
1.20733	0.0191895
1.23868	0.0224649
1.27004	0.026094
1.3014	0.0300729
1.33276	0.0343882
1.36412	0.0390162
1.39548	0.0439222
1.42684	0.0490603
1.4582	0.0543733
1.48956	0.0597936
1.52092	0.0652441
1.55228	0.0706399
1.58363	0.0758903
1.61499	0.0809017
1.64635	0.0855796
1.67771	0.0898326
1.70907	0.0935748
1.74043	0.096729
1.77179	0.0992298
1.80315	0.101026
1.83451	0.102081
1.86587	0.102379
1.89723	0.101918
1.92858	0.100718
1.95994	0.0988132
1.9913	0.0962569
2.02266	0.0930928
2.05402	0.0892985
2.08538	0.0849294
2.11674	0.0800574
2.1481	0.0747703
2.17946	0.0691703
2.21082	0.0633724
2.24218	0.0575019
2.27353	0.051693
2.30489	0.0460855
2.33625	0.0408239
2.36761	0.0360553
2.39897	0.0319291
2.43033	0.0285968
2.46169	0.0262133
2.49305	0.0249384
2.50873	0.0249384
