-0.0156795	1.38994e-06
0.0156795	1.38994e-06
0.0470386	1.64129e-06
0.0783977	2.18105e-06
0.109757	3.08746e-06
0.141116	4.48837e-06
0.172475	6.57467e-06
0.203834	9.61941e-06
0.235193	1.40037e-05
0.266552	2.02509e-05
0.297911	2.90704e-05
0.32927	4.14127e-05
0.36063	5.85382e-05
0.391989	8.21002e-05
0.423348	0.000114245
0.454707	0.000157732
0.486066	0.000216066
0.517425	0.000293654
0.548784	0.000395977
0.580143	0.00052977
0.611502	0.000703215
0.642861	0.000926131
0.674221	0.00121015
0.70558	0.00156889
0.736939	0.00201803
0.768298	0.00257541
0.799657	0.00326099
0.831016	0.00409672
0.862375	0.00510631
0.893734	0.00631484
0.925093	0.00774822
0.956452	0.00943247
0.987811	0.0113929
1.01917	0.013653
1.05053	0.0162333
1.08189	0.01915
1.11325	0.022414
1.14461	0.0260289
1.17597	0.0299901
1.20733	0.0342838
1.23868	0.0388855
1.27004	0.0437598
1.3014	0.04886
1.33276	0.0541282
1.36412	0.0594959
1.39548	0.0648852
1.42684	0.0702104
1.4582	0.0753803
1.48956	0.0803004
1.52092	0.084876
1.55228	0.0890152
1.58363	0.0926322
1.61499	0.0956499
1.64635	0.0980034
1.67771	0.0996417
1.70907	0.10053
1.74043	0.100653
1.77179	0.10001
1.80315	0.0986225
1.83451	0.0965269
1.86587	0.0937769
1.89723	0.09044
1.92858	0.0865952
1.95994	0.0823303
1.9913	0.0777387
2.02266	0.0728824
2.05402	0.0677275
2.08538	0.0623566
2.11674	0.0568576
2.1481	0.051321
2.17946	0.0458381
2.21082	0.0404981
2.24218	0.0353868
2.27353	0.030584
2.30489	0.0261634
2.33625	0.0221916
2.36761	0.0187293
2.39897	0.0158332
2.43033	0.0135592
2.46169	0.011967
2.49305	0.011127
2.50873	0.011127
