-0.0156795	1.45414e-07
0.0156795	1.45414e-07
0.0470386	1.77022e-07
0.0783977	2.46047e-07
0.109757	3.64968e-07
0.141116	5.54768e-07
0.172475	8.4787e-07
0.203834	1.29239e-06
0.235193	1.95847e-06
0.266552	2.94693e-06
0.297911	4.40089e-06
0.32927	6.52153e-06
0.36063	9.58878e-06
0.391989	1.39885e-05
0.423348	2.02472e-05
0.454707	2.90768e-05
0.486066	4.14298e-05
0.517425	5.85684e-05
0.548784	8.21485e-05
0.580143	0.00011432
0.611502	0.000157844
0.642861	0.000216232
0.674221	0.000293898
0.70558	0.000396333
0.736939	0.000530286
0.768298	0.000703956
0.799657	0.000927188
0.831016	0.00121165
0.862375	0.00157099
0.893734	0.00202096
0.925093	0.00257946
0.956452	0.00326655
0.987811	0.0041043
1.01917	0.00511657
1.05053	0.00632861
1.08189	0.00776656
1.11325	0.00945673
1.14461	0.0114247
1.17597	0.0136944
1.20733	0.0162869
1.23868	0.0192189
1.27004	0.0225017
1.3014	0.0261398
1.33276	0.0301293
1.36412	0.0344572
1.39548	0.0391
1.42684	0.0440232
1.4582	0.049181
1.48956	0.0545165
1.52092	0.0599621
1.55228	0.065441
1.58363	0.0708681
1.61499	0.076153
1.64635	0.0812016
1.67771	0.0859195
1.70907	0.090215
1.74043	0.0940019
1.77179	0.0972026
1.80315	0.0997512
1.83451	0.101596
1.86587	0.102701
1.89723	0.103048
1.92858	0.102636
1.95994	0.101485
1.9913	0.0996289
2.02266	0.0971032
2.05402	0.093887
2.08538	0.0900222
2.11674	0.0855696
2.1481	0.0806085
2.17946	0.0752364
2.21082	0.0695676
2.24218	0.0637314
2.27353	0.0578704
2.30489	0.0521378
2.33625	0.0466958
2.36761	0.0417133
2.39897	0.0373645
2.43033	0.0338276
2.46169	0.0312843
2.49305	0.0299194
2.50873	0.0299194
