-0.0156795	3.99694e-09
0.0156795	3.99694e-09
0.0470386	4.95261e-09
0.0783977	7.07548e-09
0.109757	1.08428e-08
0.141116	1.70858e-08
0.172475	2.71745e-08
0.203834	4.31075e-08
0.235193	6.79666e-08
0.266552	1.06483e-07
0.297911	1.65725e-07
0.32927	2.56208e-07
0.36063	3.93446e-07
0.391989	6.00125e-07
0.423348	9.09198e-07
0.454707	1.36812e-06
0.486066	2.04467e-06
0.517425	3.03494e-06
0.548784	4.47394e-06
0.580143	6.54986e-06
0.611502	9.52279e-06
0.642861	1.3749e-05
0.674221	1.97127e-05
0.70558	2.80652e-05
0.736939	3.96763e-05
0.768298	5.56952e-05
0.799657	7.76278e-05
0.831016	0.000107428
0.862375	0.000147605
0.893734	0.000201355
0.925093	0.000272699
0.956452	0.000366655
0.987811	0.000489406
1.01917	0.000648499
1.05053	0.000853033
1.08189	0.00111386
1.11325	0.00144374
1.14461	0.00185754
1.17597	0.00237226
1.20733	0.00300717
1.23868	0.00378368
1.27004	0.00472525
1.3014	0.00585708
1.33276	0.00720572
1.36412	0.00879849
1.39548	0.0106627
1.42684	0.0128248
1.4582	0.0153092
1.48956	0.0181372
1.52092	0.0213256
1.55228	0.0248854
1.58363	0.0288204
1.61499	0.0331257
1.64635	0.0377871
1.67771	0.0427797
1.70907	0.0480677
1.74043	0.053604
1.77179	0.0593305
1.80315	0.065179
1.83451	0.0710728
1.86587	0.0769279
1.89723	0.082656
1.92858	0.0881669
1.95994	0.0933718
1.9913	0.0981864
2.02266	0.102565
2.05402	0.106533
2.08538	0.110005
2.11674	0.112905
2.1481	0.115172
2.17946	0.116762
2.21082	0.117658
2.24218	0.117873
2.27353	0.117451
2.30489	0.116479
2.33625	0.115076
2.36761	0.113403
2.39897	0.111648
2.43033	0.110023
2.46169	0.108747
2.49305	0.108025
2.50873	0.108025
