-0.0156795	4.1612e-09
0.0156795	4.1612e-09
0.0470386	5.20861e-09
0.0783977	7.56435e-09
0.109757	1.17917e-08
0.141116	1.89225e-08
0.172475	3.04599e-08
0.203834	4.88127e-08
0.235193	7.77415e-08
0.266552	1.22954e-07
0.297911	1.93078e-07
0.32927	3.00992e-07
0.36063	4.65792e-07
0.391989	7.15541e-07
0.423348	1.09111e-06
0.454707	1.65153e-06
0.486066	2.48133e-06
0.517425	3.70043e-06
0.548784	5.47752e-06
0.580143	8.04775e-06
0.611502	1.17359e-05
0.642861	1.69865e-05
0.674221	2.44022e-05
0.70558	3.47927e-05
0.736939	4.92351e-05
0.768298	6.91488e-05
0.799657	9.63852e-05
0.831016	0.000133336
0.862375	0.00018306
0.893734	0.000249425
0.925093	0.000337275
0.956452	0.000452607
0.987811	0.000602765
1.01917	0.000796636
1.05053	0.00104485
1.08189	0.00135995
1.11325	0.00175659
1.14461	0.00225158
1.17597	0.002864
1.20733	0.00361513
1.23868	0.00452835
1.27004	0.00562881
1.3014	0.00694309
1.33276	0.00849859
1.36412	0.0103228
1.39548	0.0124424
1.42684	0.0148821
1.4582	0.0176637
1.48956	0.0208042
1.52092	0.0243152
1.55228	0.0282008
1.58363	0.0324567
1.61499	0.0370688
1.64635	0.0420126
1.67771	0.0472521
1.70907	0.05274
1.74043	0.0584179
1.77179	0.0642166
1.80315	0.0700581
1.83451	0.0758567
1.86587	0.0815221
1.89723	0.0869614
1.92858	0.0920826
1.95994	0.096798
1.9913	0.101027
2.02266	0.104726
2.05402	0.10791
2.08538	0.110499
2.11674	0.112429
2.1481	0.113649
2.17946	0.114136
2.21082	0.11389
2.24218	0.112949
2.27353	0.111383
2.30489	0.109304
2.33625	0.106863
2.36761	0.104248
2.39897	0.101679
2.43033	0.0993956
2.46169	0.0976487
2.49305	0.0966751
2.50873	0.0966751
