-0.0156795	5.57929e-08
0.0156795	5.57929e-08
0.0470386	6.87886e-08
0.0783977	9.74059e-08
0.109757	1.47304e-07
0.141116	2.27957e-07
0.172475	3.54276e-07
0.203834	5.4884e-07
0.235193	8.45094e-07
0.266552	1.29197e-06
0.297911	1.96017e-06
0.32927	2.951e-06
0.36063	4.40805e-06
0.391989	6.53306e-06
0.423348	9.60672e-06
0.454707	1.40159e-05
0.486066	2.02886e-05
0.517425	2.91387e-05
0.548784	4.15216e-05
0.580143	5.87037e-05
0.611502	8.2346e-05
0.642861	0.000114606
0.674221	0.000158255
0.70558	0.000216819
0.736939	0.000294729
0.768298	0.0003975
0.799657	0.000531912
0.831016	0.000706205
0.862375	0.000930274
0.893734	0.00121585
0.925093	0.00157667
0.956452	0.00202857
0.987811	0.00258959
1.01917	0.00327992
1.05053	0.00412181
1.08189	0.00513931
1.11325	0.00635794
1.14461	0.0078041
1.17597	0.0095044
1.20733	0.0114848
1.23868	0.0137696
1.27004	0.0163801
1.3014	0.0193336
1.33276	0.0226419
1.36412	0.0263097
1.39548	0.0303338
1.42684	0.0347014
1.4582	0.0393892
1.48956	0.0443633
1.52092	0.0495778
1.55228	0.054976
1.58363	0.0604903
1.61499	0.0660435
1.64635	0.0715504
1.67771	0.0769199
1.70907	0.0820575
1.74043	0.086868
1.77179	0.0912588
1.80315	0.0951428
1.83451	0.0984418
1.86587	0.101089
1.89723	0.103032
1.92858	0.104235
1.95994	0.104679
1.9913	0.104365
2.02266	0.103304
2.05402	0.101479
2.08538	0.0989002
2.11674	0.0955985
2.1481	0.0916283
2.17946	0.0870679
2.21082	0.0820199
2.24218	0.076611
2.27353	0.0709907
2.30489	0.0653297
2.33625	0.0598177
2.36761	0.0546605
2.39897	0.0500769
2.43033	0.0462943
2.46169	0.0435449
2.49305	0.0420592
2.50873	0.0420592
