-0.0156795	9.04269e-08
0.0156795	9.04269e-08
0.0470386	1.1078e-07
0.0783977	1.55384e-07
0.109757	2.32673e-07
0.141116	3.56888e-07
0.172475	5.50052e-07
0.203834	8.45259e-07
0.235193	1.29117e-06
0.266552	1.95831e-06
0.297911	2.94772e-06
0.32927	4.40276e-06
0.36063	6.52481e-06
0.391989	9.59408e-06
0.423348	1.39967e-05
0.454707	2.02599e-05
0.486066	2.90959e-05
0.517425	4.14585e-05
0.548784	5.86112e-05
0.580143	8.22117e-05
0.611502	0.000114412
0.642861	0.000157978
0.674221	0.000216426
0.70558	0.000294175
0.736939	0.000396726
0.768298	0.000530839
0.799657	0.00070473
0.831016	0.00092826
0.862375	0.00121312
0.893734	0.001573
0.925093	0.00202368
0.956452	0.00258313
0.987811	0.00327144
1.01917	0.00411076
1.05053	0.00512505
1.08189	0.00633965
1.11325	0.00778083
1.14461	0.00947502
1.17597	0.011448
1.20733	0.0137238
1.23868	0.0163237
1.27004	0.0192646
1.3014	0.0225581
1.33276	0.0262088
1.36412	0.0302131
1.39548	0.0345582
1.42684	0.0392207
1.4582	0.0441664
1.48956	0.0493495
1.52092	0.0547134
1.55228	0.0601904
1.58363	0.0657036
1.61499	0.071168
1.64635	0.0764929
1.67771	0.081584
1.70907	0.0863466
1.74043	0.0906886
1.77179	0.0945233
1.80315	0.0977728
1.83451	0.100371
1.86587	0.102265
1.89723	0.103419
1.92858	0.103815
1.95994	0.103452
1.9913	0.102349
2.02266	0.100529
2.05402	0.0979729
2.08538	0.0947077
2.11674	0.0907802
2.1481	0.0862585
2.17946	0.0812321
2.21082	0.0758112
2.24218	0.0701255
2.27353	0.0643229
2.30489	0.0585672
2.33625	0.053036
2.36761	0.0479182
2.39897	0.0434115
2.43033	0.0397197
2.46169	0.0370509
2.49305	0.0356137
2.50873	0.0356137
