-0.0156795	3.41546e-08
0.0156795	3.41546e-08
0.0470386	4.24188e-08
0.0783977	6.07089e-08
0.109757	9.26897e-08
0.141116	1.44692e-07
0.172475	2.26745e-07
0.203834	3.54112e-07
0.235193	5.49632e-07
0.266552	8.46961e-07
0.297911	1.29524e-06
0.32927	1.96547e-06
0.36063	2.95925e-06
0.391989	4.4207e-06
0.423348	6.55221e-06
0.454707	9.63546e-06
0.486066	1.40587e-05
0.517425	2.03517e-05
0.548784	2.92312e-05
0.580143	4.1656e-05
0.611502	5.88973e-05
0.642861	8.2623e-05
0.674221	0.000114999
0.70558	0.000158809
0.736939	0.000217592
0.768298	0.000295801
0.799657	0.000398975
0.831016	0.000533925
0.862375	0.000708931
0.893734	0.000933937
0.925093	0.00122073
0.956452	0.00158313
0.987811	0.00203705
1.01917	0.00260063
1.05053	0.00329419
1.08189	0.0041401
1.11325	0.00516259
1.14461	0.00638732
1.17597	0.0078409
1.20733	0.00955013
1.23868	0.0115412
1.27004	0.0138386
1.3014	0.0164639
1.33276	0.0194346
1.36412	0.0227626
1.39548	0.0264529
1.42684	0.0305024
1.4582	0.0348983
1.48956	0.0396175
1.52092	0.0446259
1.55228	0.0498777
1.58363	0.0553159
1.61499	0.0608727
1.64635	0.0664706
1.67771	0.0720239
1.70907	0.0774413
1.74043	0.0826277
1.77179	0.0874876
1.80315	0.0919278
1.83451	0.0958611
1.86587	0.099209
1.89723	0.101905
1.92858	0.103896
1.95994	0.105148
1.9913	0.105641
2.02266	0.105378
2.05402	0.104341
2.08538	0.102524
2.11674	0.0999404
2.1481	0.0966291
2.17946	0.0926543
2.21082	0.0881078
2.24218	0.0831093
2.27353	0.0778059
2.30489	0.0723709
2.33625	0.0670021
2.36761	0.0619182
2.39897	0.0573549
2.43033	0.0535599
2.46169	0.0507856
2.49305	0.0492811
2.50873	0.0492811
