-0.0156795	2.07805e-08
0.0156795	2.07805e-08
0.0470386	2.60749e-08
0.0783977	3.77026e-08
0.109757	5.80972e-08
0.141116	9.14781e-08
0.172475	1.44528e-07
0.203834	2.27537e-07
0.235193	3.55979e-07
0.266552	5.5291e-07
0.297911	8.52255e-07
0.32927	1.3035e-06
0.36063	1.97811e-06
0.391989	2.97841e-06
0.423348	4.44944e-06
0.454707	6.59499e-06
0.486066	9.69859e-06
0.517425	1.41511e-05
0.548784	2.04861e-05
0.580143	2.94248e-05
0.611502	4.1933e-05
0.642861	5.92905e-05
0.674221	8.31766e-05
0.70558	0.000115772
0.736939	0.000159881
0.768298	0.000219067
0.799657	0.000297815
0.831016	0.000401701
0.862375	0.000537588
0.893734	0.000713814
0.925093	0.000940397
0.956452	0.00122921
0.987811	0.00159417
1.01917	0.00205132
1.05053	0.00261892
1.08189	0.00331746
1.11325	0.00416948
1.14461	0.00519939
1.17597	0.00643306
1.20733	0.0078973
1.23868	0.00961914
1.27004	0.011625
1.3014	0.0139395
1.33276	0.0165846
1.36412	0.0195777
1.39548	0.0229311
1.42684	0.0266498
1.4582	0.0307306
1.48956	0.0351609
1.52092	0.0399174
1.55228	0.0449658
1.58363	0.0502601
1.61499	0.055743
1.64635	0.0613462
1.67771	0.066992
1.70907	0.0725942
1.74043	0.0780609
1.77179	0.0832967
1.80315	0.0882058
1.83451	0.092695
1.86587	0.0966767
1.89723	0.100073
1.92858	0.102817
1.95994	0.104859
1.9913	0.106162
2.02266	0.106716
2.05402	0.106509
2.08538	0.105516
2.11674	0.103732
2.1481	0.101179
2.17946	0.0979052
2.21082	0.0939886
2.24218	0.089538
2.27353	0.0846939
2.30489	0.0796275
2.33625	0.0745396
2.36761	0.0696564
2.39897	0.0652258
2.43033	0.0615099
2.46169	0.0587769
2.49305	0.0572893
2.50873	0.0572893
