-0.0156795	0.17347
0.0156795	0.17347
0.0470386	0.172494
0.0783977	0.170557
0.109757	0.167689
0.141116	0.163931
0.172475	0.159341
0.203834	0.153986
0.235193	0.147946
0.266552	0.141306
0.297911	0.134162
0.32927	0.126613
0.36063	0.118761
0.391989	0.110709
0.423348	0.102559
0.454707	0.0944074
0.486066	0.0863473
0.517425	0.078463
0.548784	0.0708307
0.580143	0.063516
0.611502	0.0565741
0.642861	0.0500488
0.674221	0.0439723
0.70558	0.038366
0.736939	0.0332403
0.768298	0.0285963
0.799657	0.0244262
0.831016	0.0207147
0.862375	0.0174404
0.893734	0.0145769
0.925093	0.0120946
0.956452	0.00996116
0.987811	0.00814343
1.01917	0.00660797
1.05053	0.00532202
1.08189	0.00425421
1.11325	0.00337507
1.14461	0.0026574
1.17597	0.00207649
1.20733	0.00161025
1.23868	0.00123918
1.27004	0.000946347
1.3014	0.000717183
1.33276	0.000539345
1.36412	0.00040249
1.39548	0.000298049
1.42684	0.000219008
1.4582	0.000159686
1.48956	0.000115533
1.52092	8.29409e-05
1.55228	5.9082e-05
1.58363	4.17599e-05
1.61499	2.92874e-05
1.64635	2.03804e-05
1.67771	1.4072e-05
1.70907	9.6407e-06
1.74043	6.55338e-06
1.77179	4.42004e-06
1.80315	2.95794e-06
1.83451	1.96408e-06
1.86587	1.2941e-06
1.89723	8.46155e-07
1.92858	5.49156e-07
1.95994	3.53961e-07
1.9913	2.26897e-07
2.02266	1.44593e-07
2.05402	9.07497e-08
2.08538	5.60554e-08
2.11674	3.40363e-08
2.1481	2.02885e-08
2.17946	1.18263e-08
2.21082	6.77536e-09
2.24218	3.84097e-09
2.27353	2.15438e-09
2.30489	1.19543e-09
2.33625	6.56141e-10
2.36761	3.56414e-10
2.39897	1.92383e-10
2.43033	1.04694e-10
2.46169	5.98463e-11
2.49305	4.07537e-11
2.50873	4.07537e-11
