-0.0156795	1.27008e-08
0.0156795	1.27008e-08
0.0470386	1.60644e-08
0.0783977	2.34631e-08
0.109757	3.64909e-08
0.141116	5.79329e-08
0.172475	9.22695e-08
0.203834	1.46395e-07
0.235193	2.30815e-07
0.266552	3.61273e-07
0.297911	5.61162e-07
0.32927	8.64903e-07
0.36063	1.32265e-06
0.391989	2.00686e-06
0.423348	3.02118e-06
0.454707	4.51257e-06
0.486066	6.68744e-06
0.517425	9.83293e-06
0.548784	1.43448e-05
0.580143	2.07631e-05
0.611502	2.9818e-05
0.642861	4.24866e-05
0.674221	6.0064e-05
0.70558	8.4249e-05
0.736939	0.000117248
0.768298	0.000161894
0.799657	0.000221793
0.831016	0.000301478
0.862375	0.000406585
0.893734	0.000544048
0.925093	0.000722293
0.956452	0.000951439
0.987811	0.00124348
1.01917	0.00161246
1.05053	0.00207459
1.08189	0.0026483
1.11325	0.00335426
1.14461	0.00421521
1.17597	0.00525579
1.20733	0.00650207
1.23868	0.00798109
1.27004	0.00972009
1.3014	0.0117457
1.33276	0.0140827
1.36412	0.0167531
1.39548	0.0197746
1.42684	0.0231594
1.4582	0.0269124
1.48956	0.0310305
1.52092	0.0355008
1.55228	0.0402998
1.58363	0.0453928
1.61499	0.0507336
1.64635	0.0562644
1.67771	0.0619164
1.70907	0.0676115
1.74043	0.0732632
1.77179	0.0787792
1.80315	0.0840639
1.83451	0.0890215
1.86587	0.0935589
1.89723	0.0975893
1.92858	0.101035
1.95994	0.103832
1.9913	0.10593
2.02266	0.107306
2.05402	0.107952
2.08538	0.107828
2.11674	0.106912
2.1481	0.105206
2.17946	0.102741
2.21082	0.0995792
2.24218	0.0958142
2.27353	0.0915759
2.30489	0.0870283
2.33625	0.0823693
2.36761	0.0778268
2.39897	0.0736539
2.43033	0.070121
2.46169	0.0675049
2.49305	0.066075
2.50873	0.066075
