-0.0156795	7.98462e-09
0.0156795	7.98462e-09
0.0470386	1.00891e-08
0.0783977	1.48527e-08
0.109757	2.32989e-08
0.141116	3.72823e-08
0.172475	5.97998e-08
0.203834	9.55479e-08
0.235193	1.51689e-07
0.266552	2.39067e-07
0.297911	3.7392e-07
0.32927	5.80316e-07
0.36063	8.93645e-07
0.391989	1.36542e-06
0.423348	2.06999e-06
0.454707	3.11363e-06
0.486066	4.6469e-06
0.517425	6.8811e-06
0.548784	1.01099e-05
0.580143	1.47379e-05
0.611502	2.13167e-05
0.642861	3.05915e-05
0.674221	4.35589e-05
0.70558	6.1539e-05
0.736939	8.62621e-05
0.768298	0.000119974
0.799657	0.000165557
0.831016	0.000226677
0.862375	0.000307938
0.893734	0.000415064
0.925093	0.00055509
0.956452	0.000736562
0.987811	0.000969734
1.01917	0.00126676
1.05053	0.00164184
1.08189	0.00211139
1.11325	0.00269404
1.14461	0.00341066
1.17597	0.00428422
1.20733	0.00533958
1.23868	0.00660302
1.27004	0.00810177
1.3014	0.00986327
1.33276	0.0119142
1.36412	0.0142796
1.39548	0.0169814
1.42684	0.0200373
1.4582	0.0234593
1.48956	0.0272523
1.52092	0.0314129
1.55228	0.0359278
1.58363	0.0407733
1.61499	0.0459142
1.64635	0.0513038
1.67771	0.0568839
1.70907	0.0625855
1.74043	0.0683298
1.77179	0.0740304
1.80315	0.0795948
1.83451	0.0849279
1.86587	0.0899341
1.89723	0.0945214
1.92858	0.0986041
1.95994	0.102106
1.9913	0.104966
2.02266	0.10715
2.05402	0.108658
2.08538	0.109433
2.11674	0.109436
2.1481	0.108652
2.17946	0.107093
2.21082	0.104803
2.24218	0.101857
2.27353	0.098371
2.30489	0.094496
2.33625	0.0904207
2.36761	0.0863676
2.39897	0.0825875
2.43033	0.0793508
2.46169	0.0769348
2.49305	0.0756079
2.50873	0.0756079
