-0.0156795	5.37288e-09
0.0156795	5.37288e-09
0.0470386	6.77294e-09
0.0783977	9.9248e-09
0.109757	1.56441e-08
0.141116	2.51657e-08
0.172475	4.05608e-08
0.203834	6.5094e-08
0.235193	1.038e-07
0.266552	1.64336e-07
0.297911	2.58221e-07
0.32927	4.02662e-07
0.36063	6.23087e-07
0.391989	9.56775e-07
0.423348	1.45787e-06
0.454707	2.20432e-06
0.486066	3.30729e-06
0.517425	4.92391e-06
0.548784	7.27423e-06
0.580143	1.06635e-05
0.611502	1.55114e-05
0.642861	2.2389e-05
0.674221	3.20665e-05
0.70558	4.55721e-05
0.736939	6.42652e-05
0.768298	8.99252e-05
0.799657	0.000124857
0.831016	0.000172017
0.862375	0.000235156
0.893734	0.00031898
0.925093	0.000429333
0.956452	0.000573385
0.987811	0.000759837
1.01917	0.000999114
1.05053	0.00130356
1.08189	0.00168758
1.11325	0.00216779
1.14461	0.00276305
1.17597	0.00349445
1.20733	0.00438517
1.23868	0.00546026
1.27004	0.00674619
1.3014	0.00827032
1.33276	0.0100602
1.36412	0.0121425
1.39548	0.0145422
1.42684	0.0172813
1.4582	0.0203772
1.48956	0.0238417
1.52092	0.0276794
1.55228	0.0318864
1.58363	0.0364492
1.61499	0.0413435
1.64635	0.0465338
1.67771	0.0519729
1.70907	0.0576022
1.74043	0.0633526
1.77179	0.0691455
1.80315	0.0748943
1.83451	0.0805074
1.86587	0.0858903
1.89723	0.0909488
1.92858	0.0955925
1.95994	0.0997379
1.9913	0.103312
2.02266	0.106276
2.05402	0.108634
2.08538	0.110319
2.11674	0.111277
2.1481	0.111475
2.17946	0.110905
2.21082	0.109591
2.24218	0.107591
2.27353	0.104999
2.30489	0.101949
2.33625	0.0986142
2.36761	0.0952039
2.39897	0.0919577
2.43033	0.0891368
2.46169	0.0870097
2.49305	0.0858344
2.50873	0.0858344
