-0.0156795	3.61273e-08
0.0156795	3.61273e-08
0.0470386	4.26337e-08
0.0783977	5.66169e-08
0.109757	8.01107e-08
0.141116	1.16468e-07
0.172475	1.70698e-07
0.203834	2.5001e-07
0.235193	3.64518e-07
0.266552	5.28231e-07
0.297911	7.60269e-07
0.32927	1.08656e-06
0.36063	1.54186e-06
0.391989	2.17227e-06
0.423348	3.03854e-06
0.454707	4.22006e-06
0.486066	5.81972e-06
0.517425	7.96972e-06
0.548784	1.08386e-05
0.580143	1.46394e-05
0.611502	1.96396e-05
0.642861	2.61727e-05
0.674221	3.46508e-05
0.70558	4.55808e-05
0.736939	5.95812e-05
0.768298	7.74031e-05
0.799657	9.99537e-05
0.831016	0.000128323
0.862375	0.000163815
0.893734	0.000207986
0.925093	0.000262685
0.956452	0.000330106
0.987811	0.000412845
1.01917	0.000513969
1.05053	0.000637099
1.08189	0.0007865
1.11325	0.000967188
1.14461	0.00118505
1.17597	0.00144699
1.20733	0.00176106
1.23868	0.00213661
1.27004	0.00258446
1.3014	0.00311705
1.33276	0.00374859
1.36412	0.00449511
1.39548	0.00537461
1.42684	0.006407
1.4582	0.00761407
1.48956	0.0090193
1.52092	0.0106476
1.55228	0.0125248
1.58363	0.0146772
1.61499	0.0171311
1.64635	0.0199114
1.67771	0.0230411
1.70907	0.0265403
1.74043	0.0304246
1.77179	0.0347046
1.80315	0.0393843
1.83451	0.0444604
1.86587	0.0499213
1.89723	0.0557466
1.92858	0.0619066
1.95994	0.0683624
1.9913	0.0750662
2.02266	0.0820106
2.05402	0.0893148
2.08538	0.096926
2.11674	0.104778
2.1481	0.112791
2.17946	0.120872
2.21082	0.128917
2.24218	0.136809
2.27353	0.144424
2.30489	0.151626
2.33625	0.158276
2.36761	0.164226
2.39897	0.169324
2.43033	0.173411
2.46169	0.176319
2.49305	0.177869
2.50873	0.177869
