-0.0156795	2.34798e-08
0.0156795	2.34798e-08
0.0470386	2.78753e-08
0.0783977	3.73395e-08
0.109757	5.33384e-08
0.141116	7.82439e-08
0.172475	1.15677e-07
0.203834	1.70862e-07
0.235193	2.51222e-07
0.266552	3.6713e-07
0.297911	5.32947e-07
0.32927	7.68349e-07
0.36063	1.09993e-06
0.391989	1.5635e-06
0.423348	2.20691e-06
0.454707	3.09353e-06
0.486066	4.30666e-06
0.517425	5.95499e-06
0.548784	8.1793e-06
0.580143	1.11606e-05
0.611502	1.51303e-05
0.642861	2.0382e-05
0.674221	2.72859e-05
0.70558	3.63066e-05
0.736939	4.80233e-05
0.768298	6.3155e-05
0.799657	8.25892e-05
0.831016	0.000107417
0.862375	0.000138976
0.893734	0.000178895
0.925093	0.000229156
0.956452	0.000292158
0.987811	0.000370796
1.01917	0.000468554
1.05053	0.000589602
1.08189	0.000738919
1.11325	0.00092242
1.14461	0.0011471
1.17597	0.00142116
1.20733	0.00175422
1.23868	0.00215741
1.27004	0.00264352
1.3014	0.00322719
1.33276	0.00392489
1.36412	0.00475505
1.39548	0.00573798
1.42684	0.00689579
1.4582	0.00825213
1.48956	0.00983192
1.52092	0.0116608
1.55228	0.0137646
1.58363	0.0161687
1.61499	0.0188967
1.64635	0.02197
1.67771	0.0254064
1.70907	0.0292191
1.74043	0.0334154
1.77179	0.0379958
1.80315	0.042953
1.83451	0.0482712
1.86587	0.0539254
1.89723	0.0598816
1.92858	0.0660967
1.95994	0.0725192
1.9913	0.07909
2.02266	0.0857907
2.05402	0.0927236
2.08538	0.0998234
2.11674	0.107015
2.1481	0.114215
2.17946	0.121331
2.21082	0.128267
2.24218	0.134925
2.27353	0.141206
2.30489	0.147014
2.33625	0.152257
2.36761	0.156847
2.39897	0.160701
2.43033	0.163736
2.46169	0.165865
2.49305	0.166991
2.50873	0.166991
