-0.0156795	0.164839
0.0156795	0.164839
0.0470386	0.164043
0.0783977	0.162461
0.109757	0.160108
0.141116	0.157011
0.172475	0.153203
0.203834	0.148728
0.235193	0.143636
0.266552	0.137985
0.297911	0.131841
0.32927	0.125275
0.36063	0.118365
0.391989	0.11119
0.423348	0.103834
0.454707	0.0963808
0.486066	0.0889124
0.517425	0.0815084
0.548784	0.0742436
0.580143	0.0671868
0.611502	0.0603989
0.642861	0.0539326
0.674221	0.047831
0.70558	0.0421272
0.736939	0.0368448
0.768298	0.0319975
0.799657	0.0275899
0.831016	0.0236184
0.862375	0.020072
0.893734	0.0169335
0.925093	0.0141806
0.956452	0.0117873
0.987811	0.00972505
1.01917	0.00796353
1.05053	0.00647205
1.08189	0.0052202
1.11325	0.00417857
1.14461	0.00331936
1.17597	0.00261671
1.20733	0.00204702
1.23868	0.00158908
1.27004	0.0012241
1.3014	0.000935694
1.33276	0.00070972
1.36412	0.000534159
1.39548	0.000398916
1.42684	0.000295607
1.4582	0.000217352
1.48956	0.000158573
1.52092	0.00011479
1.55228	8.24499e-05
1.58363	5.87599e-05
1.61499	4.15503e-05
1.64635	2.91521e-05
1.67771	2.02938e-05
1.70907	1.40171e-05
1.74043	9.60607e-06
1.77179	6.53175e-06
1.80315	4.40667e-06
1.83451	2.94986e-06
1.86587	1.95937e-06
1.89723	1.29149e-06
1.92858	8.44943e-07
1.95994	5.48992e-07
1.9913	3.54752e-07
2.02266	2.27878e-07
2.05402	1.44193e-07
2.08538	8.98063e-08
2.11674	5.50068e-08
2.1481	3.30981e-08
2.17946	1.95273e-08
2.21082	1.12571e-08
2.24218	6.38033e-09
2.27353	3.57626e-09
2.30489	1.98209e-09
2.33625	1.08622e-09
2.36761	5.89122e-10
2.39897	3.17479e-10
2.43033	1.72057e-10
2.46169	9.77987e-11
2.49305	6.6339e-11
2.50873	6.6339e-11
