-0.0156795	8.40227e-08
0.0156795	8.40227e-08
0.0470386	9.80524e-08
0.0783977	1.27999e-07
0.109757	1.77859e-07
0.141116	2.5408e-07
0.172475	3.66221e-07
0.203834	5.2781e-07
0.235193	7.57493e-07
0.266552	1.08063e-06
0.297911	1.53117e-06
0.32927	2.15418e-06
0.36063	3.00882e-06
0.391989	4.17206e-06
0.423348	5.7431e-06
0.454707	7.84849e-06
0.486066	1.06483e-05
0.517425	1.43432e-05
0.548784	1.91823e-05
0.580143	2.54721e-05
0.611502	3.35864e-05
0.642861	4.39766e-05
0.674221	5.71831e-05
0.70558	7.38473e-05
0.736939	9.47241e-05
0.768298	0.000120694
0.799657	0.000152778
0.831016	0.000192147
0.862375	0.000240142
0.893734	0.000298283
0.925093	0.000368293
0.956452	0.00045211
0.987811	0.000551918
1.01917	0.000670178
1.05053	0.00080966
1.08189	0.000973501
1.11325	0.00116527
1.14461	0.00138903
1.17597	0.00164947
1.20733	0.001952
1.23868	0.0023029
1.27004	0.00270951
1.3014	0.00318036
1.33276	0.00372542
1.36412	0.0043563
1.39548	0.00508644
1.42684	0.0059313
1.4582	0.00690854
1.48956	0.00803812
1.52092	0.00934232
1.55228	0.0108457
1.58363	0.0125749
1.61499	0.0145583
1.64635	0.0168258
1.67771	0.0194077
1.70907	0.0223344
1.74043	0.025635
1.77179	0.0293368
1.80315	0.0334632
1.83451	0.0380331
1.86587	0.0430594
1.89723	0.0485472
1.92858	0.0544933
1.95994	0.0608844
1.9913	0.0676964
2.02266	0.0749447
2.05402	0.082781
2.08538	0.0911795
2.11674	0.100096
2.1481	0.109464
2.17946	0.119195
2.21082	0.129174
2.24218	0.139257
2.27353	0.149273
2.30489	0.159019
2.33625	0.168262
2.36761	0.176742
2.39897	0.184171
2.43033	0.190239
2.46169	0.19462
2.49305	0.196979
2.50873	0.196979
