-0.0156795	9.93362e-09
0.0156795	9.93362e-09
0.0470386	1.19494e-08
0.0783977	1.63187e-08
0.109757	2.38055e-08
0.141116	3.56369e-08
0.172475	5.37587e-08
0.203834	8.10199e-08
0.235193	1.21605e-07
0.266552	1.81554e-07
0.297911	2.69312e-07
0.32927	3.96848e-07
0.36063	5.80955e-07
0.391989	8.44974e-07
0.423348	1.22116e-06
0.454707	1.75376e-06
0.486066	2.50308e-06
0.517425	3.55089e-06
0.548784	5.00723e-06
0.580143	7.01942e-06
0.611502	9.7835e-06
0.642861	1.35587e-05
0.674221	1.86861e-05
0.70558	2.56115e-05
0.736939	3.49145e-05
0.768298	4.73441e-05
0.799657	6.38625e-05
0.831016	8.56987e-05
0.862375	0.000114412
0.893734	0.00015197
0.925093	0.000200836
0.956452	0.000264076
0.987811	0.000345478
1.01917	0.000449686
1.05053	0.000582349
1.08189	0.000750281
1.11325	0.000961632
1.14461	0.00122606
1.17597	0.00155488
1.20733	0.00196125
1.23868	0.00246024
1.27004	0.00306898
1.3014	0.0038066
1.33276	0.00469423
1.36412	0.00575482
1.39548	0.00701289
1.42684	0.00849407
1.4582	0.0102246
1.48956	0.0122307
1.52092	0.0145375
1.55228	0.0171684
1.58363	0.0201436
1.61499	0.0234791
1.64635	0.0271856
1.67771	0.0312669
1.70907	0.0357192
1.74043	0.0405301
1.77179	0.0456773
1.80315	0.0511289
1.83451	0.056843
1.86587	0.0627682
1.89723	0.0688441
1.92858	0.0750031
1.95994	0.0811719
1.9913	0.0872737
2.02266	0.0932723
2.05402	0.099236
2.08538	0.105082
2.11674	0.110725
2.1481	0.116081
2.17946	0.121068
2.21082	0.125616
2.24218	0.129667
2.27353	0.13318
2.30489	0.136136
2.33625	0.138539
2.36761	0.140414
2.39897	0.141809
2.43033	0.142781
2.46169	0.143392
2.49305	0.143689
2.50873	0.143689
