-0.0156795	5.52812e-08
0.0156795	5.52812e-08
0.0470386	6.48688e-08
0.0783977	8.54049e-08
0.109757	1.19747e-07
0.141116	1.72565e-07
0.172475	2.50801e-07
0.203834	3.64354e-07
0.235193	5.27019e-07
0.266552	7.57657e-07
0.297911	1.08184e-06
0.32927	1.53378e-06
0.36063	2.1589e-06
0.391989	3.0169e-06
0.423348	4.18543e-06
0.454707	5.76474e-06
0.486066	7.88312e-06
0.517425	1.07033e-05
0.548784	1.44298e-05
0.580143	1.93176e-05
0.611502	2.56817e-05
0.642861	3.39085e-05
0.674221	4.44676e-05
0.70558	5.79254e-05
0.736939	7.49605e-05
0.768298	9.63799e-05
0.799657	0.000123137
0.831016	0.000156352
0.862375	0.000197333
0.893734	0.000247605
0.925093	0.000308936
0.956452	0.000383373
0.987811	0.000473279
1.01917	0.000581391
1.05053	0.000710868
1.08189	0.000865368
1.11325	0.00104913
1.14461	0.00126709
1.17597	0.00152495
1.20733	0.00182938
1.23868	0.00218811
1.27004	0.00261013
1.3014	0.00310586
1.33276	0.00368728
1.36412	0.00436815
1.39548	0.00516414
1.42684	0.0060929
1.4582	0.00717417
1.48956	0.00842972
1.52092	0.00988325
1.55228	0.0115602
1.58363	0.0134872
1.61499	0.015692
1.64635	0.0182022
1.67771	0.0210452
1.70907	0.0242466
1.74043	0.0278294
1.77179	0.0318131
1.80315	0.036212
1.83451	0.0410344
1.86587	0.0462816
1.89723	0.0519463
1.92858	0.0580122
1.95994	0.0644536
1.9913	0.0712345
2.02266	0.0783587
2.05402	0.0859625
2.08538	0.0940062
2.11674	0.102434
2.1481	0.111173
2.17946	0.12013
2.21082	0.129196
2.24218	0.138239
2.27353	0.147109
2.30489	0.155637
2.33625	0.163633
2.36761	0.170893
2.39897	0.177196
2.43033	0.182305
2.46169	0.185972
2.49305	0.187938
2.50873	0.187938
