-0.0156795	1.52278e-08
0.0156795	1.52278e-08
0.0470386	1.81856e-08
0.0783977	2.45969e-08
0.109757	3.54726e-08
0.141116	5.2547e-08
0.172475	7.84081e-08
0.203834	1.16889e-07
0.235193	1.73474e-07
0.266552	2.55938e-07
0.297911	3.7521e-07
0.32927	5.46321e-07
0.36063	7.89987e-07
0.391989	1.13457e-06
0.423348	1.61849e-06
0.454707	2.2935e-06
0.486066	3.22879e-06
0.517425	4.51624e-06
0.548784	6.27709e-06
0.580143	8.67029e-06
0.611502	1.1903e-05
0.642861	1.62435e-05
0.674221	2.20377e-05
0.70558	2.97285e-05
0.736939	3.98804e-05
0.768298	5.32094e-05
0.799657	7.06186e-05
0.831016	9.32423e-05
0.862375	0.000122497
0.893734	0.000160146
0.925093	0.000208368
0.956452	0.000269846
0.987811	0.000347866
1.01917	0.000446429
1.05053	0.000570373
1.08189	0.000725522
1.11325	0.000918827
1.14461	0.00115853
1.17597	0.00145433
1.20733	0.00181751
1.23868	0.00226114
1.27004	0.00280014
1.3014	0.00345136
1.33276	0.00423365
1.36412	0.00516776
1.39548	0.00627622
1.42684	0.00758311
1.4582	0.00911363
1.48956	0.0108936
1.52092	0.012949
1.55228	0.0153047
1.58363	0.0179841
1.61499	0.0210076
1.64635	0.0243917
1.67771	0.028148
1.70907	0.0322816
1.74043	0.0367904
1.77179	0.0416639
1.80315	0.0468827
1.83451	0.052418
1.86587	0.0582315
1.89723	0.0642755
1.92858	0.0704942
1.95994	0.0768243
1.9913	0.0831969
2.02266	0.0895839
2.05402	0.0960703
2.08538	0.102581
2.11674	0.109034
2.1481	0.115343
2.17946	0.121422
2.21082	0.127185
2.24218	0.132553
2.27353	0.137456
2.30489	0.141836
2.33625	0.145651
2.36761	0.14887
2.39897	0.151477
2.43033	0.153464
2.46169	0.15482
2.49305	0.155524
2.50873	0.155524
