-0.0156795	1.26794e-07
0.0156795	1.26794e-07
0.0470386	1.47153e-07
0.0783977	1.90506e-07
0.109757	2.62332e-07
0.141116	3.71515e-07
0.172475	5.31089e-07
0.203834	7.5936e-07
0.235193	1.08142e-06
0.266552	1.53101e-06
0.297911	2.15297e-06
0.32927	3.00621e-06
0.36063	4.16734e-06
0.391989	5.73502e-06
0.423348	7.83512e-06
0.454707	1.06267e-05
0.486066	1.43085e-05
0.517425	1.91273e-05
0.548784	2.53855e-05
0.580143	3.34511e-05
0.611502	4.3767e-05
0.642861	5.6861e-05
0.674221	7.33564e-05
0.70558	9.39818e-05
0.736939	0.000119581
0.768298	0.000151122
0.799657	0.000189704
0.831016	0.000236568
0.862375	0.000293097
0.893734	0.000360829
0.925093	0.000441456
0.956452	0.000536838
0.987811	0.000649008
1.01917	0.000780187
1.05053	0.000932811
1.08189	0.00110956
1.11325	0.0013134
1.14461	0.00154765
1.17597	0.00181608
1.20733	0.002123
1.23868	0.0024734
1.27004	0.00287313
1.3014	0.00332907
1.33276	0.00384938
1.36412	0.00444371
1.39548	0.00512347
1.42684	0.00590208
1.4582	0.00679525
1.48956	0.00782114
1.52092	0.00900056
1.55228	0.010357
1.58363	0.0119168
1.61499	0.0137087
1.64635	0.0157638
1.67771	0.0181149
1.70907	0.0207962
1.74043	0.0238417
1.77179	0.0272852
1.80315	0.031158
1.83451	0.0354881
1.86587	0.0402988
1.89723	0.0456064
1.92858	0.0514194
1.95994	0.0577361
1.9913	0.0645439
2.02266	0.0718688
2.05402	0.0798767
2.08538	0.0885547
2.11674	0.0978698
2.1481	0.107765
2.17946	0.118154
2.21082	0.12892
2.24218	0.139909
2.27353	0.150931
2.30489	0.161754
2.33625	0.172107
2.36761	0.181677
2.39897	0.190117
2.43033	0.197049
2.46169	0.202075
2.49305	0.204787
2.50873	0.204787
