-0.0156795	1.89924e-07
0.0156795	1.89924e-07
0.0470386	2.19248e-07
0.0783977	2.81486e-07
0.109757	3.84163e-07
0.141116	5.39341e-07
0.172475	7.64654e-07
0.203834	1.0847e-06
0.235193	1.53288e-06
0.266552	2.15376e-06
0.297911	3.00605e-06
0.32927	4.16613e-06
0.36063	5.73241e-06
0.391989	7.8304e-06
0.423348	1.06186e-05
0.454707	1.42952e-05
0.486066	1.91057e-05
0.517425	2.53509e-05
0.548784	3.33962e-05
0.580143	4.36804e-05
0.611502	5.67257e-05
0.642861	7.31468e-05
0.674221	9.36597e-05
0.70558	0.00011909
0.736939	0.00015038
0.768298	0.000188591
0.799657	0.000234912
0.831016	0.000290655
0.862375	0.000357255
0.893734	0.00043627
0.925093	0.000529375
0.956452	0.000638355
0.987811	0.000765107
1.01917	0.000911641
1.05053	0.00108008
1.08189	0.00127271
1.11325	0.00149194
1.14461	0.00174045
1.17597	0.00202118
1.20733	0.00233748
1.23868	0.00269322
1.27004	0.00309296
1.3014	0.00354215
1.33276	0.00404736
1.36412	0.00461655
1.39548	0.00525935
1.42684	0.00598742
1.4582	0.00681468
1.48956	0.00775769
1.52092	0.00883586
1.55228	0.0100717
1.58363	0.0114909
1.61499	0.0131223
1.64635	0.0149979
1.67771	0.0171523
1.70907	0.0196223
1.74043	0.0224463
1.77179	0.0256629
1.80315	0.0293101
1.83451	0.0334236
1.86587	0.0380352
1.89723	0.0431709
1.92858	0.0488492
1.95994	0.0550789
1.9913	0.0618574
2.02266	0.06922
2.05402	0.0773447
2.08538	0.0862305
2.11674	0.095855
2.1481	0.106169
2.17946	0.11709
2.21082	0.128501
2.24218	0.14024
2.27353	0.152102
2.30489	0.163831
2.33625	0.17512
2.36761	0.185615
2.39897	0.194915
2.43033	0.202585
2.46169	0.208162
2.49305	0.211178
2.50873	0.211178
