-0.0156795	6.6552e-09
0.0156795	6.6552e-09
0.0470386	8.06676e-09
0.0783977	1.1158e-08
0.109757	1.6483e-08
0.141116	2.50172e-08
0.172475	3.82486e-08
0.203834	5.84749e-08
0.235193	8.90996e-08
0.266552	1.34979e-07
0.297911	2.03192e-07
0.32927	3.03946e-07
0.36063	4.51835e-07
0.391989	6.6755e-07
0.423348	9.80241e-07
0.454707	1.43075e-06
0.486066	2.07585e-06
0.517425	2.99407e-06
0.548784	4.29322e-06
0.580143	6.12044e-06
0.611502	8.67518e-06
0.642861	1.22261e-05
0.674221	1.71325e-05
0.70558	2.38722e-05
0.736939	3.30752e-05
0.768298	4.55677e-05
0.799657	6.24241e-05
0.831016	8.50324e-05
0.862375	0.000115171
0.893734	0.000155102
0.925093	0.000207678
0.956452	0.000276468
0.987811	0.000365896
1.01917	0.000481399
1.05053	0.000629594
1.08189	0.000818459
1.11325	0.00105751
1.14461	0.00135798
1.17597	0.00173298
1.20733	0.00219761
1.23868	0.00276908
1.27004	0.0034667
1.3014	0.00431185
1.33276	0.00532777
1.36412	0.00653936
1.39548	0.00797267
1.42684	0.0096544
1.4582	0.0116111
1.48956	0.0138685
1.52092	0.0164501
1.55228	0.0193764
1.58363	0.0226635
1.61499	0.0263216
1.64635	0.0303543
1.67771	0.0347568
1.70907	0.0395153
1.74043	0.0446061
1.77179	0.049995
1.80315	0.0556375
1.83451	0.061479
1.86587	0.0674556
1.89723	0.0734958
1.92858	0.0795218
1.95994	0.0854525
1.9913	0.0912055
2.02266	0.096739
2.05402	0.102105
2.08538	0.107218
2.11674	0.11199
2.1481	0.116343
2.17946	0.120204
2.21082	0.12352
2.24218	0.126255
2.27353	0.128398
2.30489	0.129967
2.33625	0.13101
2.36761	0.131603
2.39897	0.131849
2.43033	0.131867
2.46169	0.13178
2.49305	0.131699
2.50873	0.131699
