-0.0156795	4.78834e-09
0.0156795	4.78834e-09
0.0470386	5.8638e-09
0.0783977	8.23103e-09
0.109757	1.23697e-08
0.141116	1.90947e-08
0.172475	2.97334e-08
0.203834	4.63283e-08
0.235193	7.1849e-08
0.266552	1.10738e-07
0.297911	1.69613e-07
0.32927	2.58179e-07
0.36063	3.90541e-07
0.391989	5.87103e-07
0.423348	8.77134e-07
0.454707	1.30234e-06
0.486066	1.92173e-06
0.517425	2.81819e-06
0.548784	4.10728e-06
0.580143	5.94898e-06
0.611502	8.56302e-06
0.642861	1.2249e-05
0.674221	1.74121e-05
0.70558	2.45962e-05
0.736939	3.45253e-05
0.768298	4.81553e-05
0.799657	6.67376e-05
0.831016	9.18966e-05
0.862375	0.000125722
0.893734	0.00017088
0.925093	0.000230734
0.956452	0.000309498
0.987811	0.000412388
1.01917	0.000545804
1.05053	0.000717509
1.08189	0.000936824
1.11325	0.00121481
1.14461	0.00156443
1.17597	0.00200071
1.20733	0.00254081
1.23868	0.00320407
1.27004	0.00401195
1.3014	0.00498788
1.33276	0.00615697
1.36412	0.00754562
1.39548	0.00918087
1.42684	0.0110897
1.4582	0.0132983
1.48956	0.0158306
1.52092	0.0187074
1.55228	0.0219452
1.58363	0.0255544
1.61499	0.0295386
1.64635	0.0338929
1.67771	0.0386027
1.70907	0.0436437
1.74043	0.0489803
1.77179	0.0545664
1.80315	0.0603452
1.83451	0.0662502
1.86587	0.0722066
1.89723	0.0781333
1.92858	0.0839451
1.95994	0.0895554
1.9913	0.0948792
2.02266	0.0998714
2.05402	0.10457
2.08538	0.108888
2.11674	0.112741
2.1481	0.116058
2.17946	0.11878
2.21082	0.120871
2.24218	0.122318
2.27353	0.123141
2.30489	0.123392
2.33625	0.123157
2.36761	0.122559
2.39897	0.121748
2.43033	0.120894
2.46169	0.120174
2.49305	0.119752
2.50873	0.119752
