-0.0156795	4.16711e-07
0.0156795	4.16711e-07
0.0470386	4.76034e-07
0.0783977	6.01266e-07
0.109757	8.06043e-07
0.141116	1.11211e-06
0.172475	1.55082e-06
0.203834	2.16529e-06
0.235193	3.01321e-06
0.266552	4.1702e-06
0.297911	5.73411e-06
0.32927	7.82998e-06
0.36063	1.06158e-05
0.391989	1.42892e-05
0.423348	1.9095e-05
0.454707	2.53328e-05
0.486066	3.33664e-05
0.517425	4.36324e-05
0.548784	5.66491e-05
0.580143	7.30255e-05
0.611502	9.34694e-05
0.642861	0.000118794
0.674221	0.000149922
0.70558	0.000187891
0.736939	0.000233848
0.768298	0.00028905
0.799657	0.000354857
0.831016	0.000432715
0.862375	0.000524145
0.893734	0.000630726
0.925093	0.00075407
0.956452	0.000895802
0.987811	0.00105754
1.01917	0.00124088
1.05053	0.00144739
1.08189	0.00167859
1.11325	0.001936
1.14461	0.00222116
1.17597	0.00253569
1.20733	0.00288141
1.23868	0.00326042
1.27004	0.00367533
1.3014	0.00412941
1.33276	0.0046269
1.36412	0.00517327
1.39548	0.0057756
1.42684	0.00644294
1.4582	0.00718667
1.48956	0.00802099
1.52092	0.00896324
1.55228	0.0100343
1.58363	0.0112588
1.61499	0.0126656
1.64635	0.0142874
1.67771	0.0161609
1.70907	0.0183264
1.74043	0.0208273
1.77179	0.0237092
1.80315	0.0270183
1.83451	0.0308007
1.86587	0.0351
1.89723	0.0399553
1.92858	0.0453993
1.95994	0.0514552
1.9913	0.0581348
2.02266	0.065487
2.05402	0.0737051
2.08538	0.0828059
2.11674	0.0927825
2.1481	0.103598
2.17946	0.115177
2.21082	0.127404
2.24218	0.140108
2.27353	0.153063
2.30489	0.165981
2.33625	0.178512
2.36761	0.190241
2.39897	0.200696
2.43033	0.209359
2.46169	0.21568
2.49305	0.219106
2.50873	0.219106
