-0.0156795	8.87376e-07
0.0156795	8.87376e-07
0.0470386	1.00351e-06
0.0783977	1.24733e-06
0.109757	1.64269e-06
0.141116	2.22722e-06
0.172475	3.0546e-06
0.203834	4.1976e-06
0.235193	5.75205e-06
0.266552	7.84151e-06
0.297911	1.0623e-05
0.32927	1.42933e-05
0.36063	1.90967e-05
0.391989	2.53324e-05
0.423348	3.33637e-05
0.454707	4.36265e-05
0.486066	5.66384e-05
0.517425	7.30074e-05
0.548784	9.34397e-05
0.580143	0.000118746
0.611502	0.000149846
0.642861	0.000187769
0.674221	0.000233658
0.70558	0.000288754
0.736939	0.0003544
0.768298	0.000432014
0.799657	0.000523081
0.831016	0.000629122
0.862375	0.000751672
0.893734	0.000892246
0.925093	0.00105231
0.956452	0.00123325
0.987811	0.00143635
1.01917	0.00166275
1.05053	0.00191345
1.08189	0.00218933
1.11325	0.00249114
1.14461	0.00281955
1.17597	0.00317524
1.20733	0.00355901
1.23868	0.00397188
1.27004	0.00441534
1.3014	0.00489154
1.33276	0.00540357
1.36412	0.0059558
1.39548	0.00655421
1.42684	0.00720684
1.4582	0.00792416
1.48956	0.00871954
1.52092	0.00960966
1.55228	0.0106149
1.58363	0.0117598
1.61499	0.0130729
1.64635	0.0145874
1.67771	0.0163407
1.70907	0.0183742
1.74043	0.0207329
1.77179	0.0234642
1.80315	0.0266172
1.83451	0.0302408
1.86587	0.0343824
1.89723	0.039085
1.92858	0.0443856
1.95994	0.050312
1.9913	0.0568807
2.02266	0.0641444
2.05402	0.0722993
2.08538	0.0813677
2.11674	0.0913479
2.1481	0.102207
2.17946	0.113875
2.21082	0.126235
2.24218	0.139117
2.27353	0.15229
2.30489	0.16546
2.33625	0.178264
2.36761	0.190272
2.39897	0.200994
2.43033	0.20989
2.46169	0.216389
2.49305	0.219913
2.50873	0.219913
