-0.0156795	1.83413e-06
0.0156795	1.83413e-06
0.0470386	2.05403e-06
0.0783977	2.51333e-06
0.109757	3.25206e-06
0.141116	4.33283e-06
0.172475	5.84392e-06
0.203834	7.90343e-06
0.235193	1.06644e-05
0.266552	1.43207e-05
0.297911	1.91146e-05
0.32927	2.53439e-05
0.36063	3.33708e-05
0.391989	4.36305e-05
0.423348	5.66401e-05
0.454707	7.3007e-05
0.486066	9.3437e-05
0.517425	0.00011874
0.548784	0.000149835
0.580143	0.000187751
0.611502	0.000233628
0.642861	0.000288706
0.674221	0.000354323
0.70558	0.000431893
0.736939	0.000522891
0.768298	0.000628826
0.799657	0.000751214
0.831016	0.000891546
0.862375	0.00105125
0.893734	0.00123165
0.925093	0.00143395
0.956452	0.00165919
0.987811	0.00190822
1.01917	0.0021817
1.05053	0.0024801
1.08189	0.00280371
1.11325	0.0031527
1.14461	0.00352718
1.17597	0.00392733
1.20733	0.00435348
1.23868	0.00480636
1.27004	0.00528725
1.3014	0.00579827
1.33276	0.00634266
1.36412	0.00692511
1.39548	0.00755213
1.42684	0.0082324
1.4582	0.0089772
1.48956	0.00980077
1.52092	0.0107207
1.55228	0.0117581
1.58363	0.0129382
1.61499	0.01429
1.64635	0.0158466
1.67771	0.0176449
1.70907	0.0197252
1.74043	0.0221305
1.77179	0.0249059
1.80315	0.028097
1.83451	0.0317485
1.86587	0.0359028
1.89723	0.0405976
1.92858	0.0458638
1.95994	0.0517234
1.9913	0.0581867
2.02266	0.0653
2.05402	0.073249
2.08538	0.0820485
2.11674	0.0916905
2.1481	0.102138
2.17946	0.113317
2.21082	0.125114
2.24218	0.137364
2.27353	0.14985
2.30489	0.162293
2.33625	0.174357
2.36761	0.185643
2.39897	0.195699
2.43033	0.204028
2.46169	0.210105
2.49305	0.213397
2.50873	0.213397
