-0.0156795	5.15502e-06
0.0156795	5.15502e-06
0.0470386	5.69314e-06
0.0783977	6.80888e-06
0.109757	8.58268e-06
0.141116	1.11388e-05
0.172475	1.46496e-05
0.203834	1.93408e-05
0.235193	2.54983e-05
0.266552	3.34753e-05
0.297911	4.37007e-05
0.32927	5.66868e-05
0.36063	7.30377e-05
0.391989	9.34568e-05
0.423348	0.000118752
0.454707	0.000149842
0.486066	0.000187754
0.517425	0.000233627
0.548784	0.000288701
0.580143	0.000354312
0.611502	0.000431874
0.642861	0.000522858
0.674221	0.000628773
0.70558	0.00075113
0.736939	0.000891411
0.768298	0.00105104
0.799657	0.00123132
0.831016	0.00143344
0.862375	0.0016584
0.893734	0.00190702
0.925093	0.00217989
0.956452	0.00247738
0.987811	0.00279966
1.01917	0.00314673
1.05053	0.00351844
1.08189	0.00391463
1.11325	0.0043352
1.14461	0.00478024
1.17597	0.00525024
1.20733	0.00574626
1.23868	0.00627015
1.27004	0.00682485
1.3014	0.00741464
1.33276	0.0080454
1.36412	0.00872496
1.39548	0.00946333
1.42684	0.010273
1.4582	0.0111692
1.48956	0.0121698
1.52092	0.0132959
1.55228	0.0145714
1.58363	0.0160229
1.61499	0.0176796
1.64635	0.0195729
1.67771	0.0217356
1.70907	0.0242011
1.74043	0.027003
1.77179	0.0301733
1.80315	0.0337415
1.83451	0.0377333
1.86587	0.0421691
1.89723	0.0470624
1.92858	0.0524187
1.95994	0.0582339
1.9913	0.064493
2.02266	0.0712167
2.05402	0.0785534
2.08538	0.0864872
2.11674	0.0949834
2.1481	0.103986
2.17946	0.113413
2.21082	0.123156
2.24218	0.133074
2.27353	0.142996
2.30489	0.152712
2.33625	0.161984
2.36761	0.170536
2.39897	0.178062
2.43033	0.184234
2.46169	0.188703
2.49305	0.191113
2.50873	0.191113
