-0.0156795	3.67998e-06
0.0156795	3.67998e-06
0.0470386	4.08268e-06
0.0783977	4.91962e-06
0.109757	6.25527e-06
0.141116	8.18954e-06
0.172475	1.08618e-05
0.203834	1.44559e-05
0.235193	1.92065e-05
0.266552	2.54058e-05
0.297911	3.34122e-05
0.32927	4.36579e-05
0.36063	5.6658e-05
0.391989	7.30186e-05
0.423348	9.34441e-05
0.454707	0.000118744
0.486066	0.000149837
0.517425	0.000187751
0.548784	0.000233625
0.580143	0.0002887
0.611502	0.000354312
0.642861	0.000431875
0.674221	0.000522861
0.70558	0.000628778
0.736939	0.000751138
0.768298	0.000891424
0.799657	0.00105106
0.831016	0.00123135
0.862375	0.00143349
0.893734	0.00165849
0.925093	0.00190716
0.956452	0.0021801
0.987811	0.0024777
1.01917	0.00280016
1.05053	0.00314747
1.08189	0.00351956
1.11325	0.00391629
1.14461	0.00433764
1.17597	0.00478382
1.20733	0.00525543
1.23868	0.00575372
1.27004	0.0062808
1.3014	0.00683993
1.33276	0.00743581
1.36412	0.00807487
1.39548	0.00876565
1.42684	0.00951904
1.4582	0.0103486
1.48956	0.011271
1.52092	0.0123057
1.55228	0.0134758
1.58363	0.0148075
1.61499	0.0163301
1.64635	0.018076
1.67771	0.0200798
1.70907	0.0223783
1.74043	0.025009
1.77179	0.0280095
1.80315	0.0314161
1.83451	0.0352626
1.86587	0.0395784
1.89723	0.0443869
1.92858	0.049704
1.95994	0.0555358
1.9913	0.0618778
2.02266	0.0687605
2.05402	0.0763474
2.08538	0.0846346
2.11674	0.0935978
2.1481	0.103188
2.17946	0.113327
2.21082	0.123902
2.24218	0.134763
2.27353	0.14572
2.30489	0.156535
2.33625	0.166931
2.36761	0.176581
2.39897	0.185123
2.43033	0.192161
2.46169	0.197274
2.49305	0.200037
2.50873	0.200037
