-0.0156795	2.82378e-07
0.0156795	2.82378e-07
0.0470386	3.24257e-07
0.0783977	4.12904e-07
0.109757	5.58495e-07
0.141116	7.77302e-07
0.172475	1.09295e-06
0.203834	1.53817e-06
0.235193	2.15704e-06
0.266552	3.00791e-06
0.297911	4.16692e-06
0.32927	5.73224e-06
0.36063	7.82919e-06
0.391989	1.0616e-05
0.423348	1.42905e-05
0.454707	1.90976e-05
0.486066	2.53375e-05
0.517425	3.33745e-05
0.548784	4.36458e-05
0.580143	5.66707e-05
0.611502	7.30602e-05
0.642861	9.35244e-05
0.674221	0.00011888
0.70558	0.000150058
0.736939	0.0001881
0.768298	0.00023417
0.799657	0.000289541
0.831016	0.000355599
0.862375	0.000433828
0.893734	0.000525801
0.925093	0.000633169
0.956452	0.000757644
0.987811	0.000900988
1.01917	0.001065
1.05053	0.00125154
1.08189	0.00146247
1.11325	0.00169976
1.14461	0.00196547
1.17597	0.00226185
1.20733	0.0025914
1.23868	0.00295704
1.27004	0.00336224
1.3014	0.00381125
1.33276	0.00430932
1.36412	0.00486301
1.39548	0.0054805
1.42684	0.00617195
1.4582	0.00694986
1.48956	0.0078294
1.52092	0.00882883
1.55228	0.0099697
1.58363	0.0112772
1.61499	0.01278
1.64635	0.0145108
1.67771	0.0165052
1.70907	0.0188024
1.74043	0.0214435
1.77179	0.0244712
1.80315	0.0279286
1.83451	0.0318572
1.86587	0.0362957
1.89723	0.041278
1.92858	0.0468305
1.95994	0.0529705
1.9913	0.0597036
2.02266	0.0670731
2.05402	0.0752661
2.08538	0.0842916
2.11674	0.0941362
2.1481	0.104757
2.17946	0.116078
2.21082	0.127978
2.24218	0.140294
2.27353	0.152806
2.30489	0.16524
2.33625	0.177264
2.36761	0.188487
2.39897	0.198468
2.43033	0.206722
2.46169	0.212736
2.49305	0.215993
2.50873	0.215993
