-0.0156795	1.28051e-06
0.0156795	1.28051e-06
0.0470386	1.44099e-06
0.0783977	1.77702e-06
0.109757	2.31967e-06
0.141116	3.11773e-06
0.172475	4.24038e-06
0.203834	5.78079e-06
0.235193	7.86066e-06
0.266552	1.06356e-05
0.297911	1.43016e-05
0.32927	1.9102e-05
0.36063	2.53357e-05
0.391989	3.33655e-05
0.423348	4.36272e-05
0.454707	5.66382e-05
0.486066	7.30062e-05
0.517425	9.34371e-05
0.548784	0.000118741
0.580143	0.000149838
0.611502	0.000187756
0.642861	0.000233636
0.674221	0.00028872
0.70558	0.000354345
0.736939	0.000431927
0.768298	0.000522945
0.799657	0.000628912
0.831016	0.00075135
0.862375	0.000891755
0.893734	0.00105157
0.925093	0.00123214
0.956452	0.00143469
0.987811	0.0016603
1.01917	0.00190988
1.05053	0.00218415
1.08189	0.00248368
1.11325	0.0028089
1.14461	0.00316016
1.17597	0.00353784
1.20733	0.00394241
1.23868	0.00437465
1.27004	0.00483583
1.3014	0.00532794
1.33276	0.00585398
1.36412	0.00641829
1.39548	0.00702693
1.42684	0.00768805
1.4582	0.00841231
1.48956	0.00921331
1.52092	0.010108
1.55228	0.011117
1.58363	0.012265
1.61499	0.0135809
1.64635	0.0150978
1.67771	0.0168531
1.70907	0.0188878
1.74043	0.0212464
1.77179	0.0239757
1.80315	0.0271238
1.83451	0.0307385
1.86587	0.0348655
1.89723	0.0395467
1.92858	0.044817
1.95994	0.0507027
1.9913	0.0572185
2.02266	0.064415
2.05402	0.072485
2.08538	0.0814486
2.11674	0.0913023
2.1481	0.102012
2.17946	0.113507
2.21082	0.125671
2.24218	0.138337
2.27353	0.151278
2.30489	0.164204
2.33625	0.176762
2.36761	0.188532
2.39897	0.199036
2.43033	0.207747
2.46169	0.214108
2.49305	0.217556
2.50873	0.217556
