-0.0156795	0.155412
0.0156795	0.155412
0.0470386	0.154805
0.0783977	0.153594
0.109757	0.151783
0.141116	0.14938
0.172475	0.146398
0.203834	0.142853
0.235193	0.138768
0.266552	0.134171
0.297911	0.129098
0.32927	0.123593
0.36063	0.117704
0.391989	0.111489
0.423348	0.105012
0.454707	0.0983391
0.486066	0.0915419
0.517425	0.084693
0.548784	0.0778645
0.580143	0.0711265
0.611502	0.0645452
0.642861	0.0581811
0.674221	0.0520875
0.70558	0.0463098
0.736939	0.0408843
0.768298	0.0358383
0.799657	0.0311896
0.831016	0.0269471
0.862375	0.0231115
0.893734	0.0196756
0.925093	0.0166262
0.956452	0.0139445
0.987811	0.0116074
1.01917	0.00958913
1.05053	0.00786171
1.08189	0.00639642
1.11325	0.00516449
1.14461	0.00413788
1.17597	0.00328989
1.20733	0.00259554
1.23868	0.00203194
1.27004	0.00157842
1.3014	0.00121664
1.33276	0.000930508
1.36412	0.000706146
1.39548	0.000531717
1.42684	0.00039726
1.4582	0.000294493
1.48956	0.00021661
1.52092	0.000158082
1.55228	0.000114468
1.58363	8.22404e-05
1.61499	5.86246e-05
1.64635	4.14637e-05
1.67771	2.90971e-05
1.70907	2.02592e-05
1.74043	1.39954e-05
1.77179	9.59269e-06
1.80315	6.52367e-06
1.83451	4.40195e-06
1.86587	2.94725e-06
1.89723	1.95815e-06
1.92858	1.29133e-06
1.95994	8.45735e-07
1.9913	5.50859e-07
2.02266	3.56675e-07
2.05402	2.27516e-07
2.08538	1.42871e-07
2.11674	8.82524e-08
2.1481	5.35672e-08
2.17946	3.19202e-08
2.21082	1.86231e-08
2.24218	1.06109e-08
2.27353	5.94605e-09
2.30489	3.29319e-09
2.33625	1.80282e-09
2.36761	9.76459e-10
2.39897	5.24977e-10
2.43033	2.83404e-10
2.46169	1.60448e-10
2.49305	1.08366e-10
2.50873	1.08366e-10
