-0.0156795	6.10367e-07
0.0156795	6.10367e-07
0.0470386	6.9372e-07
0.0783977	8.69173e-07
0.109757	1.15488e-06
0.141116	1.57956e-06
0.172475	2.18445e-06
0.203834	3.02585e-06
0.235193	4.17845e-06
0.266552	5.7394e-06
0.297911	7.83326e-06
0.32927	1.06177e-05
0.36063	1.429e-05
0.391989	1.90948e-05
0.423348	2.53316e-05
0.454707	3.33638e-05
0.486066	4.36277e-05
0.517425	5.6641e-05
0.548784	7.30122e-05
0.580143	9.34478e-05
0.611502	0.000118759
0.642861	0.000149867
0.674221	0.000187804
0.70558	0.000233712
0.736939	0.000288841
0.768298	0.000354535
0.799657	0.000432224
0.831016	0.000523403
0.862375	0.000629613
0.893734	0.000752414
0.925093	0.000893359
0.956452	0.00105397
0.987811	0.0012357
1.01917	0.00143992
1.05053	0.00166793
1.08189	0.00192092
1.11325	0.00219999
1.14461	0.00250622
1.17597	0.00284072
1.20733	0.00320472
1.23868	0.0035997
1.27004	0.00402759
1.3014	0.00449097
1.33276	0.00499336
1.36412	0.00553949
1.39548	0.00613571
1.42684	0.00679032
1.4582	0.00751407
1.48956	0.00832051
1.52092	0.00922646
1.55228	0.0102524
1.58363	0.0114228
1.61499	0.0127662
1.64635	0.0143157
1.67771	0.0161086
1.70907	0.0181858
1.74043	0.0205921
1.77179	0.0233744
1.80315	0.0265813
1.83451	0.0302611
1.86587	0.0344603
1.89723	0.0392213
1.92858	0.04458
1.95994	0.0505636
1.9913	0.0571872
2.02266	0.064503
2.05402	0.0727076
2.08538	0.0818221
2.11674	0.0918435
2.1481	0.102738
2.17946	0.114435
2.21082	0.126815
2.24218	0.139709
2.27353	0.152887
2.30489	0.166054
2.33625	0.178848
2.36761	0.190842
2.39897	0.201547
2.43033	0.210427
2.46169	0.216912
2.49305	0.220428
2.50873	0.220428
