-0.0156795	7.16818e-06
0.0156795	7.16818e-06
0.0470386	7.88122e-06
0.0783977	9.3562e-06
0.109757	1.16924e-05
0.141116	1.50427e-05
0.172475	1.96178e-05
0.203834	2.5692e-05
0.235193	3.36097e-05
0.266552	4.37932e-05
0.297911	5.67499e-05
0.32927	7.30805e-05
0.36063	9.34855e-05
0.391989	0.000118771
0.423348	0.000149855
0.454707	0.000187762
0.486066	0.000233632
0.517425	0.000288704
0.548784	0.000354314
0.580143	0.000431874
0.611502	0.000522858
0.642861	0.000628772
0.674221	0.000751127
0.70558	0.000891406
0.736939	0.00105103
0.768298	0.00123131
0.799657	0.00143342
0.831016	0.00165837
0.862375	0.00190697
0.893734	0.0021798
0.925093	0.00247725
0.956452	0.00279945
0.987811	0.00314641
1.01917	0.00351795
1.05053	0.00391389
1.08189	0.00433409
1.11325	0.00477859
1.14461	0.0052478
1.17597	0.00574268
1.20733	0.00626496
1.23868	0.00681739
1.27004	0.00740398
1.3014	0.00803032
1.33276	0.00870379
1.36412	0.00943386
1.39548	0.0102323
1.42684	0.0111135
1.4582	0.0120942
1.48956	0.0131941
1.52092	0.0144355
1.55228	0.015843
1.58363	0.0174435
1.61499	0.0192657
1.64635	0.0213392
1.67771	0.0236942
1.70907	0.0263603
1.74043	0.0293654
1.77179	0.032735
1.80315	0.0364904
1.83451	0.0406479
1.86587	0.0452173
1.89723	0.0502009
1.92858	0.0555924
1.95994	0.061376
1.9913	0.0675259
2.02266	0.0740516
2.05402	0.0810848
2.08538	0.0885967
2.11674	0.0965418
2.1481	0.104857
2.17946	0.113458
2.21082	0.122241
2.24218	0.131077
2.27353	0.139815
2.30489	0.148282
2.33625	0.15628
2.36761	0.16359
2.39897	0.169972
2.43033	0.175171
2.46169	0.178917
2.49305	0.18093
2.50873	0.18093
