-0.0156795	2.60764e-06
0.0156795	2.60764e-06
0.0470386	2.90647e-06
0.0783977	3.52907e-06
0.109757	4.52649e-06
0.141116	5.97826e-06
0.172475	7.99589e-06
0.203834	1.07275e-05
0.235193	1.43635e-05
0.266552	1.91434e-05
0.297911	2.53631e-05
0.32927	3.33835e-05
0.36063	4.36388e-05
0.391989	5.66454e-05
0.423348	7.30103e-05
0.454707	9.34388e-05
0.486066	0.000118741
0.517425	0.000149835
0.548784	0.00018775
0.580143	0.000233625
0.611502	0.000288702
0.642861	0.000354315
0.674221	0.000431879
0.70558	0.000522869
0.736939	0.000628791
0.768298	0.000751159
0.799657	0.000891459
0.831016	0.00105111
0.862375	0.00123144
0.893734	0.00143363
0.925093	0.0016587
0.956452	0.00190748
0.987811	0.00218059
1.01917	0.00247845
1.05053	0.00280127
1.08189	0.00314913
1.11325	0.003522
1.14461	0.00391986
1.17597	0.00434283
1.20733	0.00479128
1.23868	0.00526608
1.27004	0.0057688
1.3014	0.00630197
1.33276	0.00686941
1.36412	0.0074765
1.39548	0.00813058
1.42684	0.00884128
1.4582	0.00962086
1.48956	0.0104846
1.52092	0.0114509
1.55228	0.0125419
1.58363	0.0137831
1.61499	0.0152039
1.64635	0.0168371
1.67771	0.0187187
1.70907	0.0208877
1.74043	0.0233847
1.77179	0.0262518
1.80315	0.0295306
1.83451	0.0332613
1.86587	0.0374805
1.89723	0.0422199
1.92858	0.047504
1.95994	0.0533479
1.9913	0.0597553
2.02266	0.0667656
2.05402	0.0745549
2.08538	0.0831298
2.11674	0.0924749
2.1481	0.102548
2.17946	0.113273
2.21082	0.124537
2.24218	0.136182
2.27353	0.148
2.30489	0.159733
2.33625	0.171069
2.36761	0.181641
2.39897	0.191035
2.43033	0.1988
2.46169	0.204456
2.49305	0.207517
2.50873	0.207517
