-0.0156795	7.69861e-05
0.0156795	7.69861e-05
0.0470386	8.19658e-05
0.0783977	9.2097e-05
0.109757	0.000107722
0.141116	0.000129352
0.172475	0.00015766
0.203834	0.000193478
0.235193	0.000237787
0.266552	0.000291702
0.297911	0.000356461
0.32927	0.000433401
0.36063	0.000523935
0.391989	0.000629525
0.423348	0.00075165
0.454707	0.000891765
0.486066	0.00105127
0.517425	0.00123147
0.548784	0.00143352
0.580143	0.00165842
0.611502	0.00190698
0.642861	0.00217978
0.674221	0.00247718
0.70558	0.00279933
0.736939	0.00314619
0.768298	0.00351761
0.799657	0.00391335
0.831016	0.00433325
0.862375	0.0047773
0.893734	0.00524585
0.925093	0.00573974
0.956452	0.00626057
0.987811	0.00681088
1.01917	0.00739441
1.05053	0.00801635
1.08189	0.00868357
1.11325	0.00940483
1.14461	0.010191
1.17597	0.011055
1.20733	0.0120122
1.23868	0.0130801
1.27004	0.0142781
1.3014	0.0156275
1.33276	0.0171507
1.36412	0.018871
1.39548	0.0208114
1.42684	0.0229939
1.4582	0.0254386
1.48956	0.0281618
1.52092	0.0311757
1.55228	0.0344864
1.58363	0.0380928
1.61499	0.0419856
1.64635	0.0461458
1.67771	0.050545
1.70907	0.0551437
1.74043	0.0598927
1.77179	0.0647324
1.80315	0.0695946
1.83451	0.0744039
1.86587	0.0790794
1.89723	0.0835376
1.92858	0.0876948
1.95994	0.0914708
1.9913	0.0947915
2.02266	0.0976125
2.05402	0.0999311
2.08538	0.101673
2.11674	0.102776
2.1481	0.103195
2.17946	0.102907
2.21082	0.101918
2.24218	0.100266
2.27353	0.0980281
2.30489	0.0953212
2.33625	0.092303
2.36761	0.0891708
2.39897	0.086156
2.43033	0.0835138
2.46169	0.0815095
2.49305	0.0803979
2.50873	0.0803979
