-0.0156795	0.00012964
0.0156795	0.00012964
0.0470386	0.000137059
0.0783977	0.0001521
0.109757	0.000175162
0.141116	0.000206841
0.172475	0.00024791
0.203834	0.000299312
0.235193	0.000362137
0.266552	0.000437602
0.297911	0.00052702
0.32927	0.000631774
0.36063	0.000753276
0.391989	0.000892932
0.423348	0.0010521
0.454707	0.00123205
0.486066	0.00143393
0.517425	0.00165871
0.548784	0.00190718
0.580143	0.00217992
0.611502	0.00247727
0.642861	0.00279939
0.674221	0.00314623
0.70558	0.00351763
0.736939	0.00391337
0.768298	0.00433326
0.799657	0.00477731
0.831016	0.00524585
0.862375	0.00573974
0.893734	0.00626057
0.925093	0.00681087
0.956452	0.0073944
0.987811	0.00801634
1.01917	0.00868355
1.05053	0.0094048
1.08189	0.0101909
1.11325	0.0110549
1.14461	0.0120121
1.17597	0.0130799
1.20733	0.0142778
1.23868	0.015627
1.27004	0.01715
1.3014	0.0188699
1.33276	0.0208098
1.36412	0.0229915
1.39548	0.025435
1.42684	0.0281566
1.4582	0.0311681
1.48956	0.0344754
1.52092	0.038077
1.55228	0.041963
1.58363	0.046114
1.61499	0.0505004
1.64635	0.0550819
1.67771	0.0598075
1.70907	0.064616
1.74043	0.0694371
1.77179	0.0741924
1.80315	0.0787977
1.83451	0.0831656
1.86587	0.0872077
1.89723	0.0908383
1.92858	0.0939774
1.95994	0.0965537
1.9913	0.0985082
2.02266	0.0998056
2.05402	0.100424
2.08538	0.10031
2.11674	0.0994258
2.1481	0.0977587
2.17946	0.0953228
2.21082	0.092165
2.24218	0.0883681
2.27353	0.0840538
2.30489	0.0793846
2.33625	0.0745627
2.36761	0.0698277
2.39897	0.0654511
2.43033	0.0617267
2.46169	0.0589581
2.49305	0.0574412
2.50873	0.0574412
