-0.0156795	3.338e-05
0.0156795	3.338e-05
0.0470386	3.59434e-05
0.0783977	4.11889e-05
0.109757	4.93547e-05
0.141116	6.08004e-05
0.172475	7.60083e-05
0.203834	9.55859e-05
0.235193	0.000120267
0.266552	0.000150911
0.297911	0.000188504
0.32927	0.000234148
0.36063	0.000289061
0.391989	0.000354558
0.423348	0.00043204
0.454707	0.00052297
0.486066	0.000628846
0.517425	0.000751175
0.548784	0.000891436
0.580143	0.00105104
0.611502	0.00123131
0.642861	0.00143341
0.674221	0.00165835
0.70558	0.00190694
0.736939	0.00217975
0.768298	0.00247716
0.799657	0.00279931
0.831016	0.00314618
0.862375	0.0035176
0.893734	0.00391335
0.925093	0.00433325
0.956452	0.00477731
0.987811	0.00524586
1.01917	0.00573977
1.05053	0.00626062
1.08189	0.00681096
1.11325	0.00739454
1.14461	0.00801656
1.17597	0.0086839
1.20733	0.00940534
1.23868	0.0101918
1.27004	0.0110562
1.3014	0.012014
1.33276	0.0130828
1.36412	0.0142822
1.39548	0.0156335
1.42684	0.0171595
1.4582	0.0188837
1.48956	0.0208297
1.52092	0.0230201
1.55228	0.0254756
1.58363	0.0282138
1.61499	0.0312483
1.64635	0.0345867
1.67771	0.0382303
1.70907	0.0421726
1.74043	0.0463981
1.77179	0.0508824
1.80315	0.0555914
1.83451	0.0604816
1.86587	0.0655007
1.89723	0.0705887
1.92858	0.0756791
1.95994	0.0807014
1.9913	0.0855831
2.02266	0.0902853
2.05402	0.0948485
2.08538	0.0991942
2.11674	0.103244
2.1481	0.106925
2.17946	0.110171
2.21082	0.11293
2.24218	0.115171
2.27353	0.116883
2.30489	0.118083
2.33625	0.118816
2.36761	0.119157
2.39897	0.119205
2.43033	0.119075
2.46169	0.118889
2.49305	0.118758
2.50873	0.118758
