-0.0156795	2.4901e-05
0.0156795	2.4901e-05
0.0470386	2.692e-05
0.0783977	3.10598e-05
0.109757	3.75258e-05
0.141116	4.66285e-05
0.172475	5.87872e-05
0.203834	7.45332e-05
0.235193	9.45136e-05
0.266552	0.000119493
0.297911	0.000150358
0.32927	0.000188111
0.36063	0.000233871
0.391989	0.000288867
0.423348	0.000354424
0.454707	0.000431948
0.486066	0.000522907
0.517425	0.000628803
0.548784	0.000751147
0.580143	0.000891417
0.611502	0.00105103
0.642861	0.0012313
0.674221	0.00143341
0.70558	0.00165835
0.736939	0.00190694
0.768298	0.00217975
0.799657	0.00247716
0.831016	0.00279932
0.862375	0.00314619
0.893734	0.00351761
0.925093	0.00391336
0.956452	0.00433327
0.987811	0.00477733
1.01917	0.0052459
1.05053	0.00573983
1.08189	0.00626071
1.11325	0.0068111
1.14461	0.00739475
1.17597	0.00801688
1.20733	0.00868439
1.23868	0.00940609
1.27004	0.0101929
1.3014	0.0110579
1.33276	0.0120165
1.36412	0.0130864
1.39548	0.0142873
1.42684	0.0156409
1.4582	0.0171701
1.48956	0.0188988
1.52092	0.0208509
1.55228	0.0230495
1.58363	0.0255163
1.61499	0.0282695
1.64635	0.0313239
1.67771	0.0346885
1.70907	0.0383663
1.74043	0.0423525
1.77179	0.0466342
1.80315	0.0511896
1.83451	0.0559877
1.86587	0.0609885
1.89723	0.0661435
1.92858	0.0713965
1.95994	0.0766856
1.9913	0.0819443
2.02266	0.0871406
2.05402	0.0923324
2.08538	0.0974468
2.11674	0.102407
2.1481	0.107136
2.17946	0.11156
2.21082	0.115611
2.24218	0.119235
2.27353	0.122391
2.30489	0.125056
2.33625	0.127232
2.36761	0.128936
2.39897	0.130208
2.43033	0.131098
2.46169	0.131659
2.49305	0.131933
2.50873	0.131933
