-0.0156795	0.000100261
0.0156795	0.000100261
0.0470386	0.000106366
0.0783977	0.000118765
0.109757	0.000137831
0.141116	0.00016412
0.172475	0.000198362
0.203834	0.00024145
0.235193	0.000294429
0.266552	0.000358474
0.297911	0.000434876
0.32927	0.000525007
0.36063	0.000630299
0.391989	0.000752204
0.423348	0.000892159
0.454707	0.00105155
0.486066	0.00123166
0.517425	0.00143365
0.548784	0.00165852
0.580143	0.00190705
0.611502	0.00217982
0.642861	0.00247721
0.674221	0.00279935
0.70558	0.0031462
0.736939	0.00351761
0.768298	0.00391335
0.799657	0.00433325
0.831016	0.0047773
0.862375	0.00524585
0.893734	0.00573974
0.925093	0.00626057
0.956452	0.00681087
0.987811	0.0073944
1.01917	0.00801634
1.05053	0.00868356
1.08189	0.00940481
1.11325	0.0101909
1.14461	0.011055
1.17597	0.0120121
1.20733	0.01308
1.23868	0.0142779
1.27004	0.0156272
1.3014	0.0171502
1.33276	0.0188703
1.36412	0.0208103
1.39548	0.0229923
1.42684	0.0254361
1.4582	0.0281582
1.48956	0.0311706
1.52092	0.034479
1.55228	0.0380822
1.58363	0.0419705
1.61499	0.0461247
1.64635	0.0505155
1.67771	0.055103
1.70907	0.059837
1.74043	0.0646567
1.77179	0.0694928
1.80315	0.074268
1.83451	0.0788995
1.86587	0.0833015
1.89723	0.0873876
1.92858	0.0910744
1.95994	0.0942846
1.9913	0.09695
2.02266	0.0990296
2.05402	0.10051
2.08538	0.101326
2.11674	0.101426
2.1481	0.10078
2.17946	0.0993844
2.21082	0.0972642
2.24218	0.0944817
2.27353	0.0911376
2.30489	0.087374
2.33625	0.0833744
2.36761	0.0793615
2.39897	0.0755914
2.43033	0.0723441
2.46169	0.0699099
2.49305	0.0685693
2.50873	0.0685693
