-0.0156795	1.35574e-05
0.0156795	1.35574e-05
0.0470386	1.47779e-05
0.0783977	1.72913e-05
0.109757	2.12438e-05
0.141116	2.68586e-05
0.172475	3.44403e-05
0.203834	4.438e-05
0.235193	5.71612e-05
0.266552	7.33666e-05
0.297911	9.3683e-05
0.32927	0.000118907
0.36063	0.000149946
0.391989	0.000187824
0.423348	0.000233674
0.454707	0.000288732
0.486066	0.000354332
0.517425	0.000431886
0.548784	0.000522865
0.580143	0.000628776
0.611502	0.000751129
0.642861	0.000891406
0.674221	0.00105102
0.70558	0.0012313
0.736939	0.00143341
0.768298	0.00165835
0.799657	0.00190694
0.831016	0.00217976
0.862375	0.00247717
0.893734	0.00279933
0.925093	0.00314622
0.956452	0.00351765
0.987811	0.00391344
1.01917	0.00433339
1.05053	0.00477752
1.08189	0.0052462
1.11325	0.00574028
1.14461	0.00626141
1.17597	0.00681216
1.20733	0.00739636
1.23868	0.00801928
1.27004	0.00868795
1.3014	0.00941132
1.33276	0.0102005
1.36412	0.0110689
1.39548	0.0120323
1.42684	0.0131089
1.4582	0.0143192
1.48956	0.0156855
1.52092	0.017232
1.55228	0.018984
1.58363	0.0209672
1.61499	0.0232071
1.64635	0.0257278
1.67771	0.0285513
1.70907	0.0316959
1.74043	0.0351757
1.77179	0.0389987
1.80315	0.0431666
1.83451	0.0476733
1.86587	0.0525044
1.89723	0.0576369
1.92858	0.0630392
1.95994	0.0686711
1.9913	0.0744845
2.02266	0.0804663
2.05402	0.0867117
2.08538	0.0931665
2.11674	0.099766
2.1481	0.106435
2.17946	0.113091
2.21082	0.119643
2.24218	0.125994
2.27353	0.132046
2.30489	0.137699
2.33625	0.142851
2.36761	0.147405
2.39897	0.151262
2.43033	0.154323
2.46169	0.156483
2.49305	0.157629
2.50873	0.157629
