-0.0156795	4.44224e-05
0.0156795	4.44224e-05
0.0470386	4.76489e-05
0.0783977	5.42383e-05
0.109757	6.44634e-05
0.141116	7.87345e-05
0.172475	9.75991e-05
0.203834	0.000121742
0.235193	0.000151984
0.266552	0.000189277
0.297911	0.000234702
0.32927	0.000289454
0.36063	0.000354835
0.391989	0.000432234
0.423348	0.000523104
0.454707	0.000628939
0.486066	0.000751239
0.517425	0.000891479
0.548784	0.00105107
0.580143	0.00123133
0.611502	0.00143343
0.642861	0.00165836
0.674221	0.00190694
0.70558	0.00217975
0.736939	0.00247716
0.768298	0.00279931
0.799657	0.00314618
0.831016	0.0035176
0.862375	0.00391335
0.893734	0.00433325
0.925093	0.0047773
0.956452	0.00524585
0.987811	0.00573975
1.01917	0.00626059
1.05053	0.00681091
1.08189	0.00739446
1.11325	0.00801643
1.14461	0.00868369
1.17597	0.00940502
1.20733	0.0101913
1.23868	0.0110555
1.27004	0.0120129
1.3014	0.0130812
1.33276	0.0142797
1.36412	0.0156299
1.39548	0.0171543
1.42684	0.0188762
1.4582	0.020819
1.48956	0.023005
1.52092	0.0254544
1.55228	0.0281844
1.58363	0.0312076
1.61499	0.034531
1.64635	0.0381547
1.67771	0.0420707
1.70907	0.0462622
1.74043	0.0507025
1.77179	0.0553553
1.80315	0.0601744
1.83451	0.0651044
1.86587	0.0700818
1.89723	0.0750364
1.92858	0.0798936
1.95994	0.0845767
1.9913	0.0890096
2.02266	0.0931489
2.05402	0.0970191
2.08538	0.100539
2.11674	0.103634
2.1481	0.106234
2.17946	0.108288
2.21082	0.109761
2.24218	0.110644
2.27353	0.110957
2.30489	0.110754
2.33625	0.110123
2.36761	0.109187
2.39897	0.108096
2.43033	0.107025
2.46169	0.106154
2.49305	0.105651
2.50873	0.105651
