-0.0156795	5.86913e-05
0.0156795	5.86913e-05
0.0470386	6.27173e-05
0.0783977	7.09235e-05
0.109757	8.3618e-05
0.141116	0.000101262
0.172475	0.000124468
0.203834	0.000153997
0.235193	0.000190752
0.266552	0.000235774
0.297911	0.000290227
0.32927	0.000355389
0.36063	0.000432627
0.391989	0.000523381
0.423348	0.000629132
0.454707	0.000751373
0.486066	0.000891572
0.517425	0.00105114
0.548784	0.00123137
0.580143	0.00143346
0.611502	0.00165838
0.642861	0.00190696
0.674221	0.00217976
0.70558	0.00247717
0.736939	0.00279932
0.768298	0.00314618
0.799657	0.0035176
0.831016	0.00391335
0.862375	0.00433325
0.893734	0.0047773
0.925093	0.00524585
0.956452	0.00573974
0.987811	0.00626057
1.01917	0.00681088
1.05053	0.00739442
1.08189	0.00801637
1.11325	0.00868361
1.14461	0.00940489
1.17597	0.0101911
1.20733	0.0110551
1.23868	0.0120124
1.27004	0.0130804
1.3014	0.0142786
1.33276	0.0156282
1.36412	0.0171518
1.39548	0.0188727
1.42684	0.0208138
1.4582	0.0229975
1.48956	0.0254437
1.52092	0.0281693
1.55228	0.0311864
1.58363	0.0345015
1.61499	0.038114
1.64635	0.042015
1.67771	0.0461865
1.70907	0.0506007
1.74043	0.0552194
1.77179	0.0599945
1.80315	0.0648683
1.83451	0.0697745
1.86587	0.07464
1.89723	0.0793867
1.92858	0.0839339
1.95994	0.0882017
1.9913	0.0921135
2.02266	0.0956239
2.05402	0.0987429
2.08538	0.101391
2.11674	0.103498
2.1481	0.105005
2.17946	0.105874
2.21082	0.10609
2.24218	0.105667
2.27353	0.104655
2.30489	0.103142
2.33625	0.101252
2.36761	0.0991507
2.39897	0.0970333
2.43033	0.0951197
2.46169	0.0936386
2.49305	0.0928076
2.50873	0.0928076
