-0.0156795	9.89438e-06
0.0156795	9.89438e-06
0.0470386	1.08312e-05
0.0783977	1.27648e-05
0.109757	1.58163e-05
0.141116	2.01714e-05
0.172475	2.60851e-05
0.203834	3.38867e-05
0.235193	4.39868e-05
0.266552	5.68842e-05
0.297911	7.31729e-05
0.32927	9.35486e-05
0.36063	0.000118814
0.391989	0.000149883
0.423348	0.000187782
0.454707	0.000233645
0.486066	0.000288713
0.517425	0.000354319
0.548784	0.000431878
0.580143	0.00052286
0.611502	0.000628773
0.642861	0.000751127
0.674221	0.000891405
0.70558	0.00105102
0.736939	0.0012313
0.768298	0.00143341
0.799657	0.00165836
0.831016	0.00190695
0.862375	0.00217977
0.893734	0.00247719
0.925093	0.00279937
0.956452	0.00314627
0.987811	0.00351774
1.01917	0.00391357
1.05053	0.0043336
1.08189	0.00477785
1.11325	0.00524669
1.14461	0.00574103
1.17597	0.00626252
1.20733	0.00681382
1.23868	0.0073988
1.27004	0.00802286
1.3014	0.00869313
1.33276	0.00941878
1.36412	0.0102112
1.39548	0.011084
1.42684	0.0120535
1.4582	0.0131384
1.48956	0.0143599
1.52092	0.0157412
1.55228	0.0173076
1.58363	0.0190858
1.61499	0.0211031
1.64635	0.023387
1.67771	0.0259639
1.70907	0.0288585
1.74043	0.0320923
1.77179	0.0356826
1.80315	0.0396414
1.83451	0.0439744
1.86587	0.0486797
1.89723	0.0537472
1.92858	0.0591581
1.95994	0.0648844
1.9913	0.070889
2.02266	0.0771699
2.05402	0.0838409
2.08538	0.0908601
2.11674	0.0981719
2.1481	0.105706
2.17946	0.113379
2.21082	0.121091
2.24218	0.128729
2.27353	0.136168
2.30489	0.143268
2.33625	0.149879
2.36761	0.155843
2.39897	0.160989
2.43033	0.16514
2.46169	0.168107
2.49305	0.169694
2.50873	0.169694
