-0.0156795	1.8441e-05
0.0156795	1.8441e-05
0.0470386	2.00175e-05
0.0783977	2.32569e-05
0.109757	2.83337e-05
0.141116	3.55126e-05
0.172475	4.51535e-05
0.203834	5.77149e-05
0.235193	7.37597e-05
0.266552	9.396e-05
0.297911	0.0001191
0.32927	0.000150081
0.36063	0.000187917
0.391989	0.000233737
0.423348	0.000288775
0.454707	0.000354361
0.486066	0.000431905
0.517425	0.000522878
0.548784	0.000628784
0.580143	0.000751134
0.611502	0.000891409
0.642861	0.00105103
0.674221	0.0012313
0.70558	0.00143341
0.736939	0.00165835
0.768298	0.00190694
0.799657	0.00217975
0.831016	0.00247716
0.862375	0.00279932
0.893734	0.00314619
0.925093	0.00351762
0.956452	0.00391338
0.987811	0.0043333
1.01917	0.00477739
1.05053	0.00524599
1.08189	0.00573996
1.11325	0.00626092
1.14461	0.00681142
1.17597	0.00739524
1.20733	0.00801763
1.23868	0.00868551
1.27004	0.00940774
1.3014	0.0101953
1.33276	0.0110614
1.36412	0.0120217
1.39548	0.0130939
1.42684	0.014298
1.4582	0.015656
1.48956	0.0171913
1.52092	0.0189283
1.55228	0.0208915
1.58363	0.0231052
1.61499	0.0255919
1.64635	0.0283714
1.67771	0.0314598
1.70907	0.0348684
1.74043	0.0386024
1.77179	0.0426597
1.80315	0.0470305
1.83451	0.0516965
1.86587	0.0566305
1.89723	0.0617964
1.92858	0.0671499
1.95994	0.0726394
1.9913	0.0782067
2.02266	0.0838287
2.05402	0.0895815
2.08538	0.0954005
2.11674	0.101214
2.1481	0.106944
2.17946	0.112511
2.21082	0.117834
2.24218	0.122838
2.27353	0.127451
2.30489	0.131613
2.33625	0.135274
2.36761	0.138395
2.39897	0.140948
2.43033	0.142911
2.46169	0.144261
2.49305	0.144965
2.50873	0.144965
