-0.0156795	0.145379
0.0156795	0.145379
0.0470386	0.144963
0.0783977	0.144128
0.109757	0.142866
0.141116	0.14117
0.172475	0.13903
0.203834	0.136438
0.235193	0.133388
0.266552	0.129881
0.297911	0.125923
0.32927	0.121527
0.36063	0.116717
0.391989	0.111526
0.423348	0.105994
0.454707	0.100173
0.486066	0.0941196
0.517425	0.087898
0.548784	0.0815759
0.580143	0.075223
0.611502	0.0689087
0.642861	0.0627001
0.674221	0.0566599
0.70558	0.0508446
0.736939	0.0453033
0.768298	0.0400765
0.799657	0.0351956
0.831016	0.0306827
0.862375	0.0265508
0.893734	0.0228042
0.925093	0.0194395
0.956452	0.0164463
0.987811	0.0138086
1.01917	0.0115056
1.05053	0.00951349
1.08189	0.007806
1.11325	0.00635573
1.14461	0.00513501
1.17597	0.00411671
1.20733	0.00327481
1.23868	0.00258488
1.27004	0.00202447
1.3014	0.00157324
1.33276	0.00121307
1.36412	0.000928066
1.39548	0.00070449
1.42684	0.000530604
1.4582	0.000396518
1.48956	0.000294002
1.52092	0.000216288
1.55228	0.000157873
1.58363	0.000114333
1.61499	8.21538e-05
1.64635	5.85696e-05
1.67771	4.14291e-05
1.70907	2.90755e-05
1.74043	2.02458e-05
1.77179	1.39873e-05
1.80315	9.58798e-06
1.83451	6.52105e-06
1.86587	4.40074e-06
1.89723	2.94708e-06
1.92858	1.95895e-06
1.95994	1.29319e-06
1.9913	8.49013e-07
2.02266	5.54094e-07
2.05402	3.563e-07
2.08538	2.25582e-07
2.11674	1.40504e-07
2.1481	8.60267e-08
2.17946	5.17123e-08
2.21082	3.04939e-08
2.24218	1.75769e-08
2.27353	9.8922e-09
2.30489	5.47731e-09
2.33625	2.99648e-09
2.36761	1.6209e-09
2.39897	8.69503e-10
2.43033	4.68039e-10
2.46169	2.63994e-10
2.49305	1.77613e-10
2.50873	1.77613e-10
