0	1
0.0313591	1
0.0627182	1
0.0940773	1
0.125436	1
0.156795	1
0.188155	1
0.219514	1
0.250873	1
0.282232	1
0.313591	1
0.34495	1
0.376309	1
0.407668	1
0.439027	1
0.470386	1
0.501746	1
0.533105	1
0.564464	1
0.595823	1
0.627182	1
0.658541	1
0.6899	1
0.721259	1
0.752618	1
0.783977	1
0.815336	1
0.846696	1
0.878055	1
0.909414	1
0.940773	1
0.972132	1
1.00349	1
1.03485	1
1.06621	1
1.09757	1
1.12893	1
1.16029	1
1.19165	1
1.223	1
1.25436	1
1.28572	1
1.31708	1
1.34844	1
1.3798	1
1.41116	1
1.44252	1
1.47388	1
1.50524	1
1.5366	1
1.56795	1
1.59931	1
1.63067	1
1.66203	1
1.69339	1
1.72475	1
1.75611	1
1.78747	1
1.81883	1
1.85019	1
1.88155	1
1.9129	1
1.94426	1
1.97562	1
2.00698	0.993018
2.03834	0.961659
2.0697	0.9303
2.10106	0.898941
2.13242	0.867582
2.16378	0.836223
2.19514	0.804863
2.2265	0.773504
2.25785	0.742145
2.28921	0.710786
2.32057	0.679427
2.35193	0.648068
2.38329	0.616709
2.41465	0.58535
2.44601	0.553991
2.47737	0.522632
2.50873	5.82867e-15
